ASPEN,CAPITEC,IMPLATS,GROWPNT,REINET,PROSUS,NORTHAM,ANGGOLD,BATS,EXXARO,WOOLIES,NASPERS-N-,CLICKS,BIDVEST,NEPIROCK,OMUTUAL,MR_PRICE,ABSAGROUP,SANLAM,REMGRO,GFIELDS,RICHEMONT,STANBANK,GLENCORE,SHOPRIT,MC_GROUP,INVLTD,MONDIPLC,BIDCORP,INVPLC,DISCOVERY,AMPLATS,ANGLO,FIRSTRAND,SIBANYE-S,NEDBANK,SASOL,SPAR,VODACOM,MTN_GROUP,BHP
70,0.0,788,1625,0.0,0.0,0.0,0.0,0.0,0.0,0.0,0.0,0.0,314,0.0,0.0,0.0,0.0,0.0,0.0,0.0,0.0,1100,0.0,0.0,0.0,760,0.0,0.0,0.0,0.0,8500,6456,0.0,0.0,0.0,1900,0.0,0.0,0.0,0.0
70,0.0,813,1625,0.0,0.0,0.0,21700.0,0.0,0.0,0.0,0.0,0.0,323,0.0,0.0,0.0,0.0,0.0,0.0,0.0,0.0,1100,0.0,0.0,0.0,760,0.0,0.0,0.0,0.0,8450,6415,0.0,0.0,2850.0,1875,0.0,0.0,0.0,0.0
70,0.0,819,1625,0.0,0.0,755.0,23850.0,0.0,0.0,0.0,0.0,0.0,323,0.0,0.0,0.0,0.0,0.0,0.0,0.0,0.0,1100,0.0,0.0,0.0,760,0.0,0.0,0.0,0.0,8450,6209,0.0,0.0,2900.0,1900,0.0,0.0,0.0,0.0
70,0.0,819,1625,0.0,0.0,810.0,24500.0,0.0,0.0,0.0,0.0,0.0,323,0.0,0.0,0.0,0.0,0.0,0.0,0.0,0.0,1100,0.0,0.0,0.0,760,0.0,0.0,0.0,0.0,8600,6209,0.0,0.0,2950.0,1900,0.0,0.0,0.0,0.0
70,0.0,819,1625,0.0,0.0,820.0,23900.0,0.0,0.0,0.0,0.0,0.0,325,0.0,0.0,0.0,0.0,0.0,0.0,0.0,0.0,1100,0.0,0.0,0.0,760,0.0,0.0,0.0,0.0,8200,6085,0.0,0.0,2900.0,1900,0.0,0.0,0.0,0.0
70,0.0,788,1625,0.0,0.0,800.0,23900.0,0.0,0.0,0.0,0.0,0.0,325,0.0,0.0,0.0,0.0,0.0,0.0,0.0,0.0,1100,0.0,0.0,0.0,760,0.0,0.0,0.0,0.0,8000,5687,0.0,0.0,2900.0,1900,0.0,0.0,0.0,0.0
70,0.0,750,1250,0.0,0.0,800.0,23150.0,0.0,0.0,0.0,0.0,0.0,323,0.0,0.0,0.0,0.0,0.0,0.0,0.0,0.0,1100,0.0,0.0,0.0,770,0.0,0.0,0.0,0.0,7700,5618,0.0,0.0,2925.0,1885,0.0,0.0,0.0,0.0
70,0.0,706,1250,0.0,0.0,815.0,22250.0,0.0,0.0,0.0,0.0,0.0,323,0.0,0.0,0.0,0.0,0.0,0.0,0.0,0.0,1100,0.0,0.0,0.0,770,0.0,0.0,0.0,0.0,7800,5385,0.0,0.0,2900.0,1900,0.0,0.0,0.0,0.0
70,0.0,725,1250,0.0,0.0,815.0,22800.0,0.0,0.0,0.0,0.0,0.0,323,0.0,0.0,0.0,0.0,0.0,0.0,0.0,0.0,1100,0.0,0.0,0.0,780,0.0,0.0,0.0,0.0,8000,5714,0.0,0.0,2875.0,1875,0.0,0.0,0.0,0.0
70,0.0,738,1250,0.0,0.0,825.0,21500.0,0.0,0.0,0.0,0.0,0.0,320,0.0,0.0,0.0,0.0,0.0,0.0,0.0,0.0,1100,0.0,0.0,0.0,780,0.0,0.0,0.0,0.0,7850,5879,0.0,0.0,2800.0,1885,0.0,0.0,0.0,0.0
70,0.0,738,1250,0.0,0.0,825.0,21650.0,0.0,0.0,0.0,0.0,0.0,323,0.0,0.0,0.0,0.0,0.0,0.0,0.0,0.0,1100,0.0,0.0,0.0,800,0.0,0.0,0.0,0.0,7800,5865,0.0,0.0,2775.0,1910,0.0,0.0,0.0,0.0
70,0.0,722,1250,0.0,0.0,825.0,21350.0,0.0,0.0,0.0,0.0,0.0,323,0.0,0.0,0.0,0.0,0.0,0.0,0.0,0.0,1100,0.0,0.0,0.0,860,0.0,0.0,0.0,0.0,7800,5742,0.0,0.0,2800.0,1925,0.0,0.0,0.0,0.0
70,0.0,722,1250,0.0,0.0,850.0,21400.0,0.0,0.0,0.0,0.0,0.0,317,0.0,0.0,0.0,0.0,0.0,0.0,0.0,0.0,1120,0.0,0.0,0.0,880,0.0,0.0,0.0,0.0,7700,5769,0.0,0.0,2875.0,1925,0.0,0.0,0.0,0.0
70,0.0,713,1250,0.0,0.0,875.0,21450.0,0.0,0.0,0.0,0.0,0.0,314,0.0,0.0,0.0,0.0,0.0,0.0,0.0,0.0,1120,0.0,0.0,0.0,880,0.0,0.0,0.0,0.0,7650,5522,0.0,0.0,2875.0,1950,0.0,0.0,0.0,0.0
70,0.0,700,1375,0.0,0.0,885.0,21850.0,0.0,0.0,0.0,0.0,0.0,317,0.0,0.0,0.0,0.0,0.0,0.0,0.0,0.0,1120,0.0,0.0,0.0,880,0.0,0.0,0.0,0.0,7700,5357,0.0,0.0,2900.0,1925,0.0,0.0,0.0,0.0
70,0.0,713,1625,0.0,0.0,900.0,21100.0,0.0,0.0,0.0,0.0,0.0,317,0.0,0.0,0.0,0.0,0.0,0.0,0.0,0.0,1120,0.0,0.0,0.0,940,0.0,0.0,0.0,0.0,7700,5330,0.0,0.0,2900.0,1925,0.0,0.0,0.0,0.0
70,0.0,706,1625,0.0,0.0,830.0,20850.0,0.0,0.0,0.0,0.0,0.0,317,0.0,0.0,0.0,0.0,0.0,0.0,0.0,0.0,1120,0.0,0.0,0.0,940,0.0,0.0,0.0,0.0,7650,5357,0.0,0.0,2800.0,1900,0.0,0.0,0.0,0.0
70,0.0,706,1625,0.0,0.0,800.0,21000.0,0.0,0.0,0.0,0.0,0.0,317,0.0,0.0,0.0,0.0,0.0,0.0,0.0,0.0,1120,0.0,0.0,0.0,960,0.0,0.0,0.0,0.0,7600,5412,0.0,0.0,2800.0,1900,0.0,0.0,0.0,0.0
70,0.0,700,1625,0.0,0.0,800.0,20900.0,0.0,0.0,0.0,0.0,0.0,317,0.0,0.0,0.0,0.0,0.0,0.0,0.0,0.0,1120,0.0,100.0,0.0,960,0.0,0.0,0.0,0.0,7500,5247,0.0,0.0,2750.0,1900,0.0,0.0,0.0,0.0
70,0.0,700,1625,0.0,0.0,785.0,21450.0,0.0,0.0,0.0,0.0,0.0,317,0.0,0.0,0.0,0.0,0.0,0.0,0.0,0.0,1100,0.0,100.0,0.0,960,0.0,0.0,0.0,0.0,7350,5316,0.0,0.0,2750.0,1900,0.0,0.0,0.0,0.0
70,0.0,706,1625,0.0,0.0,785.0,20350.0,0.0,0.0,0.0,0.0,0.0,317,0.0,0.0,0.0,0.0,0.0,0.0,0.0,0.0,1090,0.0,100.0,0.0,960,0.0,0.0,0.0,0.0,7425,5371,0.0,0.0,2700.0,1925,0.0,0.0,0.0,0.0
70,0.0,738,1625,0.0,0.0,775.0,20250.0,0.0,0.0,0.0,0.0,0.0,320,0.0,0.0,0.0,0.0,0.0,0.0,0.0,0.0,1110,0.0,100.0,0.0,960,0.0,0.0,0.0,0.0,7400,5577,0.0,0.0,2700.0,2000,0.0,0.0,0.0,0.0
70,0.0,725,1625,0.0,0.0,775.0,20450.0,0.0,0.0,0.0,0.0,0.0,320,0.0,0.0,0.0,0.0,0.0,0.0,0.0,0.0,1110,0.0,100.0,0.0,960,0.0,0.0,0.0,0.0,7525,5714,0.0,0.0,2650.0,2050,0.0,0.0,0.0,0.0
70,0.0,731,1625,0.0,0.0,725.0,21300.0,0.0,0.0,0.0,0.0,0.0,323,0.0,0.0,0.0,0.0,0.0,0.0,0.0,0.0,1110,0.0,100.0,0.0,960,0.0,0.0,0.0,0.0,7400,5879,0.0,0.0,2700.0,2250,0.0,0.0,0.0,0.0
70,0.0,725,1625,0.0,0.0,700.0,21250.0,0.0,0.0,0.0,0.0,0.0,323,0.0,0.0,0.0,0.0,0.0,0.0,0.0,0.0,1110,0.0,100.0,0.0,960,0.0,0.0,0.0,0.0,7450,5755,0.0,0.0,2725.0,2200,0.0,0.0,0.0,0.0
70,0.0,728,1625,0.0,0.0,700.0,21450.0,0.0,0.0,0.0,0.0,0.0,337,0.0,0.0,0.0,0.0,0.0,0.0,0.0,0.0,1110,0.0,100.0,0.0,960,0.0,0.0,0.0,0.0,7500,5632,0.0,0.0,2725.0,2225,0.0,0.0,0.0,0.0
70,0.0,728,1550,0.0,0.0,700.0,20900.0,0.0,0.0,0.0,0.0,0.0,337,0.0,0.0,0.0,0.0,0.0,0.0,0.0,0.0,1070,0.0,100.0,0.0,980,0.0,0.0,0.0,0.0,7500,5495,0.0,0.0,2750.0,2225,0.0,0.0,0.0,0.0
70,0.0,722,1550,0.0,0.0,700.0,20200.0,0.0,0.0,0.0,0.0,0.0,337,0.0,0.0,0.0,0.0,0.0,0.0,0.0,0.0,1000,0.0,100.0,0.0,1000,0.0,0.0,0.0,0.0,7500,5371,0.0,0.0,2750.0,2250,0.0,0.0,0.0,0.0
70,0.0,706,1550,0.0,0.0,700.0,20000.0,0.0,0.0,0.0,0.0,0.0,337,0.0,0.0,0.0,0.0,0.0,0.0,0.0,0.0,1030,0.0,100.0,0.0,1000,0.0,0.0,0.0,0.0,7500,5192,0.0,0.0,2775.0,2265,0.0,0.0,0.0,0.0
80,0.0,706,1550,0.0,0.0,700.0,19900.0,0.0,0.0,0.0,0.0,0.0,337,0.0,0.0,0.0,0.0,0.0,0.0,0.0,0.0,1000,0.0,100.0,0.0,1000,0.0,0.0,0.0,0.0,7500,5041,0.0,0.0,2800.0,2100,0.0,0.0,0.0,0.0
80,0.0,700,1550,0.0,0.0,700.0,19500.0,0.0,0.0,0.0,0.0,0.0,337,0.0,0.0,0.0,0.0,0.0,0.0,0.0,0.0,1000,0.0,100.0,0.0,1000,0.0,0.0,0.0,0.0,7625,5137,0.0,0.0,2800.0,2150,0.0,0.0,0.0,0.0
80,0.0,719,1550,0.0,0.0,700.0,18350.0,0.0,0.0,0.0,0.0,0.0,337,0.0,0.0,0.0,0.0,0.0,0.0,0.0,0.0,1010,0.0,100.0,0.0,1000,0.0,0.0,0.0,0.0,7950,5275,0.0,0.0,2700.0,2200,0.0,0.0,0.0,0.0
80,0.0,763,1550,0.0,0.0,700.0,19000.0,0.0,0.0,0.0,0.0,0.0,345,0.0,0.0,0.0,0.0,0.0,0.0,0.0,0.0,1010,0.0,100.0,0.0,980,0.0,0.0,0.0,0.0,7900,5440,0.0,0.0,2725.0,2250,0.0,0.0,0.0,0.0
80,0.0,756,1550,0.0,0.0,700.0,19900.0,0.0,0.0,0.0,0.0,0.0,345,0.0,0.0,0.0,0.0,0.0,0.0,0.0,0.0,1015,0.0,100.0,0.0,960,0.0,0.0,0.0,0.0,7900,5371,0.0,0.0,2725.0,2225,0.0,0.0,0.0,0.0
80,0.0,750,1750,0.0,0.0,650.0,21000.0,0.0,0.0,0.0,0.0,0.0,345,0.0,0.0,0.0,0.0,0.0,0.0,0.0,0.0,1010,0.0,100.0,0.0,940,0.0,0.0,0.0,0.0,7600,5330,0.0,0.0,2725.0,2225,0.0,0.0,0.0,0.0
80,0.0,750,1750,0.0,0.0,600.0,20900.0,0.0,0.0,0.0,0.0,0.0,345,0.0,0.0,0.0,0.0,0.0,0.0,0.0,0.0,1000,0.0,100.0,0.0,940,0.0,0.0,0.0,0.0,7800,5330,0.0,0.0,2750.0,2175,0.0,0.0,0.0,0.0
80,0.0,764,1750,0.0,0.0,650.0,20300.0,0.0,0.0,0.0,0.0,0.0,345,0.0,0.0,0.0,0.0,0.0,0.0,0.0,0.0,990,0.0,100.0,0.0,950,0.0,0.0,0.0,0.0,7900,5275,0.0,0.0,2750.0,2150,0.0,0.0,0.0,0.0
80,0.0,763,1750,0.0,0.0,650.0,20250.0,0.0,0.0,0.0,0.0,0.0,345,0.0,0.0,0.0,0.0,0.0,0.0,0.0,0.0,980,0.0,100.0,0.0,950,0.0,0.0,0.0,0.0,8225,5137,0.0,0.0,2725.0,2165,0.0,0.0,0.0,0.0
80,0.0,763,1750,0.0,0.0,600.0,20350.0,0.0,0.0,0.0,0.0,0.0,345,0.0,0.0,0.0,0.0,0.0,0.0,0.0,0.0,970,0.0,100.0,0.0,950,0.0,0.0,0.0,0.0,8400,5220,0.0,0.0,2700.0,2215,0.0,0.0,0.0,0.0
80,0.0,763,1850,0.0,0.0,650.0,20050.0,0.0,0.0,0.0,0.0,0.0,345,0.0,0.0,0.0,0.0,0.0,0.0,0.0,0.0,950,0.0,100.0,0.0,950,0.0,0.0,0.0,0.0,8450,5412,0.0,0.0,2700.0,2200,0.0,0.0,0.0,0.0
80,0.0,763,1850,0.0,0.0,650.0,20750.0,0.0,0.0,0.0,0.0,0.0,351,0.0,0.0,0.0,0.0,0.0,0.0,0.0,0.0,950,0.0,100.0,0.0,950,0.0,0.0,0.0,0.0,8400,5604,0.0,0.0,2700.0,2250,0.0,0.0,0.0,0.0
80,0.0,763,1850,0.0,0.0,600.0,21600.0,0.0,0.0,0.0,0.0,0.0,354,0.0,0.0,0.0,0.0,0.0,0.0,0.0,0.0,960,0.0,100.0,0.0,950,0.0,0.0,0.0,0.0,8350,5659,0.0,0.0,2625.0,2275,0.0,0.0,0.0,0.0
80,0.0,775,1850,0.0,0.0,600.0,21525.0,0.0,0.0,0.0,0.0,0.0,354,0.0,0.0,0.0,0.0,0.0,0.0,0.0,0.0,960,0.0,100.0,0.0,950,0.0,0.0,0.0,0.0,8400,5838,0.0,0.0,2650.0,2325,0.0,0.0,0.0,0.0
80,0.0,781,1850,0.0,0.0,600.0,20900.0,0.0,0.0,0.0,0.0,0.0,365,0.0,0.0,0.0,0.0,0.0,0.0,0.0,0.0,970,0.0,100.0,0.0,950,0.0,0.0,0.0,0.0,8400,6071,0.0,0.0,2650.0,2325,0.0,0.0,0.0,0.0
80,0.0,781,1850,0.0,0.0,600.0,21100.0,0.0,0.0,0.0,0.0,0.0,370,0.0,0.0,0.0,0.0,0.0,0.0,0.0,0.0,965,0.0,100.0,0.0,950,0.0,0.0,0.0,0.0,8575,6250,0.0,0.0,2675.0,2375,0.0,0.0,0.0,0.0
80,0.0,794,1850,0.0,0.0,600.0,20950.0,0.0,0.0,0.0,0.0,0.0,379,0.0,0.0,0.0,0.0,0.0,0.0,0.0,0.0,970,0.0,100.0,0.0,950,0.0,0.0,0.0,0.0,8625,6277,0.0,0.0,2725.0,2500,0.0,0.0,0.0,0.0
80,0.0,794,1850,0.0,0.0,630.0,21250.0,0.0,0.0,0.0,0.0,0.0,386,0.0,0.0,0.0,0.0,0.0,0.0,0.0,0.0,965,0.0,100.0,0.0,950,0.0,0.0,0.0,0.0,8725,6140,0.0,0.0,2750.0,2500,0.0,0.0,0.0,0.0
80,0.0,825,1850,0.0,0.0,650.0,21000.0,0.0,0.0,0.0,0.0,0.0,386,0.0,0.0,0.0,0.0,0.0,0.0,0.0,0.0,965,0.0,100.0,0.0,950,0.0,0.0,0.0,0.0,8825,6195,0.0,0.0,2825.0,2450,0.0,0.0,0.0,0.0
64,0.0,844,1850,0.0,0.0,650.0,20750.0,0.0,0.0,0.0,0.0,0.0,386,0.0,0.0,0.0,0.0,0.0,0.0,0.0,0.0,975,0.0,100.0,0.0,1000,0.0,0.0,0.0,0.0,8800,6154,0.0,0.0,2825.0,2350,0.0,0.0,0.0,0.0
64,0.0,844,1850,0.0,0.0,625.0,21100.0,0.0,0.0,0.0,0.0,0.0,386,0.0,0.0,0.0,0.0,0.0,0.0,0.0,0.0,975,0.0,100.0,0.0,1000,0.0,0.0,0.0,0.0,8800,6181,0.0,0.0,2825.0,2375,0.0,0.0,0.0,0.0
64,0.0,863,1850,0.0,0.0,625.0,21600.0,0.0,0.0,0.0,0.0,0.0,386,0.0,0.0,0.0,0.0,0.0,0.0,0.0,0.0,1030,0.0,100.0,0.0,1000,0.0,0.0,0.0,0.0,8650,6305,0.0,0.0,2825.0,2400,0.0,0.0,0.0,0.0
64,0.0,863,1850,0.0,0.0,650.0,22000.0,0.0,0.0,0.0,0.0,0.0,386,0.0,0.0,0.0,0.0,0.0,0.0,0.0,0.0,1010,0.0,100.0,0.0,1000,0.0,0.0,0.0,0.0,8500,6195,0.0,0.0,2825.0,2425,0.0,0.0,0.0,0.0
64,0.0,850,1850,0.0,0.0,650.0,22150.0,0.0,0.0,0.0,0.0,0.0,379,0.0,0.0,0.0,0.0,0.0,0.0,0.0,0.0,1010,0.0,100.0,0.0,1000,0.0,0.0,0.0,0.0,8475,6044,0.0,0.0,2900.0,2425,0.0,0.0,0.0,0.0
64,0.0,863,1850,0.0,0.0,650.0,22350.0,0.0,0.0,0.0,0.0,0.0,379,0.0,0.0,0.0,0.0,0.0,0.0,0.0,0.0,1000,0.0,100.0,0.0,1000,0.0,0.0,0.0,0.0,8500,6099,0.0,0.0,2875.0,2425,0.0,0.0,0.0,0.0
64,0.0,875,1850,0.0,0.0,650.0,22150.0,0.0,0.0,0.0,0.0,0.0,379,0.0,0.0,0.0,0.0,0.0,0.0,0.0,0.0,995,0.0,100.0,0.0,1000,0.0,0.0,0.0,0.0,8350,6058,0.0,0.0,2900.0,2350,0.0,0.0,0.0,0.0
64,0.0,888,1850,0.0,0.0,625.0,22850.0,0.0,0.0,0.0,0.0,0.0,379,0.0,0.0,0.0,0.0,0.0,0.0,0.0,0.0,995,0.0,100.0,0.0,1000,0.0,0.0,0.0,0.0,8310,6058,0.0,0.0,2900.0,2300,0.0,0.0,0.0,0.0
64,0.0,888,1850,0.0,0.0,625.0,23100.0,0.0,0.0,0.0,0.0,0.0,379,0.0,0.0,0.0,0.0,0.0,0.0,0.0,0.0,985,0.0,100.0,0.0,1000,0.0,0.0,0.0,0.0,8400,6044,0.0,0.0,2850.0,2175,0.0,0.0,0.0,0.0
60,0.0,881,1850,0.0,0.0,625.0,23350.0,0.0,0.0,0.0,0.0,0.0,379,0.0,0.0,0.0,0.0,0.0,0.0,0.0,0.0,985,0.0,100.0,0.0,1000,0.0,0.0,0.0,0.0,8500,6140,0.0,0.0,2850.0,2175,0.0,0.0,0.0,0.0
60,0.0,888,1850,0.0,0.0,625.0,23500.0,0.0,0.0,0.0,0.0,0.0,379,0.0,0.0,0.0,0.0,0.0,0.0,0.0,0.0,975,0.0,100.0,0.0,1000,0.0,0.0,0.0,0.0,8650,6003,0.0,0.0,2850.0,2250,0.0,0.0,0.0,0.0
64,0.0,881,1850,0.0,0.0,625.0,24000.0,0.0,0.0,0.0,0.0,0.0,379,0.0,0.0,0.0,0.0,0.0,0.0,0.0,0.0,960,0.0,100.0,0.0,1000,0.0,0.0,0.0,0.0,8500,5797,0.0,0.0,2835.0,2200,0.0,0.0,0.0,0.0
64,0.0,881,1850,0.0,0.0,625.0,23850.0,0.0,0.0,0.0,0.0,0.0,379,0.0,0.0,0.0,0.0,0.0,0.0,0.0,0.0,960,0.0,100.0,0.0,1000,0.0,0.0,0.0,0.0,8650,5611,0.0,0.0,2825.0,2250,0.0,0.0,0.0,0.0
64,0.0,888,1850,0.0,0.0,625.0,22950.0,0.0,0.0,0.0,0.0,0.0,379,0.0,0.0,0.0,0.0,0.0,0.0,0.0,0.0,970,0.0,100.0,0.0,1000,0.0,0.0,0.0,0.0,8700,5522,0.0,0.0,2700.0,2175,0.0,0.0,0.0,0.0
54,0.0,894,1850,0.0,0.0,625.0,22250.0,0.0,0.0,0.0,0.0,0.0,379,0.0,0.0,0.0,0.0,0.0,0.0,0.0,0.0,970,0.0,100.0,0.0,900,0.0,0.0,0.0,0.0,8700,5549,0.0,0.0,2650.0,2175,0.0,0.0,0.0,0.0
54,0.0,894,1850,0.0,0.0,600.0,21700.0,0.0,0.0,0.0,0.0,0.0,379,0.0,0.0,0.0,0.0,0.0,0.0,0.0,0.0,970,0.0,100.0,0.0,900,0.0,0.0,0.0,0.0,8700,5549,0.0,0.0,2650.0,2175,0.0,0.0,0.0,0.0
54,0.0,894,1850,0.0,0.0,600.0,21700.0,0.0,0.0,0.0,0.0,0.0,379,0.0,0.0,0.0,0.0,0.0,0.0,0.0,0.0,970,0.0,100.0,0.0,900,0.0,0.0,0.0,0.0,8600,5549,0.0,0.0,2650.0,2175,0.0,0.0,0.0,0.0
54,0.0,881,1850,0.0,0.0,600.0,21700.0,0.0,0.0,0.0,0.0,0.0,379,0.0,0.0,0.0,0.0,0.0,0.0,0.0,0.0,965,0.0,100.0,0.0,900,0.0,0.0,0.0,0.0,8600,5385,0.0,0.0,2650.0,2125,0.0,0.0,0.0,0.0
54,0.0,881,1850,0.0,0.0,600.0,21700.0,0.0,0.0,0.0,0.0,0.0,379,0.0,0.0,0.0,0.0,0.0,0.0,0.0,0.0,965,0.0,100.0,0.0,900,0.0,0.0,0.0,0.0,8600,5385,0.0,0.0,2650.0,2125,0.0,0.0,0.0,0.0
54,0.0,869,1850,0.0,0.0,600.0,20500.0,0.0,0.0,0.0,0.0,0.0,365,0.0,0.0,0.0,0.0,0.0,0.0,0.0,0.0,965,0.0,100.0,0.0,900,0.0,0.0,0.0,0.0,8700,5412,0.0,0.0,2600.0,2175,0.0,0.0,0.0,0.0
54,0.0,875,1850,0.0,0.0,600.0,20500.0,0.0,0.0,0.0,0.0,0.0,365,0.0,0.0,0.0,0.0,0.0,0.0,0.0,0.0,975,0.0,100.0,0.0,900,0.0,0.0,0.0,0.0,9050,5549,0.0,0.0,2600.0,2200,0.0,0.0,0.0,0.0
58,0.0,875,1850,0.0,0.0,600.0,20400.0,0.0,0.0,0.0,0.0,0.0,365,0.0,0.0,0.0,0.0,0.0,0.0,0.0,0.0,975,0.0,100.0,0.0,900,0.0,0.0,0.0,0.0,8850,5714,0.0,0.0,2600.0,2200,0.0,0.0,0.0,0.0
58,0.0,850,1850,0.0,0.0,550.0,20950.0,0.0,0.0,0.0,0.0,0.0,365,0.0,0.0,0.0,0.0,0.0,0.0,0.0,0.0,975,0.0,100.0,0.0,900,0.0,0.0,0.0,0.0,9000,5632,0.0,0.0,2625.0,2200,0.0,0.0,0.0,0.0
60,0.0,863,1850,0.0,0.0,600.0,21075.0,0.0,0.0,0.0,0.0,0.0,362,0.0,0.0,0.0,0.0,0.0,0.0,0.0,0.0,975,0.0,100.0,0.0,900,0.0,0.0,0.0,0.0,8750,5865,0.0,0.0,2625.0,2250,0.0,0.0,0.0,0.0
60,0.0,863,1850,0.0,0.0,650.0,20100.0,0.0,0.0,0.0,0.0,0.0,362,0.0,0.0,0.0,0.0,0.0,0.0,0.0,0.0,975,0.0,100.0,0.0,900,0.0,0.0,0.0,0.0,8700,5673,0.0,0.0,2635.0,2200,0.0,0.0,0.0,0.0
60,0.0,838,1850,0.0,0.0,650.0,20700.0,0.0,0.0,0.0,0.0,0.0,362,0.0,0.0,0.0,0.0,0.0,0.0,0.0,0.0,980,0.0,100.0,0.0,900,0.0,0.0,0.0,0.0,8650,5797,0.0,0.0,2650.0,2225,0.0,0.0,0.0,0.0
60,0.0,838,1850,0.0,0.0,675.0,20400.0,0.0,0.0,0.0,0.0,0.0,362,0.0,0.0,0.0,0.0,0.0,0.0,0.0,0.0,980,0.0,100.0,0.0,900,0.0,0.0,0.0,0.0,8700,5769,0.0,0.0,2650.0,2250,0.0,0.0,0.0,0.0
60,0.0,838,1850,0.0,0.0,675.0,20200.0,0.0,0.0,0.0,0.0,0.0,362,0.0,0.0,0.0,0.0,0.0,0.0,0.0,0.0,1020,0.0,100.0,0.0,1000,0.0,0.0,0.0,0.0,8675,6071,0.0,0.0,2650.0,2300,0.0,0.0,0.0,0.0
60,0.0,838,1850,0.0,0.0,675.0,20150.0,0.0,0.0,0.0,0.0,0.0,362,0.0,0.0,0.0,0.0,0.0,0.0,0.0,0.0,1050,0.0,100.0,0.0,1000,0.0,0.0,0.0,0.0,8675,5879,0.0,0.0,2650.0,2350,0.0,0.0,0.0,0.0
60,0.0,841,1850,0.0,0.0,625.0,19850.0,0.0,0.0,0.0,0.0,0.0,362,0.0,0.0,0.0,0.0,0.0,0.0,0.0,0.0,1050,0.0,100.0,0.0,1000,0.0,0.0,0.0,0.0,8700,5865,0.0,0.0,2700.0,2325,0.0,0.0,0.0,0.0
60,0.0,838,1850,0.0,0.0,625.0,19250.0,0.0,0.0,0.0,0.0,0.0,362,0.0,0.0,0.0,0.0,0.0,0.0,0.0,0.0,1050,0.0,100.0,0.0,1000,0.0,0.0,0.0,0.0,8500,5879,0.0,0.0,2700.0,2375,0.0,0.0,0.0,0.0
60,0.0,831,1850,0.0,0.0,625.0,19150.0,0.0,0.0,0.0,0.0,0.0,379,0.0,0.0,0.0,0.0,0.0,0.0,0.0,0.0,1050,0.0,100.0,0.0,1000,0.0,0.0,0.0,0.0,8500,5920,0.0,0.0,2725.0,2400,0.0,0.0,0.0,0.0
60,0.0,825,1850,0.0,0.0,625.0,19250.0,0.0,0.0,0.0,0.0,0.0,379,0.0,0.0,0.0,0.0,0.0,0.0,0.0,0.0,1100,0.0,100.0,0.0,1000,0.0,0.0,0.0,0.0,8500,6374,0.0,0.0,2725.0,2500,0.0,0.0,0.0,0.0
80,0.0,825,1650,0.0,0.0,625.0,19250.0,0.0,0.0,0.0,0.0,0.0,379,0.0,0.0,0.0,0.0,0.0,0.0,0.0,0.0,1100,0.0,100.0,0.0,1000,0.0,0.0,0.0,0.0,8500,6374,0.0,0.0,2775.0,2500,0.0,0.0,0.0,0.0
80,0.0,825,1650,0.0,0.0,600.0,19750.0,0.0,0.0,0.0,0.0,0.0,379,0.0,0.0,0.0,0.0,0.0,0.0,0.0,0.0,1100,0.0,100.0,0.0,1000,0.0,0.0,0.0,0.0,8350,6374,0.0,0.0,2825.0,2500,0.0,0.0,0.0,0.0
80,0.0,825,1650,0.0,0.0,600.0,19750.0,0.0,0.0,0.0,0.0,0.0,393,0.0,0.0,0.0,0.0,0.0,0.0,0.0,0.0,1070,0.0,100.0,0.0,1060,0.0,0.0,0.0,0.0,8300,6456,0.0,0.0,2825.0,2575,0.0,0.0,0.0,0.0
80,0.0,825,1650,0.0,0.0,600.0,19750.0,0.0,0.0,0.0,0.0,0.0,393,0.0,0.0,0.0,0.0,0.0,0.0,0.0,0.0,1100,0.0,100.0,0.0,1060,0.0,0.0,0.0,0.0,8100,6374,0.0,0.0,2825.0,2500,0.0,0.0,0.0,0.0
80,0.0,831,1650,0.0,0.0,600.0,20750.0,0.0,0.0,0.0,0.0,0.0,393,0.0,0.0,0.0,0.0,0.0,0.0,0.0,0.0,1100,0.0,100.0,0.0,1060,0.0,0.0,0.0,0.0,8100,6113,0.0,0.0,2825.0,2500,0.0,0.0,0.0,0.0
90,0.0,831,1650,0.0,0.0,600.0,20600.0,0.0,0.0,0.0,0.0,0.0,393,0.0,0.0,0.0,0.0,0.0,0.0,0.0,0.0,1100,0.0,100.0,0.0,1060,0.0,0.0,0.0,0.0,7975,6113,0.0,0.0,2950.0,2500,0.0,0.0,0.0,0.0
90,0.0,825,1650,0.0,0.0,575.0,20100.0,0.0,0.0,0.0,0.0,0.0,390,0.0,0.0,0.0,0.0,0.0,0.0,0.0,0.0,1100,0.0,100.0,0.0,1060,0.0,0.0,0.0,0.0,7950,6044,0.0,0.0,3050.0,2400,0.0,0.0,0.0,0.0
90,0.0,825,1650,0.0,0.0,575.0,20100.0,0.0,0.0,0.0,0.0,0.0,390,0.0,0.0,0.0,0.0,0.0,0.0,0.0,0.0,1080,0.0,100.0,0.0,1060,0.0,0.0,0.0,0.0,8075,6099,0.0,0.0,3050.0,2425,0.0,0.0,0.0,0.0
90,0.0,831,1650,0.0,0.0,575.0,18850.0,0.0,0.0,0.0,0.0,0.0,390,0.0,0.0,0.0,0.0,0.0,0.0,0.0,0.0,1150,0.0,100.0,0.0,1060,0.0,0.0,0.0,0.0,8075,6236,0.0,0.0,3100.0,2475,0.0,0.0,0.0,0.0
90,0.0,831,1650,0.0,0.0,600.0,18750.0,0.0,0.0,0.0,0.0,0.0,390,0.0,0.0,0.0,0.0,0.0,0.0,0.0,0.0,1150,0.0,100.0,0.0,1060,0.0,0.0,0.0,0.0,8075,6236,0.0,0.0,3350.0,2475,0.0,0.0,0.0,0.0
90,0.0,825,1650,0.0,0.0,600.0,19250.0,0.0,0.0,0.0,0.0,0.0,390,0.0,0.0,0.0,0.0,0.0,0.0,0.0,0.0,1150,0.0,100.0,0.0,1060,0.0,0.0,0.0,0.0,8075,6305,0.0,0.0,3400.0,2475,0.0,0.0,0.0,0.0
90,0.0,825,1650,0.0,0.0,600.0,19250.0,0.0,0.0,0.0,0.0,0.0,390,0.0,0.0,0.0,0.0,0.0,0.0,0.0,0.0,1150,0.0,100.0,0.0,1060,0.0,0.0,0.0,0.0,8075,6305,0.0,0.0,3400.0,2475,0.0,0.0,0.0,0.0
90,0.0,844,1650,0.0,0.0,600.0,18950.0,0.0,0.0,0.0,0.0,0.0,393,0.0,0.0,0.0,0.0,0.0,0.0,0.0,0.0,1140,0.0,100.0,0.0,1060,0.0,0.0,0.0,0.0,8075,6456,0.0,0.0,3400.0,2450,0.0,0.0,0.0,0.0
90,0.0,838,1650,0.0,0.0,600.0,18950.0,0.0,0.0,0.0,0.0,0.0,393,0.0,0.0,0.0,0.0,0.0,0.0,0.0,0.0,1130,0.0,200.0,0.0,1100,0.0,0.0,0.0,0.0,8000,6394,0.0,0.0,3400.0,2450,0.0,0.0,0.0,0.0
90,0.0,838,1650,0.0,0.0,600.0,19100.0,0.0,0.0,0.0,0.0,0.0,393,0.0,0.0,0.0,0.0,0.0,0.0,0.0,0.0,1130,0.0,200.0,0.0,1160,0.0,0.0,0.0,0.0,7950,6387,0.0,0.0,3450.0,2375,0.0,0.0,0.0,0.0
90,0.0,813,1650,0.0,0.0,600.0,19150.0,0.0,0.0,0.0,0.0,0.0,401,0.0,0.0,0.0,0.0,0.0,0.0,0.0,0.0,1110,0.0,200.0,0.0,1160,0.0,0.0,0.0,0.0,8100,6264,0.0,0.0,3400.0,2300,0.0,0.0,0.0,0.0
90,0.0,825,1650,0.0,0.0,650.0,18650.0,0.0,0.0,0.0,0.0,0.0,401,0.0,0.0,0.0,0.0,0.0,0.0,0.0,0.0,1100,0.0,200.0,0.0,1180,0.0,0.0,0.0,0.0,8200,6319,0.0,0.0,3400.0,2300,0.0,0.0,0.0,0.0
90,0.0,863,1650,0.0,0.0,600.0,18000.0,0.0,0.0,0.0,0.0,0.0,401,0.0,0.0,0.0,0.0,0.0,0.0,0.0,0.0,1100,0.0,200.0,0.0,1200,0.0,0.0,0.0,0.0,8590,6346,0.0,0.0,3300.0,2300,0.0,0.0,0.0,0.0
90,0.0,875,1625,0.0,0.0,600.0,19100.0,0.0,0.0,0.0,0.0,0.0,401,0.0,0.0,0.0,0.0,0.0,0.0,0.0,0.0,1100,0.0,200.0,0.0,1200,0.0,0.0,0.0,0.0,8550,6346,0.0,0.0,3200.0,2400,0.0,0.0,0.0,0.0
90,0.0,863,1625,0.0,0.0,580.0,19200.0,0.0,0.0,0.0,0.0,0.0,401,0.0,0.0,0.0,0.0,0.0,0.0,0.0,0.0,1100,0.0,200.0,0.0,1200,0.0,0.0,0.0,0.0,8500,6346,0.0,0.0,3150.0,2475,0.0,0.0,0.0,0.0
90,0.0,863,1625,0.0,0.0,580.0,20500.0,0.0,0.0,0.0,0.0,0.0,401,0.0,0.0,0.0,0.0,0.0,0.0,0.0,0.0,1090,0.0,200.0,0.0,1205,0.0,0.0,0.0,0.0,8350,6154,0.0,0.0,3150.0,2475,0.0,0.0,0.0,0.0
90,0.0,850,1625,0.0,0.0,580.0,20350.0,0.0,0.0,0.0,0.0,0.0,407,0.0,0.0,0.0,0.0,0.0,0.0,0.0,0.0,1080,0.0,200.0,0.0,1205,0.0,0.0,0.0,0.0,8400,5920,0.0,0.0,3100.0,2450,0.0,0.0,0.0,0.0
90,0.0,850,1625,0.0,0.0,580.0,20000.0,0.0,0.0,0.0,0.0,0.0,407,0.0,0.0,0.0,0.0,0.0,0.0,0.0,0.0,1065,0.0,200.0,0.0,1220,0.0,0.0,0.0,0.0,8400,5962,0.0,0.0,3100.0,2475,0.0,0.0,0.0,0.0
90,0.0,856,1575,0.0,0.0,580.0,19350.0,0.0,0.0,0.0,0.0,0.0,407,0.0,0.0,0.0,0.0,0.0,0.0,0.0,0.0,1060,0.0,200.0,0.0,1220,0.0,0.0,0.0,0.0,8400,5996,0.0,0.0,3000.0,2475,0.0,0.0,0.0,0.0
90,0.0,856,1625,0.0,0.0,580.0,19400.0,0.0,0.0,0.0,0.0,0.0,407,0.0,0.0,0.0,0.0,0.0,0.0,0.0,0.0,1060,0.0,200.0,0.0,1220,0.0,0.0,0.0,0.0,8700,5996,0.0,0.0,3000.0,2475,0.0,0.0,0.0,0.0
90,0.0,863,1625,0.0,0.0,580.0,19750.0,0.0,0.0,0.0,0.0,0.0,407,0.0,0.0,0.0,0.0,0.0,0.0,0.0,0.0,1040,0.0,200.0,0.0,1230,0.0,0.0,0.0,0.0,9050,6016,0.0,0.0,3000.0,2475,0.0,0.0,0.0,0.0
90,0.0,931,1625,0.0,0.0,580.0,19750.0,0.0,0.0,0.0,0.0,0.0,407,0.0,0.0,0.0,0.0,0.0,0.0,0.0,0.0,1040,0.0,200.0,0.0,1230,0.0,0.0,0.0,0.0,9150,6168,0.0,0.0,3000.0,2490,0.0,0.0,0.0,0.0
90,0.0,950,1625,0.0,0.0,580.0,20000.0,0.0,0.0,0.0,0.0,0.0,407,0.0,0.0,0.0,0.0,0.0,0.0,0.0,0.0,1055,0.0,200.0,0.0,1230,0.0,0.0,0.0,0.0,9100,6174,0.0,0.0,3000.0,2475,0.0,0.0,0.0,0.0
90,0.0,944,1625,0.0,0.0,580.0,19950.0,0.0,0.0,0.0,0.0,0.0,407,0.0,0.0,0.0,0.0,0.0,0.0,0.0,0.0,1055,0.0,200.0,0.0,1230,0.0,0.0,0.0,0.0,9050,6085,0.0,0.0,3000.0,2425,0.0,0.0,0.0,0.0
90,0.0,944,1625,0.0,0.0,580.0,19950.0,0.0,0.0,0.0,0.0,0.0,407,0.0,0.0,0.0,0.0,0.0,0.0,0.0,0.0,1060,0.0,200.0,0.0,1230,0.0,0.0,0.0,0.0,9365,6250,0.0,0.0,3000.0,2465,0.0,0.0,0.0,0.0
90,0.0,969,1625,0.0,0.0,590.0,19500.0,0.0,0.0,0.0,0.0,0.0,407,0.0,0.0,0.0,0.0,0.0,0.0,0.0,0.0,1075,0.0,200.0,0.0,1200,0.0,0.0,0.0,0.0,9400,6360,0.0,0.0,3000.0,2475,0.0,0.0,0.0,0.0
90,0.0,963,1675,0.0,0.0,600.0,20050.0,0.0,0.0,0.0,0.0,0.0,407,0.0,0.0,0.0,0.0,0.0,0.0,0.0,0.0,1070,0.0,200.0,0.0,1200,0.0,0.0,0.0,0.0,9575,6387,0.0,0.0,3000.0,2475,0.0,0.0,0.0,0.0
90,0.0,981,1700,0.0,0.0,600.0,20050.0,0.0,0.0,0.0,0.0,0.0,407,0.0,0.0,0.0,0.0,0.0,0.0,0.0,0.0,1070,0.0,200.0,0.0,1200,0.0,0.0,0.0,0.0,9725,6566,0.0,0.0,2975.0,2500,0.0,0.0,0.0,0.0
90,0.0,981,1700,0.0,0.0,625.0,20000.0,0.0,0.0,0.0,0.0,0.0,407,0.0,0.0,0.0,0.0,0.0,0.0,0.0,0.0,1070,0.0,200.0,0.0,1220,0.0,0.0,0.0,0.0,9750,6731,0.0,0.0,3000.0,2525,0.0,0.0,0.0,0.0
90,0.0,1000,1700,0.0,0.0,600.0,20050.0,0.0,0.0,0.0,0.0,0.0,407,0.0,0.0,0.0,0.0,0.0,0.0,0.0,0.0,1100,0.0,200.0,0.0,1230,0.0,0.0,0.0,0.0,9800,6786,0.0,0.0,3000.0,2530,0.0,0.0,0.0,0.0
90,0.0,994,1700,0.0,0.0,600.0,20500.0,0.0,0.0,0.0,0.0,0.0,407,0.0,0.0,0.0,0.0,0.0,0.0,0.0,0.0,1130,0.0,200.0,0.0,1230,0.0,0.0,0.0,0.0,10000,6621,0.0,0.0,3000.0,2550,0.0,0.0,0.0,0.0
90,0.0,1025,1750,0.0,0.0,625.0,21050.0,0.0,0.0,0.0,0.0,0.0,407,0.0,0.0,0.0,0.0,0.0,0.0,0.0,0.0,1120,0.0,200.0,0.0,1230,0.0,0.0,0.0,0.0,10300,6648,0.0,0.0,3150.0,2535,0.0,0.0,0.0,0.0
90,0.0,1031,1750,0.0,0.0,625.0,20725.0,0.0,0.0,0.0,0.0,0.0,407,0.0,0.0,0.0,0.0,0.0,0.0,0.0,0.0,1120,0.0,200.0,0.0,1260,0.0,0.0,0.0,0.0,9900,6662,0.0,0.0,3300.0,2550,0.0,0.0,0.0,0.0
90,0.0,1025,1750,0.0,0.0,650.0,21500.0,0.0,0.0,0.0,0.0,0.0,407,0.0,0.0,0.0,0.0,0.0,0.0,0.0,0.0,1120,0.0,200.0,0.0,1270,0.0,0.0,0.0,0.0,9800,6429,0.0,0.0,3400.0,2500,0.0,0.0,0.0,0.0
90,0.0,1025,1750,0.0,0.0,625.0,21100.0,0.0,0.0,0.0,0.0,0.0,412,0.0,0.0,0.0,0.0,0.0,0.0,0.0,0.0,1150,0.0,200.0,0.0,1270,0.0,0.0,0.0,0.0,9725,6538,0.0,0.0,3400.0,2520,0.0,0.0,0.0,0.0
90,0.0,1038,1750,0.0,0.0,625.0,21400.0,0.0,0.0,0.0,0.0,0.0,412,0.0,0.0,0.0,0.0,0.0,0.0,0.0,0.0,1160,0.0,200.0,0.0,1270,0.0,0.0,0.0,0.0,9550,6552,0.0,0.0,3400.0,2520,0.0,0.0,0.0,0.0
90,0.0,1038,1750,0.0,0.0,625.0,21500.0,0.0,0.0,0.0,0.0,0.0,412,0.0,0.0,0.0,0.0,0.0,0.0,0.0,0.0,1180,0.0,300.0,0.0,1260,0.0,0.0,0.0,0.0,9525,6538,0.0,0.0,3400.0,2525,0.0,0.0,0.0,0.0
90,0.0,1044,1750,0.0,0.0,600.0,21450.0,0.0,0.0,0.0,0.0,0.0,412,0.0,0.0,0.0,0.0,0.0,0.0,0.0,0.0,1160,0.0,300.0,0.0,1260,0.0,0.0,0.0,0.0,9325,6484,0.0,0.0,3350.0,2515,0.0,0.0,0.0,0.0
90,0.0,1031,1750,0.0,0.0,625.0,21400.0,0.0,0.0,0.0,0.0,0.0,412,0.0,0.0,0.0,0.0,0.0,0.0,0.0,0.0,1130,0.0,300.0,0.0,1260,0.0,0.0,0.0,0.0,9325,6319,0.0,0.0,3350.0,2375,0.0,0.0,0.0,0.0
90,0.0,1038,1750,0.0,0.0,625.0,21250.0,0.0,0.0,0.0,0.0,0.0,412,0.0,0.0,0.0,0.0,0.0,0.0,0.0,0.0,1130,0.0,300.0,0.0,1200,0.0,0.0,0.0,0.0,9325,6326,0.0,0.0,3335.0,2450,0.0,0.0,0.0,0.0
90,0.0,1056,1750,0.0,0.0,625.0,20600.0,0.0,0.0,0.0,0.0,0.0,412,0.0,0.0,0.0,0.0,0.0,0.0,0.0,0.0,1150,0.0,300.0,0.0,1180,0.0,0.0,0.0,0.0,9350,6209,0.0,0.0,3285.0,2425,0.0,0.0,0.0,0.0
90,0.0,1063,1750,0.0,0.0,625.0,20500.0,0.0,0.0,0.0,0.0,0.0,412,0.0,0.0,0.0,0.0,0.0,0.0,0.0,0.0,1130,0.0,300.0,0.0,1200,0.0,0.0,0.0,0.0,9340,6223,0.0,0.0,3285.0,2450,0.0,0.0,0.0,0.0
90,0.0,1063,1750,0.0,0.0,600.0,20150.0,0.0,0.0,0.0,0.0,0.0,412,0.0,0.0,0.0,0.0,0.0,0.0,0.0,0.0,1130,0.0,300.0,0.0,1170,0.0,0.0,0.0,0.0,9350,6250,0.0,0.0,3285.0,2450,0.0,0.0,0.0,0.0
90,0.0,1081,1750,0.0,0.0,585.0,20150.0,0.0,0.0,0.0,0.0,0.0,412,0.0,0.0,0.0,0.0,0.0,0.0,0.0,0.0,1130,0.0,300.0,0.0,1170,0.0,0.0,0.0,0.0,9500,6319,0.0,0.0,3275.0,2500,0.0,0.0,0.0,0.0
80,0.0,1113,1750,0.0,0.0,585.0,20750.0,0.0,0.0,0.0,0.0,0.0,412,0.0,0.0,0.0,0.0,0.0,0.0,0.0,0.0,1127,0.0,300.0,0.0,1170,0.0,0.0,0.0,0.0,9400,6264,0.0,0.0,3275.0,2475,0.0,0.0,0.0,0.0
80,0.0,1113,1750,0.0,0.0,585.0,20750.0,0.0,0.0,0.0,0.0,0.0,412,0.0,0.0,0.0,0.0,0.0,0.0,0.0,0.0,1110,0.0,300.0,0.0,1170,0.0,0.0,0.0,0.0,9800,6181,0.0,0.0,3300.0,2450,0.0,0.0,0.0,0.0
80,0.0,1097,1750,0.0,0.0,540.0,20900.0,0.0,0.0,0.0,0.0,0.0,412,0.0,0.0,0.0,0.0,0.0,0.0,0.0,0.0,1105,0.0,300.0,0.0,1170,0.0,0.0,0.0,0.0,9900,6147,0.0,0.0,3300.0,2450,0.0,0.0,0.0,0.0
90,0.0,1113,1750,0.0,0.0,575.0,20500.0,0.0,0.0,0.0,0.0,0.0,412,0.0,0.0,0.0,0.0,0.0,0.0,0.0,0.0,1110,0.0,300.0,0.0,1160,0.0,0.0,0.0,0.0,10000,6161,0.0,0.0,3250.0,2425,0.0,0.0,0.0,0.0
90,0.0,1125,1750,0.0,0.0,575.0,20250.0,0.0,0.0,0.0,0.0,0.0,412,0.0,0.0,0.0,0.0,0.0,0.0,0.0,0.0,1110,0.0,300.0,0.0,1160,0.0,0.0,0.0,0.0,10225,6085,0.0,0.0,3275.0,2475,0.0,0.0,0.0,0.0
90,0.0,1141,1750,0.0,0.0,575.0,20100.0,0.0,0.0,0.0,0.0,0.0,412,0.0,0.0,0.0,0.0,0.0,0.0,0.0,0.0,1110,0.0,200.0,0.0,1155,0.0,0.0,0.0,0.0,10300,6085,0.0,0.0,3250.0,2500,0.0,0.0,0.0,0.0
90,0.0,1156,1750,0.0,0.0,550.0,20200.0,0.0,0.0,0.0,0.0,0.0,412,0.0,0.0,0.0,0.0,0.0,0.0,0.0,0.0,1110,0.0,200.0,0.0,1155,0.0,0.0,0.0,0.0,10400,6181,0.0,0.0,3250.0,2575,0.0,0.0,0.0,0.0
90,0.0,1172,1750,0.0,0.0,550.0,20600.0,0.0,0.0,0.0,0.0,0.0,412,0.0,0.0,0.0,0.0,0.0,0.0,0.0,0.0,1110,0.0,200.0,0.0,1155,0.0,0.0,0.0,0.0,10650,6305,0.0,0.0,3275.0,2725,0.0,0.0,0.0,0.0
90,0.0,1188,1750,0.0,0.0,520.0,20500.0,0.0,0.0,0.0,0.0,0.0,412,0.0,0.0,0.0,0.0,0.0,0.0,0.0,0.0,1140,0.0,200.0,0.0,1155,0.0,0.0,0.0,0.0,10650,6374,0.0,0.0,3275.0,2775,0.0,0.0,0.0,0.0
90,0.0,1194,1750,0.0,0.0,520.0,20450.0,0.0,0.0,0.0,0.0,0.0,412,0.0,0.0,0.0,0.0,0.0,0.0,0.0,0.0,1140,0.0,200.0,0.0,1155,0.0,0.0,0.0,0.0,10600,6401,0.0,0.0,3325.0,2800,0.0,0.0,0.0,0.0
90,0.0,1200,1750,0.0,0.0,525.0,20850.0,0.0,0.0,0.0,0.0,0.0,412,0.0,0.0,0.0,0.0,0.0,0.0,0.0,0.0,1140,0.0,200.0,0.0,1155,0.0,0.0,0.0,0.0,10600,6401,0.0,0.0,3325.0,2725,0.0,0.0,0.0,0.0
90,0.0,1222,1750,0.0,0.0,525.0,20950.0,0.0,0.0,0.0,0.0,0.0,412,0.0,0.0,0.0,0.0,0.0,0.0,0.0,0.0,1150,0.0,200.0,0.0,1155,0.0,0.0,0.0,0.0,10300,6566,0.0,0.0,3325.0,2750,0.0,0.0,0.0,0.0
100,0.0,1200,1750,0.0,0.0,525.0,20450.0,0.0,0.0,0.0,0.0,0.0,412,0.0,0.0,0.0,0.0,0.0,0.0,0.0,0.0,1150,0.0,200.0,0.0,1150,0.0,0.0,0.0,0.0,10300,6456,0.0,0.0,3350.0,2725,0.0,0.0,0.0,0.0
100,0.0,1200,1750,0.0,0.0,525.0,20550.0,0.0,0.0,0.0,0.0,0.0,412,0.0,0.0,0.0,0.0,0.0,0.0,0.0,0.0,1150,0.0,200.0,0.0,1150,0.0,0.0,0.0,0.0,9800,6456,0.0,0.0,3325.0,2725,0.0,0.0,0.0,0.0
100,0.0,1213,1750,0.0,0.0,525.0,20400.0,0.0,0.0,0.0,0.0,0.0,412,0.0,0.0,0.0,0.0,0.0,0.0,0.0,0.0,1160,0.0,200.0,0.0,1150,0.0,0.0,0.0,0.0,10000,6470,0.0,0.0,3325.0,2750,0.0,0.0,0.0,0.0
100,0.0,1225,1750,0.0,0.0,525.0,20400.0,0.0,0.0,0.0,0.0,0.0,412,0.0,0.0,0.0,0.0,0.0,0.0,0.0,0.0,1170,0.0,200.0,0.0,1140,0.0,0.0,0.0,0.0,10700,6497,0.0,0.0,3325.0,2835,0.0,0.0,0.0,0.0
100,0.0,1275,1750,0.0,0.0,525.0,19900.0,0.0,0.0,0.0,0.0,0.0,412,0.0,0.0,0.0,0.0,0.0,0.0,0.0,0.0,1170,0.0,200.0,0.0,1140,0.0,0.0,0.0,0.0,10700,6593,0.0,0.0,3350.0,2835,0.0,0.0,0.0,0.0
100,0.0,1288,1750,0.0,0.0,525.0,20000.0,0.0,0.0,0.0,0.0,0.0,412,0.0,0.0,0.0,0.0,0.0,0.0,0.0,0.0,1170,0.0,200.0,0.0,1140,0.0,0.0,0.0,0.0,10400,6758,0.0,0.0,3350.0,2835,0.0,0.0,0.0,0.0
100,0.0,1300,1750,0.0,0.0,525.0,20300.0,0.0,0.0,0.0,0.0,0.0,407,0.0,0.0,0.0,0.0,0.0,0.0,0.0,0.0,1170,0.0,200.0,0.0,1140,0.0,0.0,0.0,0.0,10400,6841,0.0,0.0,3350.0,2825,0.0,0.0,0.0,0.0
100,0.0,1300,1750,0.0,0.0,525.0,20500.0,0.0,0.0,0.0,0.0,0.0,407,0.0,0.0,0.0,0.0,0.0,0.0,0.0,0.0,1140,0.0,200.0,0.0,1140,0.0,0.0,0.0,0.0,10300,6868,0.0,0.0,3350.0,2775,0.0,0.0,0.0,0.0
100,0.0,1300,1750,0.0,0.0,535.0,20300.0,0.0,0.0,0.0,0.0,0.0,407,0.0,0.0,0.0,0.0,0.0,0.0,0.0,0.0,1140,0.0,200.0,0.0,1140,0.0,0.0,0.0,0.0,10200,6951,0.0,0.0,3325.0,2825,0.0,0.0,0.0,0.0
100,0.0,1300,1750,0.0,0.0,575.0,20300.0,0.0,0.0,0.0,0.0,0.0,407,0.0,0.0,0.0,0.0,0.0,0.0,0.0,0.0,1140,0.0,200.0,0.0,1140,0.0,0.0,0.0,0.0,10000,6923,0.0,0.0,3325.0,2875,0.0,0.0,0.0,0.0
100,0.0,1300,1750,0.0,0.0,575.0,20400.0,0.0,0.0,0.0,0.0,0.0,407,0.0,0.0,0.0,0.0,0.0,0.0,0.0,0.0,1140,0.0,200.0,0.0,1140,0.0,0.0,0.0,0.0,9900,6868,0.0,0.0,3375.0,2935,0.0,0.0,0.0,0.0
100,0.0,1300,1750,0.0,0.0,625.0,20500.0,0.0,0.0,0.0,0.0,0.0,407,0.0,0.0,0.0,0.0,0.0,0.0,0.0,0.0,1140,0.0,200.0,0.0,1120,0.0,0.0,0.0,0.0,9900,6868,0.0,0.0,3375.0,3125,0.0,0.0,0.0,0.0
100,0.0,1213,1750,0.0,0.0,610.0,20100.0,0.0,0.0,0.0,0.0,0.0,407,0.0,0.0,0.0,0.0,0.0,0.0,0.0,0.0,1140,0.0,200.0,0.0,1120,0.0,0.0,0.0,0.0,9925,6923,0.0,0.0,3375.0,3200,0.0,0.0,0.0,0.0
120,0.0,1225,1750,0.0,0.0,600.0,20350.0,0.0,0.0,0.0,0.0,0.0,407,0.0,0.0,0.0,0.0,0.0,0.0,0.0,0.0,1140,0.0,200.0,0.0,1120,0.0,0.0,0.0,0.0,10500,6978,0.0,0.0,3375.0,3325,0.0,0.0,0.0,0.0
120,0.0,1288,1750,0.0,0.0,600.0,19950.0,0.0,0.0,0.0,0.0,0.0,407,0.0,0.0,0.0,0.0,0.0,0.0,0.0,0.0,1140,0.0,200.0,0.0,1120,0.0,0.0,0.0,0.0,10500,7143,0.0,0.0,3375.0,3275,0.0,0.0,0.0,0.0
120,0.0,1275,1625,0.0,0.0,600.0,20250.0,0.0,0.0,0.0,0.0,0.0,435,0.0,0.0,0.0,0.0,0.0,0.0,0.0,0.0,1140,0.0,200.0,0.0,1120,0.0,0.0,0.0,0.0,10000,7047,0.0,0.0,3400.0,3175,0.0,0.0,0.0,0.0
120,0.0,1250,1625,0.0,0.0,600.0,20500.0,0.0,0.0,0.0,0.0,0.0,435,0.0,0.0,0.0,0.0,0.0,0.0,0.0,0.0,1140,0.0,200.0,0.0,1200,0.0,0.0,0.0,0.0,10100,6951,0.0,0.0,3375.0,3050,0.0,0.0,0.0,0.0
120,0.0,1250,1625,0.0,0.0,550.0,20350.0,0.0,0.0,0.0,0.0,0.0,463,0.0,0.0,0.0,0.0,0.0,0.0,0.0,0.0,1140,0.0,200.0,0.0,1200,0.0,0.0,0.0,0.0,10000,6923,0.0,0.0,3360.0,3125,0.0,0.0,0.0,0.0
100,0.0,1250,1625,0.0,0.0,525.0,19900.0,0.0,0.0,0.0,0.0,0.0,466,0.0,0.0,0.0,0.0,0.0,0.0,0.0,0.0,1120,0.0,200.0,0.0,1220,0.0,0.0,0.0,0.0,10150,6909,0.0,0.0,3400.0,3050,0.0,0.0,0.0,0.0
100,0.0,1225,1625,0.0,0.0,525.0,19600.0,0.0,0.0,0.0,0.0,0.0,466,0.0,0.0,0.0,0.0,0.0,0.0,0.0,0.0,1120,0.0,200.0,0.0,1220,0.0,0.0,0.0,0.0,10150,7060,0.0,0.0,3400.0,3075,0.0,0.0,0.0,0.0
100,0.0,1225,1625,0.0,0.0,525.0,19500.0,0.0,0.0,0.0,0.0,0.0,466,0.0,0.0,0.0,0.0,0.0,0.0,0.0,0.0,1120,0.0,200.0,0.0,1220,0.0,0.0,0.0,0.0,10225,7074,0.0,0.0,3400.0,3125,0.0,0.0,0.0,0.0
100,0.0,1213,1625,0.0,0.0,525.0,19750.0,0.0,0.0,0.0,0.0,0.0,466,0.0,0.0,0.0,0.0,0.0,0.0,0.0,0.0,1120,0.0,200.0,0.0,1200,0.0,0.0,0.0,0.0,10225,7088,0.0,0.0,3400.0,3125,0.0,0.0,0.0,0.0
100,0.0,1213,1625,0.0,0.0,525.0,19850.0,0.0,0.0,0.0,0.0,0.0,477,0.0,0.0,0.0,0.0,0.0,0.0,0.0,0.0,1110,0.0,200.0,0.0,1200,0.0,0.0,0.0,0.0,10500,7198,0.0,0.0,3400.0,3175,0.0,0.0,0.0,0.0
100,0.0,1206,1625,0.0,0.0,525.0,20250.0,0.0,0.0,0.0,0.0,0.0,477,0.0,0.0,0.0,0.0,0.0,0.0,0.0,0.0,1110,0.0,200.0,0.0,1200,0.0,0.0,0.0,0.0,10950,7184,0.0,0.0,3400.0,3235,0.0,0.0,0.0,0.0
100,0.0,1231,1625,0.0,0.0,450.0,20750.0,0.0,0.0,0.0,0.0,0.0,477,0.0,0.0,0.0,0.0,0.0,0.0,0.0,0.0,1100,0.0,200.0,0.0,1200,0.0,0.0,0.0,0.0,11400,7232,0.0,0.0,3400.0,3325,0.0,0.0,0.0,0.0
110,0.0,1250,1750,0.0,0.0,475.0,20700.0,0.0,0.0,0.0,0.0,0.0,561,0.0,0.0,0.0,0.0,0.0,0.0,0.0,0.0,1100,0.0,200.0,0.0,1200,0.0,0.0,0.0,0.0,11450,7184,0.0,0.0,3450.0,3300,0.0,0.0,0.0,0.0
110,0.0,1225,1750,0.0,0.0,500.0,20950.0,0.0,0.0,0.0,0.0,0.0,561,0.0,0.0,0.0,0.0,0.0,0.0,0.0,0.0,1100,0.0,200.0,0.0,1190,0.0,0.0,0.0,0.0,11200,7115,0.0,0.0,3450.0,3300,0.0,0.0,0.0,0.0
110,0.0,1213,1750,0.0,0.0,500.0,21200.0,0.0,0.0,0.0,0.0,0.0,561,0.0,0.0,0.0,0.0,0.0,0.0,0.0,0.0,1080,0.0,200.0,0.0,1190,0.0,0.0,0.0,0.0,11500,7033,0.0,0.0,3500.0,3275,0.0,0.0,0.0,0.0
110,0.0,1250,1750,0.0,0.0,500.0,21250.0,0.0,0.0,0.0,0.0,0.0,561,0.0,0.0,0.0,0.0,0.0,0.0,0.0,0.0,1080,0.0,200.0,0.0,1190,0.0,0.0,0.0,0.0,11800,7143,0.0,0.0,3500.0,3225,0.0,0.0,0.0,0.0
110,0.0,1244,1750,0.0,0.0,525.0,20900.0,0.0,0.0,0.0,0.0,0.0,561,0.0,0.0,0.0,0.0,0.0,0.0,0.0,0.0,1080,0.0,200.0,0.0,1190,0.0,0.0,0.0,0.0,12000,7115,0.0,0.0,3500.0,3250,0.0,0.0,0.0,0.0
110,0.0,1250,1750,0.0,0.0,525.0,21400.0,0.0,0.0,0.0,0.0,0.0,561,0.0,0.0,0.0,0.0,0.0,0.0,0.0,0.0,1080,0.0,200.0,0.0,1200,0.0,0.0,0.0,0.0,12100,7115,0.0,0.0,3500.0,3325,0.0,0.0,0.0,0.0
110,0.0,1250,1750,0.0,0.0,500.0,21450.0,0.0,0.0,0.0,0.0,0.0,561,0.0,0.0,0.0,0.0,0.0,0.0,0.0,0.0,1080,0.0,200.0,0.0,1200,0.0,0.0,0.0,0.0,11850,7088,0.0,0.0,3400.0,3400,0.0,0.0,0.0,0.0
116,0.0,1238,1875,0.0,0.0,500.0,22350.0,0.0,0.0,0.0,0.0,0.0,561,0.0,0.0,0.0,0.0,0.0,0.0,0.0,0.0,1080,0.0,200.0,0.0,1200,0.0,0.0,0.0,0.0,12300,7143,0.0,0.0,3400.0,3415,0.0,0.0,0.0,0.0
120,0.0,1250,1875,0.0,0.0,500.0,23200.0,0.0,0.0,0.0,0.0,0.0,561,0.0,0.0,0.0,0.0,0.0,0.0,0.0,0.0,1000,0.0,200.0,0.0,1200,0.0,0.0,0.0,0.0,12500,7115,0.0,0.0,3400.0,3550,0.0,0.0,0.0,0.0
120,0.0,1263,1875,0.0,0.0,425.0,24000.0,0.0,0.0,0.0,0.0,0.0,561,0.0,0.0,0.0,0.0,0.0,0.0,0.0,0.0,1080,0.0,200.0,0.0,1200,0.0,0.0,0.0,0.0,12450,7198,0.0,0.0,3375.0,3625,0.0,0.0,0.0,0.0
120,0.0,1250,1875,0.0,0.0,450.0,24500.0,0.0,0.0,0.0,0.0,0.0,547,0.0,0.0,0.0,0.0,0.0,0.0,0.0,0.0,1070,0.0,200.0,0.0,1200,0.0,0.0,0.0,0.0,12200,7143,0.0,0.0,3350.0,3550,0.0,0.0,0.0,0.0
120,0.0,1250,2000,0.0,0.0,450.0,24750.0,0.0,0.0,0.0,2099.0,0.0,547,0.0,0.0,0.0,0.0,0.0,0.0,0.0,0.0,1060,0.0,200.0,0.0,1200,0.0,0.0,0.0,0.0,12000,7060,0.0,0.0,3300.0,3525,0.0,0.0,0.0,0.0
170,0.0,1238,2000,0.0,0.0,450.0,24250.0,0.0,0.0,0.0,2099.0,0.0,547,0.0,0.0,0.0,0.0,0.0,0.0,0.0,0.0,1060,0.0,200.0,0.0,1200,0.0,0.0,0.0,0.0,11950,6923,0.0,0.0,3250.0,3500,0.0,0.0,0.0,0.0
170,0.0,1238,2000,0.0,0.0,450.0,24000.0,0.0,0.0,0.0,2099.0,0.0,547,0.0,0.0,0.0,0.0,0.0,0.0,0.0,0.0,1050,0.0,200.0,0.0,1200,0.0,0.0,0.0,0.0,12100,6868,0.0,0.0,3175.0,3450,0.0,0.0,0.0,0.0
160,0.0,1263,2000,0.0,0.0,480.0,23500.0,0.0,0.0,0.0,2099.0,0.0,547,0.0,0.0,0.0,0.0,0.0,0.0,0.0,0.0,1060,0.0,200.0,0.0,1180,0.0,0.0,0.0,0.0,12100,6813,0.0,0.0,3175.0,3450,0.0,0.0,0.0,0.0
160,0.0,1244,2000,0.0,0.0,480.0,23500.0,0.0,0.0,0.0,2074.0,0.0,547,0.0,0.0,0.0,0.0,0.0,0.0,0.0,0.0,1065,0.0,200.0,0.0,1180,0.0,0.0,0.0,0.0,12100,6703,0.0,0.0,3175.0,3425,0.0,0.0,0.0,0.0
160,0.0,1244,2000,0.0,0.0,480.0,23750.0,0.0,0.0,0.0,2049.0,0.0,547,0.0,0.0,0.0,0.0,0.0,0.0,0.0,0.0,1065,0.0,200.0,0.0,1200,0.0,0.0,0.0,0.0,12050,6676,0.0,0.0,3150.0,3500,0.0,0.0,0.0,0.0
150,0.0,1244,2000,0.0,0.0,480.0,23475.0,0.0,0.0,0.0,1999.0,0.0,547,0.0,0.0,0.0,0.0,0.0,0.0,0.0,0.0,1065,0.0,200.0,0.0,1200,0.0,0.0,0.0,0.0,12100,6538,0.0,0.0,3150.0,3475,0.0,0.0,0.0,0.0
150,0.0,1244,2000,0.0,0.0,500.0,23375.0,0.0,0.0,0.0,1999.0,0.0,533,0.0,0.0,0.0,0.0,0.0,0.0,0.0,0.0,1060,0.0,200.0,0.0,1210,0.0,0.0,0.0,0.0,12400,6662,0.0,0.0,3165.0,3515,0.0,0.0,0.0,0.0
150,0.0,1263,2000,0.0,0.0,490.0,22750.0,0.0,0.0,0.0,1949.0,0.0,533,0.0,0.0,0.0,0.0,0.0,0.0,0.0,0.0,1050,0.0,200.0,0.0,1210,0.0,0.0,0.0,0.0,12400,6676,0.0,0.0,3150.0,3500,0.0,0.0,0.0,0.0
150,0.0,1275,2000,0.0,0.0,490.0,23600.0,0.0,0.0,0.0,1924.0,0.0,533,0.0,0.0,0.0,0.0,0.0,0.0,0.0,0.0,1050,0.0,200.0,0.0,1220,0.0,0.0,0.0,0.0,12300,6648,0.0,0.0,3150.0,3475,0.0,0.0,0.0,0.0
150,0.0,1275,2000,0.0,0.0,490.0,24400.0,0.0,0.0,0.0,1924.0,0.0,519,0.0,0.0,0.0,0.0,0.0,0.0,0.0,0.0,1050,0.0,200.0,0.0,1220,0.0,0.0,0.0,0.0,11800,6648,0.0,0.0,3150.0,3500,0.0,0.0,0.0,0.0
150,0.0,1269,2000,0.0,0.0,500.0,24150.0,0.0,0.0,0.0,1924.0,0.0,519,0.0,0.0,0.0,0.0,0.0,0.0,0.0,0.0,1000,0.0,200.0,0.0,1220,0.0,0.0,0.0,0.0,11700,6525,0.0,0.0,3150.0,3400,0.0,0.0,0.0,0.0
150,0.0,1250,2000,0.0,0.0,500.0,24250.0,0.0,0.0,0.0,1799.0,0.0,519,0.0,0.0,0.0,0.0,0.0,0.0,0.0,0.0,990,0.0,200.0,0.0,1200,0.0,0.0,0.0,0.0,11700,6456,0.0,0.0,3200.0,3400,0.0,0.0,0.0,0.0
140,0.0,1275,2000,0.0,0.0,525.0,24250.0,0.0,0.0,0.0,1899.0,0.0,519,0.0,0.0,0.0,0.0,0.0,0.0,0.0,0.0,990,0.0,200.0,0.0,1200,0.0,0.0,0.0,0.0,11700,6511,0.0,0.0,3125.0,3550,0.0,0.0,0.0,0.0
140,0.0,1275,2000,0.0,0.0,525.0,24000.0,0.0,0.0,0.0,1999.0,0.0,519,0.0,0.0,0.0,0.0,0.0,0.0,0.0,0.0,990,0.0,200.0,0.0,1210,0.0,0.0,0.0,0.0,11900,6470,0.0,0.0,3025.0,3600,0.0,0.0,0.0,0.0
140,0.0,1275,2000,0.0,0.0,525.0,24300.0,0.0,0.0,0.0,1999.0,0.0,519,0.0,0.0,0.0,0.0,0.0,0.0,0.0,0.0,990,0.0,200.0,0.0,1210,0.0,0.0,0.0,0.0,11800,6593,0.0,0.0,3025.0,3595,0.0,0.0,0.0,0.0
140,0.0,1269,2000,0.0,0.0,550.0,23850.0,0.0,0.0,0.0,1999.0,0.0,519,0.0,0.0,0.0,0.0,0.0,0.0,0.0,0.0,990,0.0,200.0,0.0,1210,0.0,0.0,0.0,0.0,11600,6593,0.0,0.0,3025.0,3600,0.0,0.0,0.0,0.0
140,0.0,1266,2000,0.0,0.0,525.0,23900.0,0.0,0.0,0.0,1999.0,0.0,519,0.0,0.0,0.0,0.0,0.0,0.0,0.0,0.0,990,0.0,200.0,0.0,1240,0.0,0.0,0.0,0.0,11550,6538,0.0,0.0,3000.0,3600,0.0,0.0,0.0,0.0
140,0.0,1263,2000,0.0,0.0,550.0,23850.0,0.0,0.0,0.0,1999.0,0.0,519,0.0,0.0,0.0,0.0,0.0,0.0,0.0,0.0,990,0.0,200.0,0.0,1240,0.0,0.0,0.0,0.0,11475,6497,0.0,0.0,3000.0,3575,0.0,0.0,0.0,0.0
140,0.0,1250,2000,0.0,0.0,550.0,23600.0,0.0,0.0,0.0,1999.0,0.0,491,0.0,0.0,0.0,0.0,0.0,0.0,0.0,0.0,970,0.0,200.0,0.0,1240,0.0,0.0,0.0,0.0,11475,6429,0.0,0.0,3000.0,3550,0.0,0.0,0.0,0.0
140,0.0,1250,2000,0.0,0.0,550.0,22850.0,0.0,0.0,0.0,1999.0,0.0,491,0.0,0.0,0.0,0.0,0.0,0.0,0.0,0.0,950,0.0,200.0,0.0,1240,0.0,0.0,0.0,0.0,11475,6401,0.0,0.0,3100.0,3550,0.0,0.0,0.0,0.0
110,0.0,1250,2000,0.0,0.0,570.0,22600.0,0.0,0.0,0.0,1999.0,0.0,505,0.0,0.0,0.0,0.0,0.0,0.0,0.0,0.0,950,0.0,200.0,0.0,1240,0.0,0.0,0.0,0.0,11250,6401,0.0,0.0,3100.0,3550,0.0,0.0,0.0,0.0
110,0.0,1250,2000,0.0,0.0,570.0,22900.0,0.0,0.0,0.0,1999.0,0.0,505,0.0,0.0,0.0,0.0,0.0,0.0,0.0,0.0,950,0.0,200.0,0.0,1240,0.0,0.0,0.0,0.0,11250,6236,0.0,0.0,3100.0,3565,0.0,0.0,0.0,0.0
110,0.0,1250,2000,0.0,0.0,570.0,22900.0,0.0,0.0,0.0,1999.0,0.0,505,0.0,0.0,0.0,0.0,0.0,0.0,0.0,0.0,950,0.0,200.0,0.0,1240,0.0,0.0,0.0,0.0,11300,6346,0.0,0.0,3100.0,3575,0.0,0.0,0.0,0.0
110,0.0,1250,2000,0.0,0.0,570.0,21750.0,0.0,0.0,0.0,1999.0,0.0,505,0.0,0.0,0.0,0.0,0.0,0.0,0.0,0.0,950,0.0,300.0,0.0,1240,0.0,0.0,0.0,0.0,11300,6484,0.0,0.0,3100.0,3635,0.0,0.0,0.0,0.0
100,0.0,1250,2000,0.0,0.0,550.0,21750.0,0.0,0.0,0.0,1974.0,0.0,505,0.0,0.0,0.0,0.0,0.0,0.0,0.0,0.0,960,0.0,300.0,0.0,1240,0.0,0.0,0.0,0.0,11300,6518,0.0,0.0,3100.0,3625,0.0,0.0,0.0,0.0
100,0.0,1200,2000,0.0,0.0,550.0,21900.0,0.0,0.0,0.0,1974.0,0.0,505,0.0,0.0,0.0,0.0,0.0,0.0,0.0,0.0,965,0.0,300.0,0.0,1240,0.0,0.0,0.0,0.0,11450,6552,0.0,0.0,3100.0,3675,0.0,0.0,0.0,0.0
100,0.0,1200,2000,0.0,0.0,550.0,21450.0,0.0,0.0,0.0,1974.0,0.0,505,0.0,0.0,0.0,0.0,0.0,0.0,0.0,0.0,965,0.0,300.0,0.0,1300,0.0,0.0,0.0,0.0,11400,6538,0.0,0.0,3150.0,3700,0.0,0.0,0.0,0.0
100,0.0,1175,2000,0.0,0.0,550.0,21750.0,0.0,0.0,0.0,1974.0,0.0,505,0.0,0.0,0.0,0.0,0.0,0.0,0.0,0.0,1000,0.0,300.0,0.0,1280,0.0,0.0,0.0,0.0,11400,6538,0.0,0.0,3200.0,3750,0.0,0.0,0.0,0.0
100,0.0,1175,2000,0.0,0.0,525.0,21750.0,0.0,0.0,0.0,1899.0,0.0,505,0.0,0.0,0.0,0.0,0.0,0.0,0.0,0.0,1020,0.0,300.0,0.0,1280,0.0,0.0,0.0,0.0,11625,6525,0.0,0.0,3225.0,3700,0.0,0.0,0.0,0.0
100,0.0,1191,2000,0.0,0.0,550.0,21750.0,0.0,0.0,0.0,1899.0,0.0,505,0.0,0.0,0.0,0.0,0.0,0.0,0.0,0.0,1020,0.0,300.0,0.0,1280,0.0,0.0,0.0,0.0,11575,6552,0.0,0.0,3200.0,3675,0.0,0.0,0.0,0.0
100,0.0,1188,2000,0.0,0.0,550.0,21600.0,0.0,0.0,0.0,1849.0,0.0,505,0.0,0.0,0.0,0.0,0.0,0.0,0.0,0.0,1040,0.0,300.0,0.0,1280,0.0,0.0,0.0,0.0,11450,6525,0.0,0.0,3225.0,3625,0.0,0.0,0.0,0.0
120,0.0,1194,2000,0.0,0.0,550.0,21750.0,0.0,0.0,0.0,1849.0,0.0,505,0.0,0.0,0.0,0.0,0.0,0.0,0.0,0.0,1030,0.0,300.0,0.0,1280,0.0,0.0,0.0,0.0,11425,6442,0.0,0.0,3200.0,3525,0.0,0.0,0.0,0.0
120,0.0,1194,2000,0.0,0.0,550.0,21500.0,0.0,0.0,0.0,1824.0,0.0,505,0.0,0.0,0.0,0.0,0.0,0.0,0.0,0.0,1020,0.0,300.0,0.0,1280,0.0,0.0,0.0,0.0,11550,6415,0.0,0.0,3200.0,3590,0.0,0.0,0.0,0.0
120,0.0,1194,2000,0.0,0.0,500.0,21450.0,0.0,0.0,0.0,1824.0,0.0,498,0.0,0.0,0.0,0.0,0.0,0.0,0.0,0.0,1020,0.0,300.0,0.0,1280,0.0,0.0,0.0,0.0,11600,6484,0.0,0.0,3250.0,3575,0.0,0.0,0.0,0.0
130,0.0,1194,2000,0.0,0.0,450.0,21250.0,0.0,0.0,0.0,1824.0,0.0,491,0.0,0.0,0.0,0.0,0.0,0.0,0.0,0.0,1020,0.0,300.0,0.0,1260,0.0,0.0,0.0,0.0,11600,6538,0.0,0.0,3250.0,3575,0.0,0.0,0.0,0.0
140,0.0,1194,2000,0.0,0.0,450.0,21400.0,0.0,0.0,0.0,1799.0,0.0,491,0.0,0.0,0.0,0.0,0.0,0.0,0.0,0.0,1030,0.0,200.0,0.0,1260,0.0,0.0,0.0,0.0,11200,6484,0.0,0.0,3250.0,3550,0.0,0.0,0.0,0.0
150,0.0,1194,2000,0.0,0.0,400.0,21400.0,0.0,0.0,0.0,1799.0,0.0,491,0.0,0.0,0.0,0.0,0.0,0.0,0.0,0.0,1045,0.0,200.0,0.0,1260,0.0,0.0,0.0,0.0,11200,6511,0.0,0.0,3275.0,3475,0.0,0.0,0.0,0.0
150,0.0,1225,2000,0.0,0.0,500.0,20800.0,0.0,0.0,0.0,1799.0,0.0,477,0.0,0.0,0.0,0.0,0.0,0.0,0.0,0.0,1050,0.0,200.0,0.0,1260,0.0,0.0,0.0,0.0,11300,6532,0.0,0.0,3275.0,3485,0.0,0.0,0.0,0.0
150,0.0,1250,2000,0.0,0.0,500.0,20700.0,0.0,0.0,0.0,1799.0,0.0,477,0.0,0.0,0.0,0.0,0.0,0.0,0.0,0.0,1050,0.0,200.0,0.0,1260,0.0,0.0,0.0,0.0,11375,6676,0.0,0.0,3300.0,3500,0.0,0.0,0.0,0.0
150,0.0,1263,1825,0.0,0.0,500.0,20600.0,0.0,0.0,0.0,1799.0,0.0,477,0.0,0.0,0.0,0.0,0.0,0.0,0.0,0.0,1060,0.0,200.0,0.0,1260,0.0,0.0,0.0,0.0,11250,6683,0.0,0.0,3325.0,3500,0.0,0.0,0.0,0.0
148,0.0,1263,1825,0.0,0.0,540.0,20800.0,0.0,0.0,0.0,1849.0,0.0,477,0.0,0.0,0.0,0.0,0.0,0.0,0.0,0.0,1060,0.0,200.0,0.0,1260,0.0,0.0,0.0,0.0,11125,6648,0.0,0.0,3350.0,3475,0.0,0.0,0.0,0.0
148,0.0,1238,1825,0.0,0.0,540.0,20700.0,0.0,0.0,0.0,1899.0,0.0,463,0.0,0.0,0.0,0.0,0.0,0.0,0.0,0.0,1100,0.0,200.0,0.0,1260,0.0,0.0,0.0,0.0,11200,6593,0.0,0.0,3425.0,3475,0.0,0.0,0.0,0.0
144,0.0,1238,1825,0.0,0.0,525.0,20550.0,0.0,0.0,0.0,1899.0,0.0,463,0.0,0.0,0.0,0.0,0.0,0.0,0.0,0.0,1125,0.0,200.0,0.0,1280,0.0,0.0,0.0,0.0,11150,6696,0.0,0.0,3450.0,3500,0.0,0.0,0.0,0.0
140,0.0,1225,1800,0.0,0.0,525.0,20150.0,0.0,0.0,0.0,1899.0,0.0,463,0.0,0.0,0.0,0.0,0.0,0.0,0.0,0.0,1125,0.0,200.0,0.0,1280,0.0,0.0,0.0,0.0,11150,6676,0.0,0.0,3550.0,3450,0.0,0.0,0.0,0.0
140,0.0,1238,1800,0.0,0.0,525.0,20200.0,0.0,0.0,0.0,1899.0,0.0,449,0.0,0.0,0.0,0.0,0.0,0.0,0.0,0.0,1130,0.0,200.0,0.0,1280,0.0,0.0,0.0,0.0,11250,6676,0.0,0.0,3600.0,3510,0.0,0.0,0.0,0.0
140,0.0,1238,1800,0.0,0.0,525.0,20000.0,0.0,0.0,0.0,1849.0,0.0,463,0.0,0.0,0.0,0.0,0.0,0.0,0.0,0.0,1140,0.0,200.0,0.0,1280,0.0,0.0,0.0,0.0,11240,6676,0.0,0.0,3775.0,3515,0.0,0.0,0.0,0.0
140,0.0,1225,2000,0.0,0.0,500.0,20250.0,0.0,0.0,0.0,1849.0,0.0,463,0.0,0.0,0.0,0.0,0.0,0.0,0.0,0.0,1140,0.0,200.0,0.0,1310,0.0,0.0,0.0,0.0,11240,6690,0.0,0.0,3800.0,3525,0.0,0.0,0.0,0.0
140,0.0,1225,2000,0.0,0.0,500.0,20000.0,0.0,0.0,0.0,1849.0,0.0,470,0.0,0.0,0.0,0.0,0.0,0.0,0.0,0.0,1150,0.0,200.0,0.0,1310,0.0,0.0,0.0,0.0,11225,6758,0.0,0.0,3825.0,3525,0.0,0.0,0.0,0.0
140,0.0,1250,2000,0.0,0.0,500.0,20000.0,0.0,0.0,0.0,1849.0,0.0,470,0.0,0.0,0.0,0.0,0.0,0.0,0.0,0.0,1150,0.0,200.0,0.0,1310,0.0,0.0,0.0,0.0,11325,6786,0.0,0.0,3850.0,3550,0.0,0.0,0.0,0.0
140,0.0,1269,2000,0.0,0.0,475.0,20000.0,0.0,0.0,0.0,1849.0,0.0,470,0.0,0.0,0.0,0.0,0.0,0.0,0.0,0.0,1150,0.0,200.0,0.0,1325,0.0,0.0,0.0,0.0,11300,6731,0.0,0.0,3950.0,3525,0.0,0.0,0.0,0.0
130,0.0,1250,2000,0.0,0.0,475.0,20100.0,0.0,0.0,0.0,1849.0,0.0,470,0.0,0.0,0.0,0.0,0.0,0.0,0.0,0.0,1160,0.0,200.0,0.0,1325,0.0,0.0,0.0,0.0,11200,6593,0.0,0.0,3950.0,3515,0.0,0.0,0.0,0.0
65,0.0,1263,2000,0.0,0.0,475.0,19650.0,0.0,0.0,0.0,1749.0,0.0,463,0.0,0.0,0.0,0.0,0.0,0.0,0.0,0.0,1170,0.0,200.0,0.0,1360,0.0,0.0,0.0,0.0,11000,6580,0.0,0.0,4050.0,3500,0.0,0.0,0.0,0.0
130,0.0,1238,2000,0.0,0.0,475.0,19350.0,0.0,0.0,0.0,1699.0,0.0,463,0.0,0.0,0.0,0.0,0.0,0.0,0.0,0.0,1170,0.0,200.0,0.0,1360,0.0,0.0,0.0,0.0,11200,6429,0.0,0.0,4075.0,3375,0.0,0.0,0.0,0.0
130,0.0,1238,2000,0.0,0.0,475.0,19100.0,0.0,0.0,0.0,1699.0,0.0,463,0.0,0.0,0.0,0.0,0.0,0.0,0.0,0.0,1210,0.0,200.0,0.0,1360,0.0,0.0,0.0,0.0,11150,6429,0.0,0.0,4100.0,3400,0.0,0.0,0.0,0.0
130,0.0,1250,2000,0.0,0.0,475.0,18900.0,0.0,0.0,0.0,1699.0,0.0,456,0.0,0.0,0.0,0.0,0.0,0.0,0.0,0.0,1220,0.0,200.0,0.0,1400,0.0,0.0,0.0,0.0,11150,6346,0.0,0.0,4100.0,3385,0.0,0.0,0.0,0.0
130,0.0,1250,1875,0.0,0.0,450.0,19050.0,0.0,0.0,0.0,1649.0,0.0,456,0.0,0.0,0.0,0.0,0.0,0.0,0.0,0.0,1220,0.0,200.0,0.0,1400,0.0,0.0,0.0,0.0,10950,6374,0.0,0.0,4150.0,3325,0.0,0.0,0.0,0.0
130,0.0,1225,1875,0.0,0.0,450.0,18850.0,0.0,0.0,0.0,1649.0,0.0,463,0.0,0.0,0.0,0.0,0.0,0.0,0.0,0.0,1220,0.0,200.0,0.0,1400,0.0,0.0,0.0,0.0,10875,6264,0.0,0.0,4150.0,3100,0.0,0.0,0.0,0.0
110,0.0,1225,1875,0.0,0.0,450.0,18950.0,0.0,0.0,0.0,1649.0,0.0,463,0.0,0.0,0.0,0.0,0.0,0.0,0.0,0.0,1220,0.0,200.0,0.0,1400,0.0,0.0,0.0,0.0,10750,6346,0.0,0.0,4175.0,3200,0.0,0.0,0.0,0.0
110,0.0,1225,1875,0.0,0.0,450.0,18250.0,0.0,0.0,0.0,1649.0,0.0,463,0.0,0.0,0.0,0.0,0.0,0.0,0.0,0.0,1220,0.0,200.0,0.0,1450,0.0,0.0,0.0,0.0,10650,6319,0.0,0.0,4200.0,3200,0.0,0.0,0.0,0.0
110,0.0,1206,1875,0.0,0.0,425.0,18325.0,0.0,0.0,0.0,1649.0,0.0,456,0.0,0.0,0.0,0.0,0.0,0.0,0.0,0.0,1220,0.0,200.0,0.0,1440,0.0,0.0,0.0,0.0,10600,6305,0.0,0.0,4200.0,3150,0.0,0.0,0.0,0.0
90,0.0,1206,1875,0.0,0.0,500.0,17950.0,0.0,0.0,0.0,1649.0,0.0,456,0.0,0.0,0.0,0.0,0.0,0.0,0.0,0.0,1220,0.0,200.0,0.0,1440,0.0,0.0,0.0,0.0,10550,6264,0.0,0.0,4275.0,3200,0.0,0.0,0.0,0.0
90,0.0,1200,1875,0.0,0.0,500.0,17500.0,0.0,0.0,0.0,1649.0,0.0,456,0.0,0.0,0.0,0.0,0.0,0.0,0.0,0.0,1220,0.0,200.0,0.0,1420,0.0,0.0,0.0,0.0,10600,6223,0.0,0.0,4275.0,3225,0.0,0.0,0.0,0.0
80,0.0,1200,1875,0.0,0.0,475.0,17250.0,0.0,0.0,0.0,1699.0,0.0,456,0.0,0.0,0.0,0.0,0.0,0.0,0.0,0.0,1220,0.0,200.0,0.0,1420,0.0,0.0,0.0,0.0,10550,6291,0.0,0.0,4275.0,3225,0.0,0.0,0.0,0.0
80,0.0,1216,1875,0.0,0.0,475.0,17150.0,0.0,0.0,0.0,1699.0,0.0,456,0.0,0.0,0.0,0.0,0.0,0.0,0.0,0.0,1220,0.0,200.0,0.0,1420,0.0,0.0,0.0,0.0,10550,6277,0.0,0.0,4175.0,3225,0.0,0.0,0.0,0.0
90,0.0,1216,1875,0.0,0.0,475.0,17950.0,0.0,0.0,0.0,1699.0,0.0,456,0.0,0.0,0.0,0.0,0.0,0.0,0.0,0.0,1200,0.0,200.0,0.0,1420,0.0,0.0,0.0,0.0,10550,6154,0.0,0.0,4175.0,3225,0.0,0.0,0.0,0.0
90,0.0,1213,1875,0.0,0.0,525.0,17850.0,0.0,0.0,0.0,1799.0,0.0,456,0.0,0.0,0.0,0.0,0.0,0.0,0.0,0.0,1200,0.0,200.0,0.0,1400,0.0,0.0,0.0,0.0,10550,6065,0.0,0.0,4175.0,3200,0.0,0.0,0.0,0.0
90,0.0,1213,1875,0.0,0.0,525.0,17350.0,0.0,0.0,0.0,1799.0,0.0,449,0.0,0.0,0.0,0.0,0.0,0.0,0.0,0.0,1200,0.0,200.0,0.0,1400,0.0,0.0,0.0,0.0,10350,6113,0.0,0.0,4050.0,3150,0.0,0.0,0.0,0.0
90,0.0,1206,1875,0.0,0.0,525.0,17100.0,0.0,0.0,0.0,1799.0,0.0,449,0.0,0.0,0.0,0.0,0.0,0.0,0.0,0.0,1200,0.0,200.0,0.0,1400,0.0,0.0,0.0,0.0,10500,6126,0.0,0.0,4050.0,3100,0.0,0.0,0.0,0.0
90,0.0,1213,1875,0.0,0.0,525.0,17250.0,0.0,0.0,0.0,1799.0,0.0,449,0.0,0.0,0.0,0.0,0.0,0.0,0.0,0.0,1200,0.0,200.0,0.0,1400,0.0,0.0,0.0,0.0,10500,6181,0.0,0.0,4050.0,3050,0.0,0.0,0.0,0.0
90,0.0,1213,1875,0.0,0.0,525.0,17275.0,0.0,0.0,0.0,1799.0,0.0,456,0.0,0.0,0.0,0.0,0.0,0.0,0.0,0.0,1200,0.0,200.0,0.0,1400,0.0,0.0,0.0,0.0,10500,6181,0.0,0.0,4050.0,3050,0.0,0.0,0.0,0.0
90,0.0,1213,1875,0.0,0.0,525.0,17150.0,0.0,0.0,0.0,1799.0,0.0,456,0.0,0.0,0.0,0.0,0.0,0.0,0.0,0.0,1200,0.0,200.0,0.0,1400,0.0,0.0,0.0,0.0,10500,6209,0.0,0.0,4050.0,3200,0.0,0.0,0.0,0.0
90,0.0,1216,1875,0.0,0.0,550.0,17150.0,0.0,0.0,0.0,1799.0,0.0,456,0.0,0.0,0.0,0.0,0.0,0.0,0.0,0.0,1220,0.0,200.0,0.0,1400,0.0,0.0,0.0,0.0,10750,6456,0.0,0.0,4050.0,3275,0.0,0.0,0.0,0.0
90,0.0,1225,1875,0.0,0.0,550.0,17050.0,0.0,0.0,0.0,1809.0,0.0,463,0.0,0.0,0.0,0.0,0.0,0.0,0.0,0.0,1220,0.0,200.0,0.0,1400,0.0,0.0,0.0,0.0,10750,6497,0.0,0.0,4100.0,3300,0.0,0.0,0.0,0.0
90,0.0,1225,1875,0.0,0.0,565.0,17300.0,0.0,0.0,0.0,1809.0,0.0,463,0.0,0.0,0.0,0.0,0.0,0.0,0.0,0.0,1200,0.0,200.0,0.0,1400,0.0,0.0,0.0,0.0,10750,6484,0.0,0.0,4200.0,3250,0.0,0.0,0.0,0.0
100,0.0,1225,1875,0.0,0.0,575.0,17900.0,0.0,0.0,0.0,1809.0,0.0,463,0.0,0.0,0.0,0.0,0.0,0.0,0.0,0.0,1200,0.0,200.0,0.0,1400,0.0,0.0,0.0,0.0,10750,6470,0.0,0.0,4200.0,3300,0.0,0.0,0.0,0.0
100,0.0,1225,1875,0.0,0.0,550.0,17850.0,0.0,0.0,0.0,1809.0,0.0,463,0.0,0.0,0.0,0.0,0.0,0.0,0.0,0.0,1200,0.0,200.0,0.0,1400,0.0,0.0,0.0,0.0,10750,6470,0.0,0.0,4250.0,3300,0.0,0.0,0.0,0.0
100,0.0,1225,1875,0.0,0.0,550.0,17900.0,0.0,0.0,0.0,1809.0,0.0,463,0.0,0.0,0.0,0.0,0.0,0.0,0.0,0.0,1200,0.0,200.0,0.0,1400,0.0,0.0,0.0,0.0,10900,6470,0.0,0.0,4250.0,3300,0.0,0.0,0.0,0.0
100,0.0,1231,1875,0.0,0.0,550.0,17900.0,0.0,0.0,0.0,1809.0,0.0,470,0.0,0.0,0.0,0.0,0.0,0.0,0.0,0.0,1180,0.0,200.0,0.0,1380,0.0,0.0,0.0,0.0,11200,6484,0.0,0.0,4250.0,3350,0.0,0.0,0.0,0.0
100,0.0,1244,1875,0.0,0.0,550.0,17850.0,0.0,0.0,0.0,1809.0,0.0,463,0.0,0.0,0.0,0.0,0.0,0.0,0.0,0.0,1190,0.0,300.0,0.0,1380,0.0,0.0,0.0,0.0,11200,6456,0.0,0.0,4300.0,3400,0.0,0.0,0.0,0.0
100,0.0,1250,1875,0.0,0.0,550.0,18100.0,0.0,0.0,0.0,1809.0,0.0,463,0.0,0.0,0.0,0.0,0.0,0.0,0.0,0.0,1190,0.0,300.0,0.0,1380,0.0,0.0,0.0,0.0,11200,6484,0.0,0.0,4400.0,3375,0.0,0.0,0.0,0.0
100,0.0,1250,2000,0.0,0.0,550.0,18513.0,0.0,0.0,0.0,1809.0,0.0,463,0.0,0.0,0.0,0.0,0.0,0.0,0.0,0.0,1190,0.0,300.0,0.0,1380,0.0,0.0,0.0,0.0,11000,6484,0.0,0.0,4400.0,3375,0.0,0.0,0.0,0.0
100,0.0,1250,2000,0.0,0.0,550.0,18500.0,0.0,0.0,0.0,1809.0,0.0,463,0.0,0.0,0.0,0.0,0.0,0.0,0.0,0.0,1190,0.0,300.0,0.0,1380,0.0,0.0,0.0,0.0,10600,6429,0.0,0.0,4400.0,3350,0.0,0.0,0.0,0.0
100,0.0,1250,2000,0.0,0.0,600.0,18500.0,0.0,0.0,0.0,1819.0,0.0,463,0.0,0.0,0.0,0.0,0.0,0.0,0.0,0.0,1180,0.0,300.0,0.0,1380,0.0,0.0,0.0,0.0,10450,6291,0.0,0.0,4400.0,3350,0.0,0.0,0.0,0.0
100,0.0,1250,2000,0.0,0.0,600.0,18250.0,0.0,0.0,0.0,1819.0,0.0,463,0.0,0.0,0.0,0.0,0.0,0.0,0.0,0.0,1170,0.0,300.0,0.0,1380,0.0,0.0,0.0,0.0,10400,6209,0.0,0.0,4400.0,3400,0.0,0.0,0.0,0.0
100,0.0,1194,2000,0.0,0.0,600.0,17250.0,0.0,0.0,0.0,1819.0,0.0,463,0.0,0.0,0.0,0.0,0.0,0.0,0.0,0.0,1170,0.0,300.0,0.0,1380,0.0,0.0,0.0,0.0,10000,6264,0.0,0.0,4300.0,3425,0.0,0.0,0.0,0.0
100,0.0,1194,1900,0.0,0.0,550.0,17250.0,0.0,0.0,0.0,1849.0,0.0,463,0.0,0.0,0.0,0.0,0.0,0.0,0.0,0.0,1170,0.0,300.0,0.0,1380,0.0,0.0,0.0,0.0,9600,6099,0.0,0.0,4250.0,3425,0.0,0.0,0.0,0.0
100,0.0,1138,1900,0.0,0.0,550.0,17450.0,0.0,0.0,0.0,1829.0,0.0,463,0.0,0.0,0.0,0.0,0.0,0.0,0.0,0.0,1170,0.0,300.0,0.0,1360,0.0,0.0,0.0,0.0,9400,6016,0.0,0.0,4250.0,3350,0.0,0.0,0.0,0.0
100,0.0,1113,1900,0.0,0.0,550.0,16850.0,0.0,0.0,0.0,1829.0,0.0,463,0.0,0.0,0.0,0.0,0.0,0.0,0.0,0.0,1170,0.0,300.0,0.0,1360,0.0,0.0,0.0,0.0,9700,5962,0.0,0.0,4250.0,3300,0.0,0.0,0.0,0.0
100,0.0,1113,1900,0.0,0.0,550.0,16950.0,0.0,0.0,0.0,1819.0,0.0,463,0.0,0.0,0.0,0.0,0.0,0.0,0.0,0.0,1170,0.0,300.0,0.0,1360,0.0,0.0,0.0,0.0,9750,6099,0.0,0.0,4000.0,3300,0.0,0.0,0.0,0.0
100,0.0,1125,1900,0.0,0.0,550.0,17100.0,0.0,0.0,0.0,1799.0,0.0,463,0.0,0.0,0.0,0.0,0.0,0.0,0.0,0.0,1170,0.0,300.0,0.0,1370,0.0,0.0,0.0,0.0,9750,6016,0.0,0.0,4000.0,3300,0.0,0.0,0.0,0.0
100,0.0,1119,1900,0.0,0.0,540.0,17750.0,0.0,0.0,0.0,1799.0,0.0,463,0.0,0.0,0.0,0.0,0.0,0.0,0.0,0.0,1170,0.0,300.0,0.0,1370,0.0,0.0,0.0,0.0,9100,5824,0.0,0.0,4025.0,3200,0.0,0.0,0.0,0.0
110,0.0,1075,1900,0.0,0.0,540.0,17400.0,0.0,0.0,0.0,1784.0,0.0,463,0.0,0.0,0.0,0.0,0.0,0.0,0.0,0.0,1100,0.0,300.0,0.0,1370,0.0,0.0,0.0,0.0,9250,5824,0.0,0.0,4025.0,3050,0.0,0.0,0.0,0.0
110,0.0,1088,1900,0.0,0.0,540.0,16750.0,0.0,0.0,0.0,1749.0,0.0,449,0.0,0.0,0.0,0.0,0.0,0.0,0.0,0.0,1100,0.0,300.0,0.0,1360,0.0,0.0,0.0,0.0,9050,5879,0.0,0.0,4025.0,3025,0.0,0.0,0.0,0.0
110,0.0,1088,1900,0.0,0.0,530.0,16650.0,0.0,0.0,0.0,1749.0,0.0,463,0.0,0.0,0.0,0.0,0.0,0.0,0.0,0.0,1100,0.0,300.0,0.0,1340,0.0,0.0,0.0,0.0,8900,5728,0.0,0.0,4100.0,3025,0.0,0.0,0.0,0.0
110,0.0,1034,1900,0.0,0.0,530.0,17250.0,0.0,0.0,0.0,1724.0,0.0,463,0.0,0.0,0.0,0.0,0.0,0.0,0.0,0.0,1080,0.0,200.0,0.0,1340,0.0,0.0,0.0,0.0,8800,5714,0.0,0.0,4100.0,3050,0.0,0.0,0.0,0.0
110,0.0,1013,1900,0.0,0.0,530.0,16850.0,0.0,0.0,0.0,1699.0,0.0,463,0.0,0.0,0.0,0.0,0.0,0.0,0.0,0.0,1020,0.0,200.0,0.0,1340,0.0,0.0,0.0,0.0,8800,5604,0.0,0.0,4050.0,2950,0.0,0.0,0.0,0.0
110,0.0,1019,1900,0.0,0.0,530.0,17100.0,0.0,0.0,0.0,1699.0,0.0,456,0.0,0.0,0.0,0.0,0.0,0.0,0.0,0.0,1010,0.0,200.0,0.0,1340,0.0,0.0,0.0,0.0,8575,5549,0.0,0.0,4000.0,3000,0.0,0.0,0.0,0.0
110,0.0,963,1900,0.0,0.0,530.0,17400.0,0.0,0.0,0.0,1699.0,0.0,456,0.0,0.0,0.0,0.0,0.0,0.0,0.0,0.0,1010,0.0,200.0,0.0,1340,0.0,0.0,0.0,0.0,8450,5467,0.0,0.0,4000.0,3000,0.0,0.0,0.0,0.0
110,0.0,963,1900,0.0,0.0,530.0,16900.0,0.0,0.0,0.0,1699.0,0.0,456,0.0,0.0,0.0,0.0,0.0,0.0,0.0,0.0,1030,0.0,200.0,0.0,1340,0.0,0.0,0.0,0.0,8500,5357,0.0,0.0,4000.0,2950,0.0,0.0,0.0,0.0
110,0.0,938,1900,0.0,0.0,525.0,16500.0,0.0,0.0,0.0,1699.0,0.0,456,0.0,0.0,0.0,0.0,0.0,0.0,0.0,0.0,1030,0.0,300.0,0.0,1320,0.0,0.0,0.0,0.0,8400,5357,0.0,0.0,3950.0,3000,0.0,0.0,0.0,0.0
110,0.0,925,1900,0.0,0.0,525.0,15950.0,0.0,0.0,0.0,1699.0,0.0,456,0.0,0.0,0.0,0.0,0.0,0.0,0.0,0.0,1030,0.0,300.0,0.0,1320,0.0,0.0,0.0,0.0,8350,5220,0.0,0.0,3900.0,2925,0.0,0.0,0.0,0.0
110,0.0,925,1900,0.0,0.0,525.0,15600.0,0.0,0.0,0.0,1699.0,0.0,463,0.0,0.0,0.0,0.0,0.0,0.0,0.0,0.0,1030,0.0,300.0,0.0,1320,0.0,0.0,0.0,0.0,8350,5151,0.0,0.0,3875.0,2900,0.0,0.0,0.0,0.0
110,0.0,969,1900,0.0,0.0,525.0,14850.0,0.0,0.0,0.0,1699.0,0.0,463,0.0,0.0,0.0,0.0,0.0,0.0,0.0,0.0,1070,0.0,300.0,0.0,1320,0.0,0.0,0.0,0.0,8350,5165,0.0,0.0,3800.0,3025,0.0,0.0,0.0,0.0
110,0.0,1013,1900,0.0,0.0,525.0,15000.0,0.0,0.0,0.0,1699.0,0.0,470,0.0,0.0,0.0,0.0,0.0,0.0,0.0,0.0,1080,0.0,300.0,0.0,1325,0.0,0.0,0.0,0.0,9400,5288,0.0,0.0,3750.0,3125,0.0,0.0,0.0,0.0
110,0.0,1063,1900,0.0,0.0,525.0,15400.0,0.0,0.0,0.0,1699.0,0.0,470,0.0,0.0,0.0,0.0,0.0,0.0,0.0,0.0,1060,0.0,300.0,0.0,1325,0.0,0.0,0.0,0.0,9400,5549,0.0,0.0,3800.0,3200,0.0,0.0,0.0,0.0
110,0.0,1063,1900,0.0,0.0,525.0,15600.0,0.0,0.0,0.0,1699.0,0.0,470,0.0,0.0,0.0,0.0,0.0,0.0,0.0,0.0,1080,0.0,300.0,0.0,1325,0.0,0.0,0.0,0.0,8900,5522,0.0,0.0,3850.0,3200,0.0,0.0,0.0,0.0
105,0.0,1000,1900,0.0,0.0,525.0,15750.0,0.0,0.0,0.0,1699.0,0.0,470,0.0,0.0,0.0,0.0,0.0,0.0,0.0,0.0,1080,0.0,300.0,0.0,1310,0.0,0.0,0.0,0.0,8800,5316,0.0,0.0,3950.0,3075,0.0,0.0,0.0,0.0
105,0.0,1000,1900,0.0,0.0,500.0,15000.0,0.0,0.0,0.0,1699.0,0.0,470,0.0,0.0,0.0,0.0,0.0,0.0,0.0,0.0,1080,0.0,300.0,0.0,1310,0.0,0.0,0.0,0.0,9350,5302,0.0,0.0,3950.0,3000,0.0,0.0,0.0,0.0
105,0.0,1063,1900,0.0,0.0,490.0,14350.0,0.0,0.0,0.0,1674.0,0.0,491,0.0,0.0,0.0,0.0,0.0,0.0,0.0,0.0,1080,0.0,300.0,0.0,1320,0.0,0.0,0.0,0.0,9250,5330,0.0,0.0,3900.0,3000,0.0,0.0,0.0,0.0
105,0.0,1063,1900,0.0,0.0,490.0,14250.0,0.0,0.0,0.0,1674.0,0.0,491,0.0,0.0,0.0,0.0,0.0,0.0,0.0,0.0,1090,0.0,300.0,0.0,1300,0.0,0.0,0.0,0.0,9150,5275,0.0,0.0,3900.0,2975,0.0,0.0,0.0,0.0
105,0.0,1044,1900,0.0,0.0,470.0,15100.0,0.0,0.0,0.0,1674.0,0.0,505,0.0,0.0,0.0,0.0,0.0,0.0,0.0,0.0,1090,0.0,300.0,0.0,1300,0.0,0.0,0.0,0.0,9100,5247,0.0,0.0,3950.0,3000,0.0,0.0,0.0,0.0
100,0.0,1038,1900,0.0,0.0,470.0,14750.0,0.0,0.0,0.0,1674.0,0.0,505,0.0,0.0,0.0,0.0,0.0,0.0,0.0,0.0,1090,0.0,300.0,0.0,1300,0.0,0.0,0.0,0.0,8900,5220,0.0,0.0,3950.0,3000,0.0,0.0,0.0,0.0
100,0.0,1038,1900,0.0,0.0,490.0,14500.0,0.0,0.0,0.0,1674.0,0.0,505,0.0,0.0,0.0,0.0,0.0,0.0,0.0,0.0,1120,0.0,300.0,0.0,1300,0.0,0.0,0.0,0.0,8900,5247,0.0,0.0,3900.0,2975,0.0,0.0,0.0,0.0
100,0.0,1013,1900,0.0,0.0,490.0,14450.0,0.0,0.0,0.0,1549.0,0.0,505,0.0,0.0,0.0,0.0,0.0,0.0,0.0,0.0,1120,0.0,270.0,0.0,1300,0.0,0.0,0.0,0.0,8900,5165,0.0,0.0,3900.0,2925,0.0,0.0,0.0,0.0
100,0.0,1013,1900,0.0,0.0,480.0,14500.0,0.0,0.0,0.0,1499.0,0.0,491,0.0,0.0,0.0,0.0,0.0,0.0,0.0,0.0,1130,0.0,270.0,0.0,1300,0.0,0.0,0.0,0.0,8600,5069,0.0,0.0,3900.0,2925,0.0,0.0,0.0,0.0
100,0.0,1000,1900,0.0,0.0,450.0,14150.0,0.0,0.0,0.0,1474.0,0.0,477,0.0,0.0,0.0,0.0,0.0,0.0,0.0,0.0,1130,0.0,265.0,0.0,1300,0.0,0.0,0.0,0.0,8625,5055,0.0,0.0,3850.0,2915,0.0,0.0,0.0,0.0
90,0.0,1000,1900,0.0,0.0,460.0,14000.0,0.0,0.0,0.0,1499.0,0.0,463,0.0,0.0,0.0,0.0,0.0,0.0,0.0,0.0,1130,0.0,265.0,0.0,1300,0.0,0.0,0.0,0.0,8625,5027,0.0,0.0,3875.0,2925,0.0,0.0,0.0,0.0
90,0.0,994,1900,0.0,0.0,450.0,14075.0,0.0,0.0,0.0,1499.0,0.0,463,0.0,0.0,0.0,0.0,0.0,0.0,0.0,0.0,1140,0.0,265.0,0.0,1240,0.0,0.0,0.0,0.0,8800,5041,0.0,0.0,3875.0,2935,0.0,0.0,0.0,0.0
90,0.0,994,1900,0.0,0.0,450.0,13900.0,0.0,0.0,0.0,1499.0,0.0,463,0.0,0.0,0.0,0.0,0.0,0.0,0.0,0.0,1140,0.0,265.0,0.0,1240,0.0,0.0,0.0,0.0,9000,5103,0.0,0.0,3850.0,2950,0.0,0.0,0.0,0.0
90,0.0,1025,1900,0.0,0.0,450.0,13950.0,0.0,0.0,0.0,1499.0,0.0,463,0.0,0.0,0.0,0.0,0.0,0.0,0.0,0.0,1130,0.0,265.0,0.0,1200,0.0,0.0,0.0,0.0,8930,5275,0.0,0.0,3875.0,2975,0.0,0.0,0.0,0.0
90,0.0,1019,1900,0.0,0.0,450.0,13950.0,0.0,0.0,0.0,1499.0,0.0,470,0.0,0.0,0.0,0.0,0.0,0.0,0.0,0.0,1130,0.0,265.0,0.0,1200,0.0,0.0,0.0,0.0,9000,5275,0.0,0.0,3900.0,2900,0.0,0.0,0.0,0.0
90,0.0,1013,1900,0.0,0.0,460.0,14050.0,0.0,0.0,0.0,1499.0,0.0,470,0.0,0.0,0.0,0.0,0.0,0.0,0.0,0.0,1150,0.0,265.0,0.0,1160,0.0,0.0,0.0,0.0,8900,5323,0.0,0.0,3925.0,2930,0.0,0.0,0.0,0.0
90,0.0,1013,1900,0.0,0.0,450.0,13375.0,0.0,0.0,0.0,1499.0,0.0,477,0.0,0.0,0.0,0.0,0.0,0.0,0.0,0.0,1160,0.0,265.0,0.0,1200,0.0,0.0,0.0,0.0,9000,5481,0.0,0.0,3925.0,3125,0.0,0.0,0.0,0.0
90,0.0,1025,1900,0.0,0.0,450.0,13400.0,0.0,0.0,0.0,1499.0,0.0,477,0.0,0.0,0.0,0.0,0.0,0.0,0.0,0.0,1160,0.0,265.0,0.0,1240,0.0,0.0,0.0,0.0,9000,5426,0.0,0.0,3925.0,3150,0.0,0.0,0.0,0.0
90,0.0,1025,2000,0.0,0.0,450.0,13500.0,0.0,0.0,0.0,1499.0,0.0,470,0.0,0.0,0.0,0.0,0.0,0.0,0.0,0.0,1175,0.0,265.0,0.0,1260,0.0,0.0,0.0,0.0,8900,5350,0.0,0.0,3925.0,3225,0.0,0.0,0.0,0.0
80,0.0,1019,2000,0.0,0.0,450.0,12750.0,0.0,0.0,0.0,1549.0,0.0,470,0.0,0.0,0.0,0.0,0.0,0.0,0.0,0.0,1170,0.0,265.0,0.0,1260,0.0,0.0,0.0,0.0,8900,5316,0.0,0.0,4200.0,3300,0.0,0.0,0.0,0.0
80,0.0,1019,2000,0.0,0.0,450.0,12700.0,0.0,0.0,0.0,1524.0,0.0,470,0.0,0.0,0.0,0.0,0.0,0.0,0.0,0.0,1180,0.0,265.0,0.0,1300,0.0,0.0,0.0,0.0,9000,5357,0.0,0.0,4300.0,3300,0.0,0.0,0.0,0.0
80,0.0,1025,2000,0.0,0.0,450.0,12500.0,0.0,0.0,0.0,1524.0,0.0,470,0.0,0.0,0.0,0.0,0.0,0.0,0.0,0.0,1200,0.0,265.0,0.0,1300,0.0,0.0,0.0,0.0,9000,5275,0.0,0.0,4300.0,3200,0.0,0.0,0.0,0.0
90,0.0,1025,2000,0.0,0.0,450.0,13150.0,0.0,0.0,0.0,1524.0,0.0,470,0.0,0.0,0.0,0.0,0.0,0.0,0.0,0.0,1185,0.0,265.0,0.0,1310,0.0,0.0,0.0,0.0,8700,5192,0.0,0.0,4325.0,3185,0.0,0.0,0.0,0.0
90,0.0,1025,2000,0.0,0.0,450.0,13300.0,0.0,0.0,0.0,1549.0,0.0,477,0.0,0.0,0.0,0.0,0.0,0.0,0.0,0.0,1180,0.0,265.0,0.0,1310,0.0,0.0,0.0,0.0,8475,5206,0.0,0.0,4325.0,3200,0.0,0.0,0.0,0.0
92,0.0,988,1900,0.0,0.0,450.0,12900.0,0.0,0.0,0.0,1549.0,0.0,477,0.0,0.0,0.0,0.0,0.0,0.0,0.0,0.0,1180,0.0,265.0,0.0,1310,0.0,0.0,0.0,0.0,8550,5192,0.0,0.0,4350.0,3275,0.0,0.0,0.0,0.0
92,0.0,1000,1900,0.0,0.0,450.0,12988.0,0.0,0.0,0.0,1549.0,0.0,477,0.0,0.0,0.0,0.0,0.0,0.0,0.0,0.0,1180,0.0,265.0,0.0,1320,0.0,0.0,0.0,0.0,8350,5330,0.0,0.0,4350.0,3325,0.0,0.0,0.0,0.0
92,0.0,900,1900,0.0,0.0,450.0,12950.0,0.0,0.0,0.0,1549.0,0.0,484,0.0,0.0,0.0,0.0,0.0,0.0,0.0,0.0,1175,0.0,265.0,0.0,1320,0.0,0.0,0.0,0.0,8200,5330,0.0,0.0,4400.0,3275,0.0,0.0,0.0,0.0
92,0.0,963,1900,0.0,0.0,450.0,13000.0,0.0,0.0,0.0,1549.0,0.0,484,0.0,0.0,0.0,0.0,0.0,0.0,0.0,0.0,1180,0.0,280.0,0.0,1320,0.0,0.0,0.0,0.0,8300,5357,0.0,0.0,4400.0,3400,0.0,0.0,0.0,0.0
112,0.0,975,1900,0.0,0.0,445.0,13450.0,0.0,0.0,0.0,1549.0,0.0,477,0.0,0.0,0.0,0.0,0.0,0.0,0.0,0.0,1190,0.0,280.0,0.0,1300,0.0,0.0,0.0,0.0,8300,5467,0.0,0.0,4400.0,3450,0.0,0.0,0.0,0.0
115,0.0,975,1900,0.0,0.0,450.0,13050.0,0.0,0.0,0.0,1549.0,0.0,477,0.0,0.0,0.0,0.0,0.0,0.0,0.0,0.0,1190,0.0,280.0,0.0,1300,0.0,0.0,0.0,0.0,8300,5556,0.0,0.0,4400.0,3485,0.0,0.0,0.0,0.0
115,0.0,975,1905,0.0,0.0,450.0,13000.0,0.0,0.0,0.0,1549.0,0.0,477,0.0,0.0,0.0,0.0,0.0,0.0,0.0,0.0,1190,0.0,280.0,0.0,1300,0.0,0.0,0.0,0.0,8175,5556,0.0,0.0,4400.0,3485,0.0,0.0,0.0,0.0
115,0.0,963,1905,0.0,0.0,450.0,13000.0,0.0,0.0,0.0,1599.0,0.0,477,0.0,0.0,0.0,0.0,0.0,0.0,0.0,0.0,1190,0.0,280.0,0.0,1300,0.0,0.0,0.0,0.0,8000,5481,0.0,0.0,4375.0,3450,0.0,0.0,0.0,0.0
115,0.0,956,1905,0.0,0.0,450.0,13000.0,0.0,0.0,0.0,1599.0,0.0,477,0.0,0.0,0.0,0.0,0.0,0.0,0.0,0.0,1190,0.0,280.0,0.0,1300,0.0,0.0,0.0,0.0,7900,5495,0.0,0.0,4375.0,3400,0.0,0.0,0.0,0.0
120,0.0,956,1905,0.0,0.0,450.0,12250.0,0.0,0.0,0.0,1599.0,0.0,477,0.0,0.0,0.0,0.0,0.0,0.0,0.0,0.0,1190,0.0,280.0,0.0,1300,0.0,0.0,0.0,0.0,7800,5398,0.0,0.0,4375.0,3375,0.0,0.0,0.0,0.0
120,0.0,956,1905,0.0,0.0,450.0,12500.0,0.0,0.0,0.0,1649.0,0.0,477,0.0,0.0,0.0,0.0,0.0,0.0,0.0,0.0,1190,0.0,280.0,0.0,1300,0.0,0.0,0.0,0.0,7700,5357,0.0,0.0,4350.0,3385,0.0,0.0,0.0,0.0
120,0.0,963,1905,0.0,0.0,430.0,12300.0,0.0,0.0,0.0,1649.0,0.0,484,0.0,0.0,0.0,0.0,0.0,0.0,0.0,0.0,1200,0.0,280.0,0.0,1300,0.0,0.0,0.0,0.0,7600,5385,0.0,0.0,4300.0,3400,0.0,0.0,0.0,0.0
120,0.0,975,1905,0.0,0.0,430.0,12150.0,0.0,0.0,0.0,1649.0,0.0,484,0.0,0.0,0.0,0.0,0.0,0.0,0.0,0.0,1200,0.0,280.0,0.0,1300,0.0,0.0,0.0,0.0,7650,5357,0.0,0.0,4300.0,3400,0.0,0.0,0.0,0.0
120,0.0,969,1925,0.0,0.0,430.0,12050.0,0.0,0.0,0.0,1699.0,0.0,484,0.0,0.0,0.0,0.0,0.0,0.0,0.0,0.0,1220,0.0,280.0,0.0,1300,0.0,0.0,0.0,0.0,8075,5302,0.0,0.0,4275.0,3425,0.0,0.0,0.0,0.0
120,0.0,1013,1925,0.0,0.0,440.0,12150.0,0.0,0.0,0.0,1699.0,0.0,484,0.0,0.0,0.0,0.0,0.0,0.0,0.0,0.0,1230,0.0,280.0,0.0,1300,0.0,0.0,0.0,0.0,8300,5412,0.0,0.0,4275.0,3425,0.0,0.0,0.0,0.0
120,0.0,1025,1925,0.0,0.0,430.0,12100.0,0.0,0.0,0.0,1699.0,0.0,491,0.0,0.0,0.0,0.0,0.0,0.0,0.0,0.0,1230,0.0,280.0,0.0,1300,0.0,0.0,0.0,0.0,8500,5508,0.0,0.0,4325.0,3400,0.0,0.0,0.0,0.0
120,0.0,1038,1925,0.0,0.0,430.0,13050.0,0.0,0.0,0.0,1799.0,0.0,505,0.0,0.0,0.0,0.0,0.0,0.0,0.0,0.0,1250,0.0,280.0,0.0,1320,0.0,0.0,0.0,0.0,8700,5687,0.0,0.0,4375.0,3450,0.0,0.0,0.0,0.0
125,0.0,1050,1925,0.0,0.0,430.0,13500.0,0.0,0.0,0.0,1799.0,0.0,505,0.0,0.0,0.0,0.0,0.0,0.0,0.0,0.0,1250,0.0,280.0,0.0,1320,0.0,0.0,0.0,0.0,9600,5742,0.0,0.0,4400.0,3400,0.0,0.0,0.0,0.0
125,0.0,1113,1925,0.0,0.0,475.0,13450.0,0.0,0.0,0.0,1799.0,0.0,533,0.0,0.0,0.0,0.0,0.0,0.0,0.0,0.0,1250,0.0,280.0,0.0,1345,0.0,0.0,0.0,0.0,9650,5769,0.0,0.0,4500.0,3300,0.0,0.0,0.0,0.0
125,0.0,1100,1925,0.0,0.0,500.0,13500.0,0.0,0.0,0.0,1799.0,0.0,533,0.0,0.0,0.0,0.0,0.0,0.0,0.0,0.0,1260,0.0,280.0,0.0,1340,0.0,0.0,0.0,0.0,9650,5797,0.0,0.0,4500.0,3300,0.0,0.0,0.0,0.0
125,0.0,1100,1925,0.0,0.0,525.0,13550.0,0.0,0.0,0.0,1799.0,0.0,547,0.0,0.0,0.0,0.0,0.0,0.0,0.0,0.0,1260,0.0,280.0,0.0,1340,0.0,0.0,0.0,0.0,9000,5604,0.0,0.0,4525.0,3300,0.0,0.0,0.0,0.0
125,0.0,988,1925,0.0,0.0,535.0,13250.0,0.0,0.0,0.0,1799.0,0.0,547,0.0,0.0,0.0,0.0,0.0,0.0,0.0,0.0,1260,0.0,280.0,0.0,1340,0.0,0.0,0.0,0.0,9125,5495,0.0,0.0,4525.0,3300,0.0,0.0,0.0,0.0
120,0.0,1000,1925,0.0,0.0,525.0,12250.0,0.0,0.0,0.0,1799.0,0.0,547,0.0,0.0,0.0,0.0,0.0,0.0,0.0,0.0,1260,0.0,280.0,0.0,1350,0.0,0.0,0.0,0.0,9100,5549,0.0,0.0,4500.0,3250,0.0,0.0,0.0,0.0
120,0.0,1013,1925,0.0,0.0,525.0,12050.0,0.0,0.0,0.0,1799.0,0.0,547,0.0,0.0,0.0,0.0,0.0,0.0,0.0,0.0,1260,0.0,280.0,0.0,1350,0.0,0.0,0.0,0.0,9100,5625,0.0,0.0,4500.0,3250,0.0,0.0,0.0,0.0
120,0.0,1013,1925,0.0,0.0,510.0,12150.0,0.0,0.0,0.0,1799.0,0.0,547,0.0,0.0,0.0,0.0,0.0,0.0,0.0,0.0,1260,0.0,280.0,0.0,1350,0.0,0.0,0.0,0.0,9100,5625,0.0,0.0,4450.0,3250,0.0,0.0,0.0,0.0
120,0.0,1013,1925,0.0,0.0,500.0,12100.0,0.0,0.0,0.0,1799.0,0.0,554,0.0,0.0,0.0,0.0,0.0,0.0,0.0,0.0,1260,0.0,280.0,0.0,1350,0.0,0.0,0.0,0.0,9100,5625,0.0,0.0,4425.0,3250,0.0,0.0,0.0,0.0
120,0.0,1038,1925,0.0,0.0,500.0,12100.0,0.0,0.0,0.0,1799.0,0.0,554,0.0,0.0,0.0,0.0,0.0,0.0,0.0,0.0,1260,0.0,280.0,0.0,1350,0.0,0.0,0.0,0.0,9400,5735,0.0,0.0,4425.0,3250,0.0,0.0,0.0,0.0
120,0.0,1050,1925,0.0,0.0,500.0,12100.0,0.0,0.0,0.0,1799.0,0.0,554,0.0,0.0,0.0,0.0,0.0,0.0,0.0,0.0,1260,0.0,280.0,0.0,1350,0.0,0.0,0.0,0.0,9300,5769,0.0,0.0,4425.0,3200,0.0,0.0,0.0,0.0
120,0.0,1050,1900,0.0,0.0,500.0,12625.0,0.0,0.0,0.0,1799.0,0.0,540,0.0,0.0,0.0,0.0,0.0,0.0,0.0,0.0,1260,0.0,285.0,0.0,1350,0.0,0.0,0.0,0.0,9300,5701,0.0,0.0,4425.0,3250,0.0,0.0,0.0,0.0
120,0.0,1038,1900,0.0,0.0,500.0,13150.0,0.0,0.0,0.0,1799.0,0.0,540,0.0,0.0,0.0,0.0,0.0,0.0,0.0,0.0,1270,0.0,290.0,0.0,1350,0.0,0.0,0.0,0.0,9400,5673,0.0,0.0,4400.0,3250,0.0,0.0,0.0,0.0
120,0.0,1025,1900,0.0,0.0,500.0,12200.0,0.0,0.0,0.0,1824.0,0.0,547,0.0,0.0,0.0,0.0,0.0,0.0,0.0,0.0,1270,0.0,290.0,0.0,1350,0.0,0.0,0.0,0.0,9300,5659,0.0,0.0,4425.0,3325,0.0,0.0,0.0,0.0
120,0.0,1025,1900,0.0,0.0,500.0,12000.0,0.0,0.0,0.0,1874.0,0.0,547,0.0,0.0,0.0,0.0,0.0,0.0,0.0,0.0,1280,0.0,290.0,0.0,1350,0.0,0.0,0.0,0.0,9325,5646,0.0,0.0,4425.0,3425,0.0,0.0,0.0,0.0
120,0.0,1038,1900,0.0,0.0,500.0,12050.0,0.0,0.0,0.0,1874.0,0.0,547,0.0,0.0,0.0,0.0,0.0,0.0,0.0,0.0,1280,0.0,290.0,0.0,1350,0.0,0.0,0.0,0.0,9325,5632,0.0,0.0,4400.0,3450,0.0,0.0,0.0,0.0
120,0.0,1038,1900,0.0,0.0,500.0,11800.0,0.0,0.0,0.0,1899.0,0.0,554,0.0,0.0,0.0,0.0,0.0,0.0,0.0,0.0,1280,0.0,290.0,0.0,1350,0.0,0.0,0.0,0.0,9300,5632,0.0,0.0,4400.0,3450,0.0,0.0,0.0,0.0
120,0.0,1044,1900,0.0,0.0,500.0,11600.0,0.0,0.0,0.0,1899.0,0.0,554,0.0,0.0,0.0,0.0,0.0,0.0,0.0,0.0,1300,0.0,290.0,0.0,1350,0.0,0.0,0.0,0.0,9300,5632,0.0,0.0,4425.0,3500,0.0,0.0,0.0,0.0
120,0.0,1044,1900,0.0,0.0,500.0,11600.0,0.0,0.0,0.0,1899.0,0.0,554,0.0,0.0,0.0,0.0,0.0,0.0,0.0,0.0,1300,0.0,290.0,0.0,1350,0.0,0.0,0.0,0.0,9250,5632,0.0,0.0,4425.0,3500,0.0,0.0,0.0,0.0
120,0.0,1047,1900,0.0,0.0,500.0,11500.0,0.0,0.0,0.0,1899.0,0.0,554,0.0,0.0,0.0,0.0,0.0,0.0,0.0,0.0,1300,0.0,330.0,0.0,1350,0.0,0.0,0.0,0.0,9200,5742,0.0,0.0,4425.0,3600,0.0,0.0,0.0,0.0
110,0.0,1050,1900,0.0,0.0,500.0,11500.0,0.0,0.0,0.0,1949.0,0.0,554,0.0,0.0,0.0,0.0,0.0,0.0,0.0,0.0,1450,0.0,330.0,0.0,1350,0.0,0.0,0.0,0.0,9050,5838,0.0,0.0,4425.0,3625,0.0,0.0,0.0,0.0
110,0.0,1050,1900,0.0,0.0,500.0,11300.0,0.0,0.0,0.0,1949.0,0.0,547,0.0,0.0,0.0,0.0,0.0,0.0,0.0,0.0,1400,0.0,330.0,0.0,1350,0.0,0.0,0.0,0.0,8800,5797,0.0,0.0,4450.0,3650,0.0,0.0,0.0,0.0
110,0.0,1050,1900,0.0,0.0,500.0,11288.0,0.0,0.0,0.0,1949.0,0.0,547,0.0,0.0,0.0,0.0,0.0,0.0,0.0,0.0,1350,0.0,330.0,0.0,1360,0.0,0.0,0.0,0.0,8600,5714,0.0,0.0,4600.0,3650,0.0,0.0,0.0,0.0
110,0.0,1050,1900,0.0,0.0,500.0,11300.0,0.0,0.0,0.0,1949.0,0.0,547,0.0,0.0,0.0,0.0,0.0,0.0,0.0,0.0,1350,0.0,330.0,0.0,1360,0.0,0.0,0.0,0.0,8600,5673,0.0,0.0,4650.0,3630,0.0,0.0,0.0,0.0
110,0.0,1038,1900,0.0,0.0,490.0,11175.0,0.0,0.0,0.0,1949.0,0.0,533,0.0,0.0,0.0,0.0,0.0,0.0,0.0,0.0,1350,0.0,330.0,0.0,1360,0.0,0.0,0.0,0.0,8200,5632,0.0,0.0,4600.0,3625,0.0,0.0,0.0,0.0
110,0.0,1038,1900,0.0,0.0,490.0,10950.0,0.0,0.0,0.0,1949.0,0.0,533,0.0,0.0,0.0,0.0,0.0,0.0,0.0,0.0,1350,0.0,335.0,0.0,1360,0.0,0.0,0.0,0.0,8000,5549,0.0,0.0,4600.0,3625,0.0,0.0,0.0,0.0
110,0.0,1038,1900,0.0,0.0,490.0,10800.0,0.0,0.0,0.0,1949.0,0.0,533,0.0,0.0,0.0,0.0,0.0,0.0,0.0,0.0,1350,0.0,335.0,0.0,1360,0.0,0.0,0.0,0.0,7800,5577,0.0,0.0,4600.0,3700,0.0,0.0,0.0,0.0
110,0.0,1038,1900,0.0,0.0,490.0,10400.0,0.0,0.0,0.0,1874.0,0.0,526,0.0,0.0,0.0,0.0,0.0,0.0,0.0,0.0,1350,0.0,335.0,0.0,1440,0.0,0.0,0.0,0.0,7900,5591,0.0,0.0,4600.0,3700,0.0,0.0,0.0,0.0
110,0.0,1038,1900,0.0,0.0,490.0,9725.0,0.0,0.0,0.0,1899.0,0.0,526,0.0,0.0,0.0,0.0,0.0,0.0,0.0,0.0,1350,0.0,340.0,0.0,1440,0.0,0.0,0.0,0.0,8050,5618,0.0,0.0,4600.0,3675,0.0,0.0,0.0,0.0
110,0.0,1013,1900,0.0,0.0,490.0,10100.0,0.0,0.0,0.0,1874.0,0.0,519,0.0,0.0,0.0,0.0,0.0,0.0,0.0,0.0,1350,0.0,340.0,0.0,1520,0.0,0.0,0.0,0.0,8050,5632,0.0,0.0,4600.0,3625,0.0,0.0,0.0,0.0
100,0.0,1038,1900,0.0,0.0,490.0,10500.0,0.0,0.0,0.0,1874.0,0.0,519,0.0,0.0,0.0,0.0,0.0,0.0,0.0,0.0,1380,0.0,340.0,0.0,1520,0.0,0.0,0.0,0.0,8000,5549,0.0,0.0,4475.0,3600,0.0,0.0,0.0,0.0
100,0.0,1025,1900,0.0,0.0,490.0,11000.0,0.0,0.0,0.0,1874.0,0.0,512,0.0,0.0,0.0,0.0,0.0,0.0,0.0,0.0,1350,0.0,340.0,0.0,1530,0.0,0.0,0.0,0.0,7950,5549,0.0,0.0,4450.0,3550,0.0,0.0,0.0,0.0
100,0.0,1013,1900,0.0,0.0,470.0,10700.0,0.0,0.0,0.0,1874.0,0.0,512,0.0,0.0,0.0,0.0,0.0,0.0,0.0,0.0,1350,0.0,340.0,0.0,1520,0.0,0.0,0.0,0.0,8000,5467,0.0,0.0,4450.0,3475,0.0,0.0,0.0,0.0
100,0.0,1013,1950,0.0,0.0,470.0,10525.0,0.0,0.0,0.0,1849.0,0.0,505,0.0,0.0,0.0,0.0,0.0,0.0,0.0,0.0,1350,0.0,340.0,0.0,1520,0.0,0.0,0.0,0.0,8050,5453,0.0,0.0,4500.0,3500,0.0,0.0,0.0,0.0
100,0.0,1013,1950,0.0,0.0,470.0,10900.0,0.0,0.0,0.0,1849.0,0.0,505,0.0,0.0,0.0,0.0,0.0,0.0,0.0,0.0,1280,0.0,360.0,0.0,1520,0.0,0.0,0.0,0.0,8200,5412,0.0,0.0,4500.0,3500,0.0,0.0,0.0,0.0
100,0.0,1038,1950,0.0,0.0,470.0,10800.0,0.0,0.0,0.0,1849.0,0.0,505,0.0,0.0,0.0,0.0,0.0,0.0,0.0,0.0,1290,0.0,360.0,0.0,1520,0.0,0.0,0.0,0.0,8225,5391,0.0,0.0,4425.0,3500,0.0,0.0,0.0,0.0
100,0.0,1050,1950,0.0,0.0,460.0,10800.0,0.0,0.0,0.0,1824.0,0.0,505,0.0,0.0,0.0,0.0,0.0,0.0,0.0,0.0,1300,0.0,360.0,0.0,1520,0.0,0.0,0.0,0.0,8250,5398,0.0,0.0,4375.0,3500,0.0,0.0,0.0,0.0
100,0.0,1050,1950,0.0,0.0,460.0,10850.0,0.0,0.0,0.0,1799.0,0.0,512,0.0,0.0,0.0,0.0,0.0,0.0,0.0,0.0,1300,0.0,360.0,0.0,1520,0.0,0.0,0.0,0.0,8300,5385,0.0,0.0,4225.0,3515,0.0,0.0,0.0,0.0
100,0.0,1050,1950,0.0,0.0,460.0,11000.0,0.0,0.0,0.0,1789.0,0.0,512,0.0,0.0,0.0,0.0,0.0,0.0,0.0,0.0,1300,0.0,358.0,0.0,1520,0.0,0.0,0.0,0.0,8300,5371,0.0,0.0,4175.0,3475,0.0,0.0,0.0,0.0
100,0.0,1063,1950,0.0,0.0,450.0,11350.0,0.0,0.0,0.0,1774.0,0.0,512,0.0,0.0,0.0,0.0,0.0,0.0,0.0,0.0,1300,0.0,358.0,0.0,1520,0.0,0.0,0.0,0.0,8250,5398,0.0,0.0,4275.0,3500,0.0,0.0,0.0,0.0
100,0.0,1056,1950,0.0,0.0,450.0,11750.0,0.0,0.0,0.0,1774.0,0.0,512,0.0,0.0,0.0,0.0,0.0,0.0,0.0,0.0,1300,0.0,358.0,0.0,1520,0.0,0.0,0.0,0.0,8100,5371,0.0,0.0,4350.0,3500,0.0,0.0,0.0,0.0
100,0.0,1056,1950,0.0,0.0,450.0,11650.0,0.0,0.0,0.0,1774.0,0.0,519,0.0,0.0,0.0,0.0,0.0,0.0,0.0,0.0,1310,0.0,358.0,0.0,1520,0.0,0.0,0.0,0.0,8225,5440,0.0,0.0,4375.0,3525,0.0,0.0,0.0,0.0
100,0.0,1075,1950,0.0,0.0,450.0,11650.0,0.0,0.0,0.0,1774.0,0.0,519,0.0,0.0,0.0,0.0,0.0,0.0,0.0,0.0,1310,0.0,355.0,0.0,1520,0.0,0.0,0.0,0.0,8300,5522,0.0,0.0,4375.0,3550,0.0,0.0,0.0,0.0
100,0.0,1075,1950,0.0,0.0,450.0,11650.0,0.0,0.0,0.0,1774.0,0.0,533,0.0,0.0,0.0,0.0,0.0,0.0,0.0,0.0,1330,0.0,355.0,0.0,1520,0.0,0.0,0.0,0.0,8350,5591,0.0,0.0,4425.0,3575,0.0,0.0,0.0,0.0
100,0.0,1075,1950,0.0,0.0,450.0,11700.0,0.0,0.0,0.0,1774.0,0.0,533,0.0,0.0,0.0,0.0,0.0,0.0,0.0,0.0,1330,0.0,355.0,0.0,1520,0.0,0.0,0.0,0.0,8400,5604,0.0,0.0,4425.0,3625,0.0,0.0,0.0,0.0
110,0.0,1088,1950,0.0,0.0,450.0,11450.0,0.0,0.0,0.0,1774.0,0.0,533,0.0,0.0,0.0,0.0,0.0,0.0,0.0,0.0,1360,0.0,355.0,0.0,1520,0.0,0.0,0.0,0.0,8400,5549,0.0,0.0,4450.0,3610,0.0,0.0,0.0,0.0
110,0.0,1088,1950,0.0,0.0,470.0,11350.0,0.0,0.0,0.0,1774.0,0.0,533,0.0,0.0,0.0,0.0,0.0,0.0,0.0,0.0,1360,0.0,355.0,0.0,1520,0.0,0.0,0.0,0.0,8350,5467,0.0,0.0,4450.0,3575,0.0,0.0,0.0,0.0
110,0.0,1075,1950,0.0,0.0,470.0,11300.0,0.0,0.0,0.0,1774.0,0.0,533,0.0,0.0,0.0,0.0,0.0,0.0,0.0,0.0,1360,0.0,355.0,0.0,1520,0.0,0.0,0.0,0.0,8300,5357,0.0,0.0,4425.0,3515,0.0,0.0,0.0,0.0
110,0.0,1075,1950,0.0,0.0,470.0,11300.0,0.0,0.0,0.0,1774.0,0.0,533,0.0,0.0,0.0,0.0,0.0,0.0,0.0,0.0,1360,0.0,355.0,0.0,1520,0.0,0.0,0.0,0.0,8300,5357,0.0,0.0,4375.0,3450,0.0,0.0,0.0,0.0
110,0.0,1075,1950,0.0,0.0,470.0,10800.0,0.0,0.0,0.0,1774.0,0.0,533,0.0,0.0,0.0,0.0,0.0,0.0,0.0,0.0,1300,0.0,355.0,0.0,1420,0.0,0.0,0.0,0.0,8100,5330,0.0,0.0,4325.0,3440,0.0,0.0,0.0,0.0
110,0.0,1044,1950,0.0,0.0,470.0,11150.0,0.0,0.0,0.0,1774.0,0.0,533,0.0,0.0,0.0,0.0,0.0,0.0,0.0,0.0,1300,0.0,355.0,0.0,1420,0.0,0.0,0.0,0.0,8200,5364,0.0,0.0,4325.0,3400,0.0,0.0,0.0,0.0
110,0.0,1050,1950,0.0,0.0,470.0,11200.0,0.0,0.0,0.0,1774.0,0.0,533,0.0,0.0,0.0,0.0,0.0,0.0,0.0,0.0,1300,0.0,355.0,0.0,1420,0.0,0.0,0.0,0.0,8200,5398,0.0,0.0,4325.0,3400,0.0,0.0,0.0,0.0
110,0.0,1050,1950,0.0,0.0,470.0,11250.0,0.0,0.0,0.0,1774.0,0.0,533,0.0,0.0,0.0,0.0,0.0,0.0,0.0,0.0,1300,0.0,355.0,0.0,1420,0.0,0.0,0.0,0.0,8300,5398,0.0,0.0,4325.0,3400,0.0,0.0,0.0,0.0
110,0.0,1063,1950,0.0,0.0,470.0,11550.0,0.0,0.0,0.0,1774.0,0.0,533,0.0,0.0,0.0,0.0,0.0,0.0,0.0,0.0,1300,0.0,330.0,0.0,1420,0.0,0.0,0.0,0.0,8400,5481,0.0,0.0,4325.0,3450,0.0,0.0,0.0,0.0
110,0.0,1106,1950,0.0,0.0,475.0,11550.0,0.0,0.0,0.0,1824.0,0.0,533,0.0,0.0,0.0,0.0,0.0,0.0,0.0,0.0,1340,0.0,330.0,0.0,1420,0.0,0.0,0.0,0.0,8350,5495,0.0,0.0,4325.0,3550,0.0,0.0,0.0,0.0
110,0.0,1150,1950,0.0,0.0,475.0,12500.0,0.0,0.0,0.0,1824.0,0.0,547,0.0,0.0,0.0,0.0,0.0,0.0,0.0,0.0,1320,0.0,330.0,0.0,1420,0.0,0.0,0.0,0.0,8300,5467,0.0,0.0,4325.0,3575,0.0,0.0,0.0,0.0
110,0.0,1150,1950,0.0,0.0,475.0,12600.0,0.0,0.0,0.0,1824.0,0.0,547,0.0,0.0,0.0,0.0,0.0,0.0,0.0,0.0,1320,0.0,330.0,0.0,1420,0.0,0.0,0.0,0.0,8150,5481,0.0,0.0,4325.0,3575,0.0,0.0,0.0,0.0
110,0.0,1150,1950,0.0,0.0,475.0,12300.0,0.0,0.0,0.0,1849.0,0.0,547,0.0,0.0,0.0,0.0,0.0,0.0,0.0,0.0,1320,0.0,330.0,0.0,1400,0.0,0.0,0.0,0.0,8150,5495,0.0,0.0,4350.0,3550,0.0,0.0,0.0,0.0
110,0.0,1153,1950,0.0,0.0,465.0,12000.0,0.0,0.0,0.0,1849.0,0.0,547,0.0,0.0,0.0,0.0,0.0,0.0,0.0,0.0,1320,0.0,330.0,0.0,1400,0.0,0.0,0.0,0.0,7950,5536,0.0,0.0,4475.0,3560,0.0,0.0,0.0,0.0
110,0.0,1163,1950,0.0,0.0,475.0,12050.0,0.0,0.0,0.0,1849.0,0.0,540,0.0,0.0,0.0,0.0,0.0,0.0,0.0,0.0,1320,0.0,330.0,0.0,1400,0.0,0.0,0.0,0.0,7750,5536,0.0,0.0,4600.0,3550,0.0,0.0,0.0,0.0
100,0.0,1163,1950,0.0,0.0,475.0,12250.0,0.0,0.0,0.0,1849.0,0.0,540,0.0,0.0,0.0,0.0,0.0,0.0,0.0,0.0,1320,0.0,330.0,0.0,1400,0.0,0.0,0.0,0.0,7700,5440,0.0,0.0,4600.0,3490,0.0,0.0,0.0,0.0
100,0.0,1156,1950,0.0,0.0,475.0,12150.0,0.0,0.0,0.0,1899.0,0.0,526,0.0,0.0,0.0,0.0,0.0,0.0,0.0,0.0,1310,0.0,330.0,0.0,1400,0.0,0.0,0.0,0.0,7500,5412,0.0,0.0,4550.0,3485,0.0,0.0,0.0,0.0
100,0.0,1150,1800,0.0,0.0,490.0,11900.0,0.0,0.0,0.0,1899.0,0.0,526,0.0,0.0,0.0,0.0,0.0,0.0,0.0,0.0,1310,0.0,330.0,0.0,1440,0.0,0.0,0.0,0.0,7400,5378,0.0,0.0,4400.0,3485,0.0,0.0,0.0,0.0
100,0.0,1138,1800,0.0,0.0,490.0,11850.0,0.0,0.0,0.0,1874.0,0.0,526,0.0,0.0,0.0,0.0,0.0,0.0,0.0,0.0,1320,0.0,300.0,0.0,1440,0.0,0.0,0.0,0.0,7500,5220,0.0,0.0,4400.0,3450,0.0,0.0,0.0,0.0
100,0.0,1163,1800,0.0,0.0,490.0,11650.0,0.0,0.0,0.0,1899.0,0.0,526,0.0,0.0,0.0,0.0,0.0,0.0,0.0,0.0,1350,0.0,300.0,0.0,1440,0.0,0.0,0.0,0.0,7450,5357,0.0,0.0,4400.0,3425,0.0,0.0,0.0,0.0
100,0.0,1163,1800,0.0,0.0,575.0,11200.0,0.0,0.0,0.0,1899.0,0.0,526,0.0,0.0,0.0,0.0,0.0,0.0,0.0,0.0,1350,0.0,300.0,0.0,1440,0.0,0.0,0.0,0.0,7450,5275,0.0,0.0,4350.0,3390,0.0,0.0,0.0,0.0
100,0.0,1163,1800,0.0,0.0,575.0,11500.0,0.0,0.0,0.0,1874.0,0.0,519,0.0,0.0,0.0,0.0,0.0,0.0,0.0,0.0,1350,0.0,300.0,0.0,1440,0.0,0.0,0.0,0.0,7700,5275,0.0,0.0,4400.0,3325,0.0,0.0,0.0,0.0
100,0.0,1206,1800,0.0,0.0,575.0,11250.0,0.0,0.0,0.0,1874.0,0.0,519,0.0,0.0,0.0,0.0,0.0,0.0,0.0,0.0,1340,0.0,300.0,0.0,1400,0.0,0.0,0.0,0.0,7750,5330,0.0,0.0,4400.0,3365,0.0,0.0,0.0,0.0
100,0.0,1206,1800,0.0,0.0,525.0,11450.0,0.0,0.0,0.0,1874.0,0.0,519,0.0,0.0,0.0,0.0,0.0,0.0,0.0,0.0,1300,0.0,300.0,0.0,1400,0.0,0.0,0.0,0.0,7650,5247,0.0,0.0,4425.0,3385,0.0,0.0,0.0,0.0
100,0.0,1213,1800,0.0,0.0,525.0,12050.0,0.0,0.0,0.0,1874.0,0.0,519,0.0,0.0,0.0,0.0,0.0,0.0,0.0,0.0,1300,0.0,300.0,0.0,1400,0.0,0.0,0.0,0.0,7750,5165,0.0,0.0,4500.0,3375,0.0,0.0,0.0,0.0
100,0.0,1225,1800,0.0,0.0,550.0,12060.0,0.0,0.0,0.0,1874.0,0.0,519,0.0,0.0,0.0,0.0,0.0,0.0,0.0,0.0,1300,0.0,315.0,0.0,1400,0.0,0.0,0.0,0.0,7850,5247,0.0,0.0,4500.0,3375,0.0,0.0,0.0,0.0
100,0.0,1238,1800,0.0,0.0,525.0,11750.0,0.0,0.0,0.0,1874.0,0.0,533,0.0,0.0,0.0,0.0,0.0,0.0,0.0,0.0,1300,0.0,312.0,0.0,1380,0.0,0.0,0.0,0.0,7725,5343,0.0,0.0,4500.0,3390,0.0,0.0,0.0,0.0
110,0.0,1231,1800,0.0,0.0,525.0,12050.0,0.0,0.0,0.0,1874.0,0.0,533,0.0,0.0,0.0,0.0,0.0,0.0,0.0,0.0,1290,0.0,312.0,0.0,1380,0.0,0.0,0.0,0.0,7850,5357,0.0,0.0,4500.0,3390,0.0,0.0,0.0,0.0
120,0.0,1238,1800,0.0,0.0,525.0,12250.0,0.0,0.0,0.0,1899.0,0.0,533,0.0,0.0,0.0,0.0,0.0,0.0,0.0,0.0,1300,0.0,310.0,0.0,1380,0.0,0.0,0.0,0.0,8100,5440,0.0,0.0,4500.0,3400,0.0,0.0,0.0,0.0
150,0.0,1263,1800,0.0,0.0,525.0,12000.0,0.0,0.0,0.0,1899.0,0.0,533,0.0,0.0,0.0,0.0,0.0,0.0,0.0,0.0,1320,0.0,310.0,0.0,1380,0.0,0.0,0.0,0.0,8000,5549,0.0,0.0,4500.0,3500,0.0,0.0,0.0,0.0
140,0.0,1263,1800,0.0,0.0,525.0,12000.0,0.0,0.0,0.0,1899.0,0.0,533,0.0,0.0,0.0,0.0,0.0,0.0,0.0,0.0,1300,0.0,310.0,0.0,1380,0.0,0.0,0.0,0.0,7900,5543,0.0,0.0,4500.0,3425,0.0,0.0,0.0,0.0
140,0.0,1263,1800,0.0,0.0,525.0,12250.0,0.0,0.0,0.0,1899.0,0.0,533,0.0,0.0,0.0,0.0,0.0,0.0,0.0,0.0,1300,0.0,310.0,0.0,1380,0.0,0.0,0.0,0.0,7650,5467,0.0,0.0,4500.0,3375,0.0,0.0,0.0,0.0
140,0.0,1247,1800,0.0,0.0,525.0,12250.0,0.0,0.0,0.0,1899.0,0.0,533,0.0,0.0,0.0,0.0,0.0,0.0,0.0,0.0,1300,0.0,310.0,0.0,1380,0.0,0.0,0.0,0.0,7800,5398,0.0,0.0,4500.0,3375,0.0,0.0,0.0,0.0
140,0.0,1263,1800,0.0,0.0,525.0,11850.0,0.0,0.0,0.0,1874.0,0.0,533,0.0,0.0,0.0,0.0,0.0,0.0,0.0,0.0,1300,0.0,310.0,0.0,1360,0.0,0.0,0.0,0.0,7950,5467,0.0,0.0,4500.0,3225,0.0,0.0,0.0,0.0
140,0.0,1263,1800,0.0,0.0,525.0,12000.0,0.0,0.0,0.0,1899.0,0.0,533,0.0,0.0,0.0,0.0,0.0,0.0,0.0,0.0,1300,0.0,310.0,0.0,1360,0.0,0.0,0.0,0.0,7900,5440,0.0,0.0,4425.0,3200,0.0,0.0,0.0,0.0
140,0.0,1263,1800,0.0,0.0,525.0,12450.0,0.0,0.0,0.0,1899.0,0.0,533,0.0,0.0,0.0,0.0,0.0,0.0,0.0,0.0,1300,0.0,310.0,0.0,1360,0.0,0.0,0.0,0.0,7900,5398,0.0,0.0,4400.0,3100,0.0,0.0,0.0,0.0
140,0.0,1263,1800,0.0,0.0,500.0,12350.0,0.0,0.0,0.0,1899.0,0.0,519,0.0,0.0,0.0,0.0,0.0,0.0,0.0,0.0,1300,0.0,312.0,0.0,1360,0.0,0.0,0.0,0.0,7800,5398,0.0,0.0,4400.0,3150,0.0,0.0,0.0,0.0
140,0.0,1256,1800,0.0,0.0,495.0,12100.0,0.0,0.0,0.0,1899.0,0.0,519,0.0,0.0,0.0,0.0,0.0,0.0,0.0,0.0,1270,0.0,320.0,0.0,1350,0.0,0.0,0.0,0.0,7900,5330,0.0,0.0,4375.0,3100,0.0,0.0,0.0,0.0
120,0.0,1256,1800,0.0,0.0,495.0,12550.0,0.0,0.0,0.0,1924.0,0.0,519,0.0,0.0,0.0,0.0,0.0,0.0,0.0,0.0,1260,0.0,320.0,0.0,1350,0.0,0.0,0.0,0.0,7700,5385,0.0,0.0,4400.0,3150,0.0,0.0,0.0,0.0
120,0.0,1231,1800,0.0,0.0,500.0,12300.0,0.0,0.0,0.0,1924.0,0.0,533,0.0,0.0,0.0,0.0,0.0,0.0,0.0,0.0,1280,0.0,320.0,0.0,1350,0.0,0.0,0.0,0.0,8050,5357,0.0,0.0,4425.0,3175,0.0,0.0,0.0,0.0
120,0.0,1244,1800,0.0,0.0,500.0,12600.0,0.0,0.0,0.0,1949.0,0.0,547,0.0,0.0,0.0,0.0,0.0,0.0,0.0,0.0,1300,0.0,320.0,0.0,1320,0.0,0.0,0.0,0.0,8075,5453,0.0,0.0,4425.0,3225,0.0,0.0,0.0,0.0
120,0.0,1238,1800,0.0,0.0,500.0,12500.0,0.0,0.0,0.0,1949.0,0.0,540,0.0,0.0,0.0,0.0,0.0,0.0,0.0,0.0,1300,0.0,320.0,0.0,1320,0.0,0.0,0.0,0.0,8200,5481,0.0,0.0,4425.0,3175,0.0,0.0,0.0,0.0
120,0.0,1238,1800,0.0,0.0,500.0,12750.0,0.0,0.0,0.0,1949.0,0.0,540,0.0,0.0,0.0,0.0,0.0,0.0,0.0,0.0,1310,0.0,320.0,0.0,1320,0.0,0.0,0.0,0.0,8300,5481,0.0,0.0,4400.0,3175,0.0,0.0,0.0,0.0
110,0.0,1238,1800,0.0,0.0,500.0,13100.0,0.0,0.0,0.0,1999.0,0.0,547,0.0,0.0,0.0,0.0,0.0,0.0,0.0,0.0,1300,0.0,320.0,0.0,1320,0.0,0.0,0.0,0.0,8600,5495,0.0,0.0,4400.0,3200,0.0,0.0,0.0,0.0
110,0.0,1238,1800,0.0,0.0,500.0,13050.0,0.0,0.0,0.0,1999.0,0.0,547,0.0,0.0,0.0,0.0,0.0,0.0,0.0,0.0,1300,0.0,320.0,0.0,1320,0.0,0.0,0.0,0.0,8600,5495,0.0,0.0,4375.0,3250,0.0,0.0,0.0,0.0
110,0.0,1238,1800,0.0,0.0,500.0,13200.0,0.0,0.0,0.0,1999.0,0.0,547,0.0,0.0,0.0,0.0,0.0,0.0,0.0,0.0,1300,0.0,320.0,0.0,1320,0.0,0.0,0.0,0.0,8600,5495,0.0,0.0,4375.0,3250,0.0,0.0,0.0,0.0
110,0.0,1231,1800,0.0,0.0,500.0,13600.0,0.0,0.0,0.0,1999.0,0.0,547,0.0,0.0,0.0,0.0,0.0,0.0,0.0,0.0,1300,0.0,325.0,0.0,1380,0.0,0.0,0.0,0.0,8500,5426,0.0,0.0,4350.0,3275,0.0,0.0,0.0,0.0
120,0.0,1231,1800,0.0,0.0,500.0,13600.0,0.0,0.0,0.0,1999.0,0.0,547,0.0,0.0,0.0,0.0,0.0,0.0,0.0,0.0,1300,0.0,325.0,0.0,1380,0.0,0.0,0.0,0.0,8400,5440,0.0,0.0,4350.0,3250,0.0,0.0,0.0,0.0
120,0.0,1219,1800,0.0,0.0,500.0,13400.0,0.0,0.0,0.0,1999.0,0.0,547,0.0,0.0,0.0,0.0,0.0,0.0,0.0,0.0,1270,0.0,328.0,0.0,1440,0.0,0.0,0.0,0.0,8450,5412,0.0,0.0,4325.0,3235,0.0,0.0,0.0,0.0
120,0.0,1225,1800,0.0,0.0,500.0,13250.0,0.0,0.0,0.0,1999.0,0.0,547,0.0,0.0,0.0,0.0,0.0,0.0,0.0,0.0,1250,0.0,328.0,0.0,1440,0.0,0.0,0.0,0.0,8400,5522,0.0,0.0,4350.0,3240,0.0,0.0,175.0,0.0
115,0.0,1225,1800,0.0,0.0,480.0,12950.0,0.0,0.0,0.0,1999.0,0.0,547,0.0,0.0,0.0,0.0,0.0,0.0,0.0,0.0,1250,0.0,330.0,0.0,1440,0.0,0.0,0.0,0.0,8350,5481,0.0,0.0,4350.0,3225,0.0,0.0,175.0,0.0
115,0.0,1225,1800,0.0,0.0,480.0,13600.0,0.0,0.0,0.0,1999.0,0.0,547,0.0,0.0,0.0,0.0,0.0,0.0,0.0,0.0,1260,0.0,330.0,0.0,1440,0.0,0.0,0.0,0.0,8350,5549,0.0,0.0,4375.0,3250,0.0,0.0,175.0,0.0
112,0.0,1200,1800,0.0,0.0,480.0,13150.0,0.0,0.0,0.0,1999.0,0.0,547,0.0,0.0,0.0,0.0,0.0,0.0,0.0,0.0,1250,0.0,330.0,0.0,1440,0.0,0.0,0.0,0.0,8350,5577,0.0,0.0,4400.0,3225,0.0,0.0,200.0,0.0
112,0.0,1206,1800,0.0,0.0,480.0,13550.0,0.0,0.0,0.0,1999.0,0.0,547,0.0,0.0,0.0,0.0,0.0,0.0,0.0,0.0,1250,0.0,330.0,0.0,1440,0.0,0.0,0.0,0.0,8350,5577,0.0,0.0,4400.0,3225,0.0,0.0,200.0,0.0
112,0.0,1194,1800,0.0,0.0,450.0,13600.0,0.0,0.0,0.0,1999.0,0.0,554,0.0,0.0,0.0,0.0,0.0,0.0,0.0,0.0,1220,0.0,330.0,0.0,1440,0.0,0.0,0.0,0.0,8400,5549,0.0,0.0,4400.0,3225,0.0,0.0,200.0,0.0
112,0.0,1194,1800,0.0,0.0,465.0,13750.0,0.0,0.0,0.0,2024.0,0.0,561,0.0,0.0,0.0,0.0,0.0,0.0,0.0,0.0,1220,0.0,330.0,0.0,1420,0.0,0.0,0.0,0.0,8400,5522,0.0,0.0,4425.0,3225,0.0,0.0,200.0,0.0
112,0.0,1200,1800,0.0,0.0,465.0,13650.0,0.0,0.0,0.0,2059.0,0.0,561,0.0,0.0,0.0,0.0,0.0,0.0,0.0,0.0,1220,0.0,330.0,0.0,1420,0.0,0.0,0.0,0.0,8350,5495,0.0,0.0,4450.0,3200,0.0,0.0,205.0,0.0
105,0.0,1194,1800,0.0,0.0,470.0,13550.0,0.0,0.0,0.0,2059.0,0.0,561,0.0,0.0,0.0,0.0,0.0,0.0,0.0,0.0,1180,0.0,330.0,0.0,1400,0.0,0.0,0.0,0.0,8300,5426,0.0,0.0,4500.0,3150,0.0,0.0,210.0,0.0
105,0.0,1194,1800,0.0,0.0,470.0,13650.0,0.0,0.0,0.0,2059.0,0.0,554,0.0,0.0,0.0,0.0,0.0,0.0,0.0,0.0,1180,0.0,320.0,0.0,1400,0.0,0.0,0.0,0.0,8350,5371,0.0,0.0,4600.0,3100,0.0,0.0,220.0,0.0
105,0.0,1194,1800,0.0,0.0,470.0,13400.0,0.0,0.0,0.0,2059.0,0.0,554,0.0,0.0,0.0,0.0,0.0,0.0,0.0,0.0,1180,0.0,320.0,0.0,1400,0.0,0.0,0.0,0.0,8400,5357,0.0,0.0,4600.0,3140,0.0,0.0,220.0,0.0
105,0.0,1194,1800,0.0,0.0,460.0,13400.0,0.0,0.0,0.0,2049.0,0.0,554,0.0,0.0,0.0,0.0,0.0,0.0,0.0,0.0,1220,0.0,320.0,0.0,1400,0.0,0.0,0.0,0.0,8400,5330,0.0,0.0,4600.0,3135,0.0,0.0,210.0,0.0
110,0.0,1194,1800,0.0,0.0,460.0,13250.0,0.0,0.0,0.0,2049.0,0.0,547,0.0,0.0,0.0,0.0,0.0,0.0,0.0,0.0,1220,0.0,325.0,0.0,1400,0.0,0.0,0.0,0.0,8250,5371,0.0,0.0,4650.0,3125,0.0,0.0,220.0,0.0
110,0.0,1175,1800,0.0,0.0,460.0,12900.0,0.0,0.0,0.0,2049.0,0.0,547,0.0,0.0,0.0,0.0,0.0,0.0,0.0,0.0,1250,0.0,325.0,0.0,1400,0.0,0.0,0.0,0.0,8250,5350,0.0,0.0,4625.0,3100,0.0,0.0,220.0,0.0
115,0.0,1175,1750,0.0,0.0,460.0,12850.0,0.0,0.0,0.0,2049.0,0.0,547,0.0,0.0,0.0,0.0,0.0,0.0,0.0,0.0,1250,0.0,330.0,0.0,1400,0.0,0.0,0.0,0.0,8100,5330,0.0,0.0,4650.0,3075,0.0,0.0,220.0,0.0
115,0.0,1144,1750,0.0,0.0,460.0,12850.0,0.0,0.0,0.0,2049.0,0.0,533,0.0,0.0,0.0,0.0,0.0,0.0,0.0,0.0,1260,0.0,330.0,0.0,1400,0.0,0.0,0.0,0.0,8000,5343,0.0,0.0,4650.0,3025,0.0,0.0,220.0,0.0
112,0.0,1138,1750,0.0,0.0,420.0,12500.0,0.0,0.0,0.0,2049.0,0.0,540,0.0,0.0,0.0,0.0,0.0,0.0,0.0,0.0,1280,0.0,330.0,0.0,1400,0.0,0.0,0.0,0.0,7950,5357,0.0,0.0,4650.0,3050,0.0,0.0,220.0,0.0
110,0.0,1125,1700,0.0,0.0,420.0,12300.0,0.0,0.0,0.0,2049.0,0.0,547,0.0,0.0,0.0,0.0,0.0,0.0,0.0,0.0,1280,0.0,335.0,0.0,1400,0.0,0.0,0.0,0.0,8000,5371,0.0,0.0,4650.0,3150,0.0,0.0,220.0,0.0
110,0.0,1113,1700,0.0,0.0,420.0,12325.0,0.0,0.0,0.0,2049.0,0.0,547,0.0,0.0,0.0,0.0,0.0,0.0,0.0,0.0,1280,0.0,338.0,0.0,1400,0.0,0.0,0.0,0.0,8000,5357,0.0,0.0,4650.0,3175,0.0,0.0,220.0,0.0
110,0.0,1113,1700,0.0,0.0,400.0,12550.0,0.0,0.0,0.0,2049.0,0.0,554,0.0,0.0,0.0,0.0,0.0,0.0,0.0,0.0,1270,0.0,340.0,0.0,1400,0.0,0.0,0.0,0.0,7900,5391,0.0,0.0,4650.0,3225,0.0,0.0,220.0,0.0
115,0.0,1113,1700,0.0,0.0,400.0,12700.0,0.0,0.0,0.0,2049.0,0.0,554,0.0,0.0,0.0,0.0,0.0,0.0,0.0,0.0,1280,0.0,340.0,0.0,1400,0.0,0.0,0.0,0.0,8000,5446,0.0,0.0,4500.0,3225,0.0,0.0,220.0,0.0
115,0.0,1119,1700,0.0,0.0,450.0,12700.0,0.0,0.0,0.0,2049.0,0.0,554,0.0,0.0,0.0,0.0,0.0,0.0,0.0,0.0,1280,0.0,340.0,0.0,1440,0.0,0.0,0.0,0.0,8050,5453,0.0,0.0,4500.0,3175,0.0,0.0,220.0,0.0
115,0.0,1138,1800,0.0,0.0,400.0,12800.0,0.0,0.0,0.0,2049.0,0.0,554,0.0,0.0,0.0,0.0,0.0,0.0,0.0,0.0,1280,0.0,340.0,0.0,1440,0.0,0.0,0.0,0.0,8100,5508,0.0,0.0,4550.0,3135,0.0,0.0,220.0,0.0
117,0.0,1138,1800,0.0,0.0,390.0,12900.0,0.0,0.0,0.0,2049.0,0.0,554,0.0,0.0,0.0,0.0,0.0,0.0,0.0,0.0,1285,0.0,345.0,0.0,1440,0.0,0.0,0.0,0.0,8100,5522,0.0,0.0,4575.0,3115,0.0,0.0,220.0,0.0
117,0.0,1138,1800,0.0,0.0,390.0,12650.0,0.0,0.0,0.0,2049.0,0.0,554,0.0,0.0,0.0,0.0,0.0,0.0,0.0,0.0,1285,0.0,345.0,0.0,1440,0.0,0.0,0.0,0.0,8200,5508,0.0,0.0,4575.0,3085,0.0,0.0,220.0,0.0
120,0.0,1144,1800,0.0,0.0,390.0,12650.0,0.0,0.0,0.0,2049.0,0.0,554,0.0,0.0,0.0,0.0,0.0,0.0,0.0,0.0,1280,0.0,345.0,0.0,1450,0.0,0.0,0.0,0.0,8100,5536,0.0,0.0,4550.0,3100,0.0,0.0,225.0,0.0
120,0.0,1134,1800,0.0,0.0,390.0,12500.0,0.0,0.0,0.0,2049.0,0.0,554,0.0,0.0,0.0,0.0,0.0,0.0,0.0,0.0,1280,0.0,345.0,0.0,1450,0.0,0.0,0.0,0.0,8000,5495,0.0,0.0,4550.0,3100,0.0,0.0,225.0,0.0
130,0.0,1128,1800,0.0,0.0,390.0,12650.0,0.0,0.0,0.0,2049.0,0.0,554,0.0,0.0,0.0,0.0,0.0,0.0,0.0,0.0,1280,0.0,345.0,0.0,1450,0.0,0.0,0.0,0.0,7950,5495,0.0,0.0,4575.0,3075,0.0,0.0,225.0,0.0
130,0.0,1131,1800,0.0,0.0,390.0,12300.0,0.0,0.0,0.0,2049.0,0.0,554,0.0,0.0,0.0,0.0,0.0,0.0,0.0,0.0,1260,0.0,345.0,0.0,1450,0.0,0.0,0.0,0.0,7950,5543,0.0,0.0,4575.0,3050,0.0,0.0,225.0,0.0
140,0.0,1131,1800,0.0,0.0,390.0,12125.0,0.0,0.0,0.0,2049.0,0.0,554,0.0,0.0,0.0,0.0,0.0,0.0,0.0,0.0,1260,0.0,345.0,0.0,1450,0.0,0.0,0.0,0.0,8000,5543,0.0,0.0,4500.0,3050,0.0,0.0,225.0,0.0
140,0.0,1131,1800,0.0,0.0,390.0,12200.0,0.0,0.0,0.0,2049.0,0.0,561,0.0,0.0,0.0,0.0,0.0,0.0,0.0,0.0,1260,0.0,345.0,0.0,1450,0.0,0.0,0.0,0.0,7950,5570,0.0,0.0,4500.0,3090,0.0,0.0,225.0,0.0
140,0.0,1125,1800,0.0,0.0,390.0,12200.0,0.0,0.0,0.0,2049.0,0.0,561,0.0,0.0,0.0,0.0,0.0,0.0,0.0,0.0,1250,0.0,345.0,0.0,1450,0.0,0.0,0.0,0.0,7925,5549,0.0,0.0,4500.0,3050,0.0,0.0,225.0,0.0
140,0.0,1125,1800,0.0,0.0,390.0,12250.0,0.0,0.0,0.0,2074.0,0.0,589,0.0,0.0,0.0,0.0,0.0,0.0,0.0,0.0,1245,0.0,345.0,0.0,1450,0.0,0.0,0.0,0.0,7950,5495,0.0,0.0,4500.0,3020,0.0,0.0,230.0,0.0
140,0.0,1131,1850,0.0,0.0,390.0,12050.0,0.0,0.0,0.0,2074.0,0.0,589,0.0,0.0,0.0,0.0,0.0,0.0,0.0,0.0,1245,0.0,345.0,0.0,1470,0.0,0.0,0.0,0.0,7950,5556,0.0,0.0,4500.0,3000,0.0,0.0,230.0,0.0
140,0.0,1131,1850,0.0,0.0,370.0,12000.0,0.0,0.0,0.0,2074.0,0.0,589,0.0,0.0,0.0,0.0,0.0,0.0,0.0,0.0,1245,0.0,345.0,0.0,1470,0.0,0.0,0.0,0.0,7750,5584,0.0,0.0,4500.0,2950,0.0,0.0,230.0,0.0
140,0.0,1131,1900,0.0,0.0,370.0,12000.0,0.0,0.0,0.0,2099.0,0.0,589,0.0,0.0,0.0,0.0,0.0,0.0,0.0,0.0,1240,0.0,345.0,0.0,1470,0.0,0.0,0.0,0.0,7750,5577,0.0,0.0,4500.0,2950,0.0,0.0,230.0,0.0
140,0.0,1131,1900,0.0,0.0,370.0,11925.0,0.0,0.0,0.0,2099.0,0.0,575,0.0,0.0,0.0,0.0,0.0,0.0,0.0,0.0,1240,0.0,345.0,0.0,1470,0.0,0.0,0.0,0.0,7650,5632,0.0,0.0,4500.0,2985,0.0,0.0,220.0,0.0
110,0.0,1119,1900,0.0,0.0,370.0,11800.0,0.0,0.0,0.0,2199.0,0.0,575,0.0,0.0,0.0,0.0,0.0,0.0,0.0,0.0,1235,0.0,345.0,0.0,1470,0.0,0.0,0.0,0.0,7650,5728,0.0,0.0,4525.0,3025,0.0,0.0,230.0,0.0
110,0.0,1113,1900,0.0,0.0,370.0,11900.0,0.0,0.0,0.0,2199.0,0.0,582,0.0,0.0,0.0,0.0,0.0,0.0,0.0,0.0,1245,0.0,345.0,0.0,1470,0.0,0.0,0.0,0.0,7600,5749,0.0,0.0,4525.0,3075,0.0,0.0,240.0,0.0
120,0.0,1100,1900,0.0,0.0,320.0,11900.0,0.0,0.0,0.0,2348.0,0.0,582,0.0,0.0,0.0,0.0,0.0,0.0,0.0,0.0,1250,0.0,345.0,0.0,1470,0.0,0.0,0.0,0.0,7575,5845,0.0,0.0,4525.0,3125,0.0,0.0,245.0,0.0
120,0.0,1094,1900,0.0,0.0,300.0,11650.0,0.0,0.0,0.0,2348.0,0.0,582,0.0,0.0,0.0,0.0,0.0,0.0,0.0,0.0,1250,0.0,345.0,0.0,1470,0.0,0.0,0.0,0.0,7575,5742,0.0,0.0,4650.0,3075,0.0,0.0,245.0,0.0
120,0.0,1094,1900,0.0,0.0,300.0,11900.0,0.0,0.0,0.0,2348.0,0.0,582,0.0,0.0,0.0,0.0,0.0,0.0,0.0,0.0,1250,0.0,340.0,0.0,1470,0.0,0.0,0.0,0.0,7400,5852,0.0,0.0,4700.0,3125,0.0,0.0,235.0,0.0
120,0.0,1075,1900,0.0,0.0,300.0,11500.0,0.0,0.0,0.0,2498.0,0.0,589,0.0,0.0,0.0,0.0,0.0,0.0,0.0,0.0,1310,0.0,345.0,0.0,1470,0.0,0.0,0.0,0.0,7425,5859,0.0,0.0,4700.0,3150,0.0,0.0,225.0,0.0
120,0.0,1075,1900,0.0,0.0,300.0,11450.0,0.0,0.0,0.0,2548.0,0.0,589,0.0,0.0,0.0,0.0,0.0,0.0,0.0,0.0,1330,0.0,350.0,0.0,1470,0.0,0.0,0.0,0.0,7400,5824,0.0,0.0,4700.0,3150,0.0,0.0,215.0,0.0
120,0.0,1069,1900,0.0,0.0,320.0,11350.0,0.0,0.0,0.0,2648.0,0.0,589,0.0,0.0,0.0,0.0,0.0,0.0,0.0,0.0,1350,0.0,350.0,0.0,1480,0.0,0.0,0.0,0.0,7250,5817,0.0,0.0,4850.0,3175,0.0,0.0,220.0,0.0
120,0.0,1069,1900,0.0,0.0,320.0,11250.0,0.0,0.0,0.0,2648.0,0.0,589,0.0,0.0,0.0,0.0,0.0,0.0,0.0,0.0,1360,0.0,350.0,0.0,1480,0.0,0.0,0.0,0.0,6950,5838,0.0,0.0,4900.0,3225,0.0,0.0,220.0,0.0
120,0.0,1025,1900,0.0,0.0,300.0,11175.0,0.0,0.0,0.0,2648.0,0.0,589,0.0,0.0,0.0,0.0,0.0,0.0,0.0,0.0,1370,0.0,350.0,0.0,1490,0.0,0.0,0.0,0.0,6900,6099,0.0,0.0,4975.0,3225,0.0,0.0,225.0,0.0
130,0.0,981,2000,0.0,0.0,300.0,10950.0,0.0,0.0,0.0,2648.0,0.0,596,0.0,0.0,0.0,0.0,0.0,0.0,0.0,0.0,1370,0.0,350.0,0.0,1500,0.0,0.0,0.0,0.0,6700,5962,0.0,0.0,5000.0,3150,0.0,0.0,225.0,0.0
135,0.0,981,2000,0.0,0.0,300.0,11025.0,0.0,0.0,0.0,2648.0,0.0,603,0.0,0.0,0.0,0.0,0.0,0.0,0.0,0.0,1370,0.0,355.0,0.0,1500,0.0,0.0,0.0,0.0,6650,6044,0.0,0.0,5200.0,3160,0.0,0.0,225.0,0.0
130,0.0,956,2000,0.0,0.0,290.0,10900.0,0.0,0.0,0.0,2648.0,0.0,603,0.0,0.0,0.0,0.0,0.0,0.0,0.0,0.0,1370,0.0,355.0,0.0,1500,0.0,0.0,0.0,0.0,6575,6071,0.0,0.0,5175.0,3200,0.0,0.0,240.0,0.0
130,0.0,944,2000,0.0,0.0,275.0,10650.0,0.0,0.0,0.0,2648.0,0.0,610,0.0,0.0,0.0,0.0,0.0,0.0,0.0,0.0,1375,0.0,355.0,0.0,1520,0.0,0.0,0.0,0.0,6500,5962,0.0,0.0,5175.0,3100,0.0,0.0,240.0,0.0
130,0.0,944,2000,0.0,0.0,275.0,10775.0,0.0,0.0,0.0,2498.0,0.0,610,0.0,0.0,0.0,0.0,0.0,0.0,0.0,0.0,1400,0.0,355.0,0.0,1520,0.0,0.0,0.0,0.0,6300,5934,0.0,0.0,5200.0,3125,0.0,0.0,245.0,0.0
130,0.0,925,2000,0.0,0.0,275.0,10600.0,0.0,0.0,0.0,2498.0,0.0,610,0.0,0.0,0.0,0.0,0.0,0.0,0.0,0.0,1400,0.0,345.0,0.0,1500,0.0,0.0,0.0,0.0,6300,5824,0.0,0.0,5200.0,3125,0.0,0.0,250.0,0.0
130,0.0,913,2000,0.0,0.0,275.0,10525.0,0.0,0.0,0.0,2523.0,0.0,610,0.0,0.0,0.0,0.0,0.0,0.0,0.0,0.0,1390,0.0,345.0,0.0,1460,0.0,0.0,0.0,0.0,6350,5714,0.0,0.0,5200.0,3075,0.0,0.0,260.0,0.0
125,0.0,900,2000,0.0,0.0,300.0,10500.0,0.0,0.0,0.0,2498.0,0.0,610,0.0,0.0,0.0,0.0,0.0,0.0,0.0,0.0,1390,0.0,345.0,0.0,1510,0.0,0.0,0.0,0.0,6400,5659,0.0,0.0,5325.0,3100,0.0,0.0,265.0,0.0
125,0.0,906,2000,0.0,0.0,300.0,10400.0,0.0,0.0,0.0,2498.0,0.0,610,0.0,0.0,0.0,0.0,0.0,0.0,0.0,0.0,1390,0.0,345.0,0.0,1510,0.0,0.0,0.0,0.0,6400,5701,0.0,0.0,5200.0,3150,0.0,0.0,265.0,0.0
125,0.0,906,2000,0.0,0.0,300.0,10200.0,0.0,0.0,0.0,2498.0,0.0,610,0.0,0.0,0.0,0.0,0.0,0.0,0.0,0.0,1390,0.0,345.0,0.0,1510,0.0,0.0,0.0,0.0,6550,5701,0.0,0.0,5200.0,3150,0.0,0.0,265.0,0.0
125,0.0,950,2000,0.0,0.0,300.0,10425.0,0.0,0.0,0.0,2523.0,0.0,617,0.0,0.0,0.0,0.0,0.0,0.0,0.0,0.0,1390,0.0,345.0,0.0,1510,0.0,0.0,0.0,0.0,6500,5769,0.0,0.0,5200.0,3110,0.0,0.0,265.0,0.0
125,0.0,950,2000,0.0,0.0,340.0,10425.0,0.0,0.0,0.0,2523.0,0.0,617,0.0,0.0,0.0,0.0,0.0,0.0,0.0,0.0,1450,0.0,345.0,0.0,1510,0.0,0.0,0.0,0.0,6400,5893,0.0,0.0,5200.0,3100,0.0,0.0,265.0,0.0
120,0.0,950,2000,0.0,0.0,340.0,10550.0,0.0,0.0,0.0,2548.0,0.0,617,0.0,0.0,0.0,0.0,0.0,0.0,0.0,0.0,1450,0.0,345.0,0.0,1510,0.0,0.0,0.0,0.0,6500,5962,0.0,0.0,5200.0,3165,0.0,0.0,270.0,0.0
120,0.0,956,2000,0.0,0.0,360.0,10450.0,0.0,0.0,0.0,2548.0,0.0,617,0.0,0.0,0.0,0.0,0.0,0.0,0.0,0.0,1500,0.0,345.0,0.0,1490,0.0,0.0,0.0,0.0,6900,6016,0.0,0.0,5275.0,3145,0.0,0.0,310.0,0.0
120,0.0,969,2000,0.0,0.0,360.0,10450.0,0.0,0.0,0.0,2548.0,0.0,617,0.0,0.0,0.0,0.0,0.0,0.0,0.0,0.0,1550,0.0,345.0,0.0,1490,0.0,0.0,0.0,0.0,6850,6106,0.0,0.0,5300.0,3075,0.0,0.0,310.0,0.0
115,0.0,1006,2000,0.0,0.0,350.0,10425.0,0.0,0.0,0.0,2548.0,0.0,617,0.0,0.0,0.0,0.0,0.0,0.0,0.0,0.0,1550,0.0,345.0,0.0,1490,0.0,0.0,0.0,0.0,7200,6202,0.0,0.0,5400.0,3000,0.0,0.0,300.0,0.0
120,0.0,1006,2000,0.0,0.0,340.0,11100.0,0.0,0.0,0.0,2548.0,0.0,617,0.0,0.0,0.0,0.0,0.0,0.0,0.0,0.0,1500,0.0,350.0,0.0,1495,0.0,0.0,0.0,0.0,7250,6168,0.0,0.0,5350.0,2975,0.0,0.0,290.0,0.0
125,0.0,1038,2000,0.0,0.0,325.0,11300.0,0.0,0.0,0.0,2548.0,0.0,617,0.0,0.0,0.0,0.0,0.0,0.0,0.0,0.0,1500,0.0,350.0,0.0,1475,0.0,0.0,0.0,0.0,7100,6168,0.0,0.0,5350.0,3025,0.0,0.0,290.0,0.0
125,0.0,1025,2000,0.0,0.0,325.0,12350.0,0.0,0.0,0.0,2598.0,0.0,617,0.0,0.0,0.0,0.0,0.0,0.0,0.0,0.0,1550,0.0,350.0,0.0,1475,0.0,0.0,0.0,0.0,7000,6071,0.0,0.0,5400.0,3100,0.0,0.0,300.0,0.0
125,0.0,1000,2000,0.0,0.0,340.0,12400.0,0.0,0.0,0.0,2648.0,0.0,617,0.0,0.0,0.0,0.0,0.0,0.0,0.0,0.0,1550,0.0,350.0,0.0,1475,0.0,0.0,0.0,0.0,6700,5989,0.0,0.0,5425.0,3085,0.0,0.0,300.0,0.0
125,0.0,1006,2000,0.0,0.0,340.0,11900.0,0.0,0.0,0.0,2648.0,0.0,638,0.0,0.0,0.0,0.0,0.0,0.0,0.0,0.0,1535,0.0,355.0,0.0,1475,0.0,0.0,0.0,0.0,6600,5948,0.0,0.0,5450.0,3085,0.0,0.0,290.0,0.0
125,0.0,1006,2000,0.0,0.0,340.0,11550.0,0.0,0.0,0.0,2648.0,0.0,638,0.0,0.0,0.0,0.0,0.0,0.0,0.0,0.0,1540,0.0,355.0,0.0,1480,0.0,0.0,0.0,0.0,6600,5962,0.0,0.0,5600.0,3025,0.0,0.0,290.0,0.0
125,0.0,1006,2000,0.0,0.0,340.0,11500.0,0.0,0.0,0.0,2648.0,0.0,638,0.0,0.0,0.0,0.0,0.0,0.0,0.0,0.0,1540,0.0,355.0,0.0,1480,0.0,0.0,0.0,0.0,6600,5975,0.0,0.0,5750.0,2975,0.0,0.0,290.0,0.0
125,0.0,994,2000,0.0,0.0,340.0,11800.0,0.0,0.0,0.0,2698.0,0.0,638,0.0,0.0,0.0,0.0,0.0,0.0,0.0,0.0,1550,0.0,358.0,0.0,1480,0.0,0.0,0.0,0.0,6450,5948,0.0,0.0,5800.0,2900,0.0,0.0,295.0,0.0
120,0.0,994,2000,0.0,0.0,340.0,11800.0,0.0,0.0,0.0,2698.0,0.0,638,0.0,0.0,0.0,0.0,0.0,0.0,0.0,0.0,1550,0.0,358.0,0.0,1480,0.0,0.0,0.0,0.0,6250,5975,0.0,0.0,5900.0,2775,0.0,0.0,298.0,0.0
120,0.0,975,2000,0.0,0.0,310.0,11850.0,0.0,0.0,0.0,3198.0,0.0,631,0.0,0.0,0.0,0.0,0.0,0.0,0.0,0.0,1530,0.0,358.0,0.0,1480,0.0,0.0,0.0,0.0,6400,5989,0.0,0.0,5950.0,2750,0.0,0.0,295.0,0.0
120,0.0,963,2000,0.0,0.0,300.0,11500.0,0.0,0.0,0.0,3198.0,0.0,631,0.0,0.0,0.0,0.0,0.0,0.0,0.0,0.0,1530,0.0,358.0,0.0,1600,0.0,0.0,0.0,0.0,6350,6016,0.0,0.0,5900.0,2750,0.0,0.0,295.0,0.0
125,0.0,950,1900,0.0,0.0,300.0,11000.0,0.0,0.0,0.0,3198.0,0.0,631,0.0,0.0,0.0,0.0,0.0,0.0,0.0,0.0,1530,0.0,358.0,0.0,1600,0.0,0.0,0.0,0.0,6500,5989,0.0,0.0,5900.0,2725,0.0,0.0,290.0,0.0
125,0.0,963,1900,0.0,0.0,300.0,11200.0,0.0,0.0,0.0,3148.0,0.0,631,0.0,0.0,0.0,0.0,0.0,0.0,0.0,0.0,1530,0.0,370.0,0.0,1680,0.0,0.0,0.0,0.0,6500,5989,0.0,0.0,5875.0,2775,0.0,0.0,290.0,0.0
125,0.0,963,1900,0.0,0.0,300.0,11400.0,0.0,0.0,0.0,3148.0,0.0,631,0.0,0.0,0.0,0.0,0.0,0.0,0.0,0.0,1530,0.0,370.0,0.0,1600,0.0,0.0,0.0,0.0,6375,5975,0.0,0.0,5875.0,2750,0.0,0.0,290.0,0.0
125,0.0,959,1900,0.0,0.0,300.0,12100.0,0.0,0.0,0.0,3098.0,0.0,624,0.0,0.0,0.0,0.0,0.0,0.0,0.0,0.0,1530,0.0,370.0,0.0,1600,0.0,0.0,0.0,0.0,6300,5920,0.0,0.0,5900.0,2750,0.0,0.0,290.0,0.0
125,0.0,950,1900,0.0,0.0,300.0,12050.0,0.0,0.0,0.0,3098.0,0.0,624,0.0,0.0,0.0,0.0,0.0,0.0,0.0,0.0,1600,0.0,370.0,0.0,1600,0.0,0.0,0.0,0.0,6350,5920,0.0,0.0,5950.0,2725,0.0,0.0,295.0,0.0
125,0.0,950,1800,0.0,0.0,300.0,11750.0,0.0,0.0,0.0,3098.0,0.0,624,0.0,0.0,0.0,0.0,0.0,0.0,0.0,0.0,1600,0.0,370.0,0.0,1600,0.0,0.0,0.0,0.0,6350,5934,0.0,0.0,6000.0,2625,0.0,0.0,295.0,0.0
125,0.0,938,1800,0.0,0.0,300.0,11900.0,0.0,0.0,0.0,2998.0,0.0,624,0.0,0.0,0.0,0.0,0.0,0.0,0.0,0.0,1650,0.0,370.0,0.0,1560,0.0,0.0,0.0,0.0,6500,6044,0.0,0.0,6000.0,2700,0.0,0.0,295.0,0.0
125,0.0,938,1800,0.0,0.0,275.0,12000.0,0.0,0.0,0.0,2998.0,0.0,631,0.0,0.0,0.0,0.0,0.0,0.0,0.0,0.0,1730,0.0,370.0,0.0,1580,0.0,0.0,0.0,0.0,6700,6181,0.0,0.0,6100.0,2725,0.0,0.0,300.0,0.0
125,0.0,938,1800,0.0,0.0,265.0,12350.0,0.0,0.0,0.0,2898.0,0.0,631,0.0,0.0,0.0,0.0,0.0,0.0,0.0,0.0,1800,0.0,372.0,0.0,1640,0.0,0.0,0.0,0.0,6600,6291,0.0,0.0,6300.0,2975,0.0,0.0,295.0,0.0
125,0.0,938,1800,0.0,0.0,265.0,12750.0,0.0,0.0,0.0,2873.0,0.0,652,0.0,0.0,0.0,0.0,0.0,0.0,0.0,0.0,1700,0.0,372.0,0.0,1620,0.0,0.0,0.0,0.0,6550,6319,0.0,0.0,6400.0,3000,0.0,0.0,290.0,0.0
125,0.0,938,1800,0.0,0.0,265.0,13000.0,0.0,0.0,0.0,2848.0,0.0,673,0.0,0.0,0.0,0.0,0.0,0.0,0.0,0.0,1700,0.0,372.0,0.0,1630,0.0,0.0,0.0,0.0,6650,6442,0.0,0.0,6515.0,2975,0.0,0.0,290.0,0.0
125,0.0,938,1800,0.0,0.0,250.0,13000.0,0.0,0.0,0.0,2798.0,0.0,673,0.0,0.0,0.0,0.0,0.0,0.0,0.0,0.0,1720,0.0,400.0,0.0,1640,0.0,0.0,0.0,0.0,6625,6484,0.0,0.0,6490.0,2990,0.0,0.0,290.0,0.0
125,0.0,931,1800,0.0,0.0,250.0,13150.0,0.0,0.0,0.0,2798.0,0.0,680,0.0,0.0,0.0,0.0,0.0,0.0,0.0,0.0,1720,0.0,400.0,0.0,1680,0.0,0.0,0.0,0.0,6625,6456,0.0,0.0,6490.0,2950,0.0,0.0,290.0,0.0
125,0.0,931,1800,0.0,0.0,250.0,12950.0,0.0,0.0,0.0,2798.0,0.0,687,0.0,0.0,0.0,0.0,0.0,0.0,0.0,0.0,1700,0.0,400.0,0.0,1660,0.0,0.0,0.0,0.0,6550,6360,0.0,0.0,6490.0,2925,0.0,0.0,290.0,0.0
125,0.0,919,1800,0.0,0.0,250.0,12425.0,0.0,0.0,0.0,2848.0,0.0,687,0.0,0.0,0.0,0.0,0.0,0.0,0.0,0.0,1700,0.0,400.0,0.0,1630,0.0,0.0,0.0,0.0,6600,6319,0.0,0.0,6450.0,2900,0.0,0.0,290.0,0.0
125,0.0,925,1800,0.0,0.0,250.0,11975.0,0.0,0.0,0.0,2848.0,0.0,680,0.0,0.0,0.0,0.0,0.0,0.0,0.0,0.0,1700,0.0,400.0,0.0,1640,0.0,0.0,0.0,0.0,6500,6319,0.0,0.0,6400.0,2975,0.0,0.0,295.0,0.0
125,0.0,919,1800,0.0,0.0,250.0,11950.0,0.0,0.0,0.0,2898.0,0.0,680,0.0,0.0,0.0,0.0,0.0,0.0,0.0,0.0,1650,0.0,405.0,0.0,1640,0.0,0.0,0.0,0.0,6500,6250,0.0,0.0,6300.0,2975,0.0,0.0,300.0,0.0
125,0.0,919,1800,0.0,0.0,250.0,12250.0,0.0,0.0,0.0,2898.0,0.0,687,0.0,0.0,0.0,0.0,0.0,0.0,0.0,0.0,1650,0.0,400.0,0.0,1640,0.0,0.0,0.0,0.0,6450,6271,0.0,0.0,6300.0,3000,0.0,0.0,300.0,0.0
125,0.0,919,1800,0.0,0.0,225.0,12150.0,0.0,0.0,0.0,2898.0,0.0,687,0.0,0.0,0.0,0.0,0.0,0.0,0.0,0.0,1750,0.0,400.0,0.0,1670,0.0,0.0,0.0,0.0,6200,6277,0.0,0.0,6300.0,3000,0.0,0.0,305.0,0.0
125,0.0,906,1800,0.0,0.0,250.0,12075.0,0.0,0.0,0.0,2898.0,0.0,687,0.0,0.0,0.0,0.0,0.0,0.0,0.0,0.0,1750,0.0,400.0,0.0,1670,0.0,0.0,0.0,0.0,6200,6264,0.0,0.0,6350.0,3000,0.0,0.0,305.0,0.0
125,0.0,906,1800,0.0,0.0,225.0,12425.0,0.0,0.0,0.0,2898.0,0.0,687,0.0,0.0,0.0,0.0,0.0,0.0,0.0,0.0,1750,0.0,400.0,0.0,1670,0.0,0.0,0.0,0.0,6200,6264,0.0,0.0,6350.0,3000,0.0,0.0,305.0,0.0
125,0.0,906,1800,0.0,0.0,250.0,12300.0,0.0,0.0,0.0,2998.0,0.0,687,0.0,0.0,0.0,0.0,0.0,0.0,0.0,0.0,1750,0.0,400.0,0.0,1670,0.0,0.0,0.0,0.0,6100,6264,0.0,0.0,6350.0,3000,0.0,0.0,305.0,0.0
125,0.0,900,1800,0.0,0.0,265.0,12300.0,0.0,0.0,0.0,3048.0,0.0,687,0.0,0.0,0.0,0.0,0.0,0.0,0.0,0.0,1750,0.0,420.0,0.0,1660,0.0,0.0,0.0,0.0,6025,6250,0.0,0.0,6350.0,2975,0.0,0.0,305.0,0.0
125,0.0,900,1800,0.0,0.0,265.0,12300.0,0.0,0.0,0.0,3198.0,0.0,687,0.0,0.0,0.0,0.0,0.0,0.0,0.0,0.0,1750,0.0,420.0,0.0,1660,0.0,0.0,0.0,0.0,6000,6181,0.0,0.0,6350.0,2985,0.0,0.0,305.0,0.0
125,0.0,831,1800,0.0,0.0,265.0,12300.0,0.0,0.0,0.0,3198.0,0.0,687,0.0,0.0,0.0,0.0,0.0,0.0,0.0,0.0,1750,0.0,420.0,0.0,1680,0.0,0.0,0.0,0.0,6000,6044,0.0,0.0,6350.0,2985,0.0,0.0,305.0,0.0
125,0.0,831,1800,0.0,0.0,265.0,12300.0,0.0,0.0,0.0,3198.0,0.0,687,0.0,0.0,0.0,0.0,0.0,0.0,0.0,0.0,1750,0.0,420.0,0.0,1680,0.0,0.0,0.0,0.0,6000,6044,0.0,0.0,6300.0,2985,0.0,0.0,305.0,0.0
125,0.0,831,1800,0.0,0.0,270.0,11800.0,0.0,0.0,0.0,3098.0,0.0,701,0.0,0.0,0.0,0.0,0.0,0.0,0.0,0.0,1750,0.0,420.0,0.0,1680,0.0,0.0,0.0,0.0,6300,6181,0.0,0.0,6300.0,2985,0.0,0.0,305.0,0.0
125,0.0,831,1800,0.0,0.0,270.0,11800.0,0.0,0.0,0.0,3098.0,0.0,701,0.0,0.0,0.0,0.0,0.0,0.0,0.0,0.0,1750,0.0,420.0,0.0,1680,0.0,0.0,0.0,0.0,6600,6346,0.0,0.0,6300.0,3050,0.0,0.0,305.0,0.0
115,0.0,831,1800,0.0,0.0,270.0,11700.0,0.0,0.0,0.0,3198.0,0.0,701,0.0,0.0,0.0,0.0,0.0,0.0,0.0,0.0,1750,0.0,420.0,0.0,1680,0.0,0.0,0.0,0.0,6700,6456,0.0,0.0,6300.0,3100,0.0,0.0,310.0,0.0
115,0.0,925,1800,0.0,0.0,270.0,12950.0,0.0,0.0,0.0,3198.0,0.0,701,0.0,0.0,0.0,0.0,0.0,0.0,0.0,0.0,1780,0.0,430.0,0.0,1680,0.0,0.0,0.0,0.0,7200,6538,0.0,0.0,6400.0,3075,0.0,0.0,310.0,0.0
110,0.0,975,1800,0.0,0.0,270.0,13400.0,0.0,0.0,0.0,3198.0,0.0,701,0.0,0.0,0.0,0.0,0.0,0.0,0.0,0.0,1780,0.0,440.0,0.0,1690,0.0,0.0,0.0,0.0,7300,6731,0.0,0.0,6400.0,3225,0.0,0.0,310.0,0.0
110,0.0,969,1800,0.0,0.0,270.0,13900.0,0.0,0.0,0.0,3173.0,0.0,786,0.0,0.0,0.0,0.0,0.0,0.0,0.0,0.0,1780,0.0,450.0,0.0,1690,0.0,0.0,0.0,0.0,7250,6786,0.0,0.0,6450.0,3225,0.0,0.0,340.0,0.0
110,0.0,975,1800,0.0,0.0,275.0,14250.0,0.0,0.0,0.0,3173.0,0.0,800,0.0,0.0,0.0,0.0,0.0,0.0,0.0,0.0,1730,0.0,450.0,0.0,1690,0.0,0.0,0.0,0.0,7200,6896,0.0,0.0,6450.0,3215,0.0,0.0,340.0,0.0
110,0.0,969,1800,0.0,0.0,300.0,14300.0,0.0,0.0,0.0,3173.0,0.0,814,0.0,0.0,0.0,0.0,0.0,0.0,0.0,0.0,1700,0.0,450.0,0.0,1700,0.0,0.0,0.0,0.0,7050,6923,0.0,0.0,6575.0,3210,0.0,0.0,400.0,0.0
110,0.0,950,1800,0.0,0.0,300.0,14750.0,0.0,0.0,0.0,3173.0,0.0,814,0.0,0.0,0.0,0.0,0.0,0.0,0.0,0.0,1730,0.0,450.0,0.0,1710,0.0,0.0,0.0,0.0,7000,6923,0.0,0.0,6575.0,3275,0.0,0.0,400.0,0.0
110,0.0,925,1800,0.0,0.0,310.0,15650.0,0.0,0.0,0.0,3198.0,0.0,814,0.0,0.0,0.0,0.0,0.0,0.0,0.0,0.0,1730,0.0,450.0,0.0,1710,0.0,0.0,0.0,0.0,7040,6868,0.0,0.0,6525.0,3325,0.0,0.0,450.0,0.0
110,0.0,931,1800,0.0,0.0,325.0,15650.0,0.0,0.0,0.0,3198.0,0.0,821,0.0,0.0,0.0,0.0,0.0,0.0,0.0,0.0,1700,0.0,450.0,0.0,1710,0.0,0.0,0.0,0.0,7100,7005,0.0,0.0,6550.0,3375,0.0,0.0,480.0,0.0
115,0.0,938,1800,0.0,0.0,340.0,14950.0,0.0,0.0,0.0,3198.0,0.0,821,0.0,0.0,0.0,0.0,0.0,0.0,0.0,0.0,1700,0.0,490.0,0.0,1740,0.0,0.0,0.0,0.0,7050,7198,0.0,0.0,6550.0,3325,0.0,0.0,460.0,0.0
115,0.0,938,1850,0.0,0.0,340.0,15300.0,0.0,0.0,0.0,3198.0,0.0,828,0.0,0.0,0.0,0.0,0.0,0.0,0.0,0.0,1690,0.0,490.0,0.0,1740,0.0,0.0,0.0,0.0,7000,7115,0.0,0.0,6600.0,3325,0.0,0.0,420.0,0.0
115,0.0,925,1850,0.0,0.0,340.0,15550.0,0.0,0.0,0.0,3198.0,0.0,828,0.0,0.0,0.0,0.0,0.0,0.0,0.0,0.0,1730,0.0,490.0,0.0,1780,0.0,0.0,0.0,0.0,7100,7060,0.0,0.0,6550.0,3350,0.0,0.0,420.0,0.0
115,0.0,938,1850,0.0,0.0,340.0,15400.0,0.0,0.0,0.0,3198.0,0.0,828,0.0,0.0,0.0,0.0,0.0,0.0,0.0,0.0,1750,0.0,500.0,0.0,1780,0.0,0.0,0.0,0.0,7400,7280,0.0,0.0,6600.0,3375,0.0,0.0,400.0,0.0
115,0.0,975,1850,0.0,0.0,320.0,15350.0,0.0,0.0,0.0,3198.0,0.0,835,0.0,0.0,0.0,0.0,0.0,0.0,0.0,0.0,1770,0.0,500.0,0.0,1800,0.0,0.0,0.0,0.0,7450,7390,0.0,0.0,6550.0,3375,0.0,0.0,400.0,0.0
115,0.0,963,1850,0.0,0.0,320.0,17250.0,0.0,0.0,0.0,3198.0,0.0,835,0.0,0.0,0.0,0.0,0.0,0.0,0.0,0.0,1770,0.0,500.0,0.0,1900,0.0,0.0,0.0,0.0,7300,7445,0.0,0.0,6575.0,3350,0.0,0.0,390.0,0.0
125,0.0,938,1850,0.0,0.0,320.0,17500.0,0.0,0.0,0.0,3198.0,0.0,835,0.0,0.0,0.0,0.0,0.0,0.0,0.0,0.0,1770,0.0,500.0,0.0,1900,0.0,0.0,0.0,0.0,7400,7486,0.0,0.0,6575.0,3375,0.0,0.0,390.0,0.0
125,0.0,950,1850,0.0,0.0,320.0,17400.0,0.0,0.0,0.0,3298.0,0.0,828,0.0,0.0,0.0,0.0,0.0,0.0,0.0,0.0,1770,0.0,500.0,0.0,1850,0.0,0.0,0.0,0.0,7350,7527,0.0,0.0,6700.0,3390,0.0,0.0,365.0,0.0
130,0.0,950,1850,0.0,0.0,320.0,17750.0,0.0,0.0,0.0,3298.0,0.0,828,0.0,0.0,0.0,0.0,0.0,0.0,0.0,0.0,1770,0.0,500.0,0.0,1850,0.0,0.0,0.0,0.0,7300,7473,0.0,0.0,6725.0,3360,0.0,0.0,325.0,0.0
130,0.0,950,1850,0.0,0.0,310.0,18800.0,0.0,0.0,0.0,3298.0,0.0,828,0.0,0.0,0.0,0.0,0.0,0.0,0.0,0.0,1770,0.0,500.0,0.0,1800,0.0,0.0,0.0,0.0,7200,7459,0.0,0.0,6725.0,3365,0.0,0.0,360.0,0.0
130,0.0,944,1850,0.0,0.0,310.0,18500.0,0.0,0.0,0.0,3348.0,0.0,821,0.0,0.0,0.0,0.0,0.0,0.0,0.0,0.0,1780,0.0,500.0,0.0,1800,0.0,0.0,0.0,0.0,7200,7225,0.0,0.0,6700.0,3275,0.0,0.0,390.0,0.0
130,0.0,944,1850,0.0,0.0,320.0,18950.0,0.0,0.0,0.0,3348.0,0.0,821,0.0,0.0,0.0,0.0,0.0,0.0,0.0,0.0,1780,0.0,470.0,0.0,1800,0.0,0.0,0.0,0.0,8100,7225,0.0,0.0,6675.0,3325,0.0,0.0,390.0,0.0
130,0.0,1038,1850,0.0,0.0,320.0,18800.0,0.0,0.0,0.0,3348.0,0.0,821,0.0,0.0,0.0,0.0,0.0,0.0,0.0,0.0,1780,0.0,470.0,0.0,1800,0.0,0.0,0.0,0.0,8150,7445,0.0,0.0,6650.0,3300,0.0,0.0,400.0,0.0
130,0.0,1038,1850,0.0,0.0,320.0,19400.0,0.0,0.0,0.0,3348.0,0.0,821,0.0,0.0,0.0,0.0,0.0,0.0,0.0,0.0,1760,0.0,470.0,0.0,1800,0.0,0.0,0.0,0.0,8200,7418,0.0,0.0,6650.0,3200,0.0,0.0,390.0,0.0
130,0.0,1038,1850,0.0,0.0,320.0,20950.0,0.0,0.0,0.0,3348.0,0.0,821,0.0,0.0,0.0,0.0,0.0,0.0,0.0,0.0,1760,0.0,470.0,0.0,1800,0.0,0.0,0.0,0.0,8250,7390,0.0,0.0,6650.0,3160,0.0,0.0,385.0,0.0
130,0.0,1050,1850,0.0,0.0,320.0,20050.0,0.0,0.0,0.0,3348.0,0.0,814,0.0,0.0,0.0,0.0,0.0,0.0,0.0,0.0,1760,0.0,470.0,0.0,1820,0.0,0.0,0.0,0.0,8100,7390,0.0,0.0,6650.0,3175,0.0,0.0,375.0,0.0
130,0.0,1031,1850,0.0,0.0,350.0,19825.0,0.0,0.0,0.0,3348.0,0.0,814,0.0,0.0,0.0,0.0,0.0,0.0,0.0,0.0,1760,0.0,475.0,0.0,1820,0.0,0.0,0.0,0.0,8100,7390,0.0,0.0,6500.0,3175,0.0,0.0,350.0,0.0
130,0.0,1031,1850,0.0,0.0,375.0,20000.0,0.0,0.0,0.0,3348.0,0.0,814,0.0,0.0,0.0,0.0,0.0,0.0,0.0,0.0,1760,0.0,475.0,0.0,1800,0.0,0.0,0.0,0.0,7800,7582,0.0,0.0,6500.0,3150,0.0,0.0,370.0,0.0
130,0.0,1031,1850,0.0,0.0,400.0,18600.0,0.0,0.0,0.0,3348.0,0.0,814,0.0,0.0,0.0,0.0,0.0,0.0,0.0,0.0,1760,0.0,475.0,0.0,1800,0.0,0.0,0.0,0.0,7800,7390,0.0,0.0,6550.0,3100,0.0,0.0,370.0,0.0
130,0.0,1031,1850,0.0,0.0,400.0,18250.0,0.0,0.0,0.0,3348.0,0.0,814,0.0,0.0,0.0,0.0,0.0,0.0,0.0,0.0,1800,0.0,475.0,0.0,1800,0.0,0.0,0.0,0.0,7000,7143,0.0,0.0,6550.0,3025,0.0,0.0,355.0,0.0
115,0.0,863,1850,0.0,0.0,400.0,17150.0,0.0,0.0,0.0,3398.0,0.0,814,0.0,0.0,0.0,0.0,0.0,0.0,0.0,0.0,1780,0.0,475.0,0.0,1800,0.0,0.0,0.0,0.0,7350,7088,0.0,0.0,6550.0,3015,0.0,0.0,360.0,0.0
115,0.0,863,1850,0.0,0.0,400.0,17050.0,0.0,0.0,0.0,3398.0,0.0,814,0.0,0.0,0.0,0.0,0.0,0.0,0.0,0.0,1770,0.0,475.0,0.0,1840,0.0,0.0,0.0,0.0,7450,7198,0.0,0.0,6575.0,3050,0.0,0.0,370.0,0.0
105,0.0,875,1850,0.0,0.0,400.0,17600.0,0.0,0.0,0.0,3398.0,0.0,814,0.0,0.0,0.0,0.0,0.0,0.0,0.0,0.0,1770,0.0,475.0,0.0,1840,0.0,0.0,0.0,0.0,7400,7115,0.0,0.0,6600.0,3035,0.0,0.0,375.0,0.0
110,0.0,866,1900,0.0,0.0,400.0,18650.0,0.0,0.0,0.0,3398.0,0.0,814,0.0,0.0,0.0,0.0,0.0,0.0,0.0,0.0,1770,0.0,475.0,0.0,1840,0.0,0.0,0.0,0.0,7400,7060,0.0,0.0,6700.0,3035,0.0,0.0,375.0,0.0
110,0.0,863,1900,0.0,0.0,400.0,19150.0,0.0,0.0,0.0,3398.0,0.0,807,0.0,0.0,0.0,0.0,0.0,0.0,0.0,0.0,1660,0.0,475.0,0.0,1840,0.0,0.0,0.0,0.0,7000,6951,0.0,0.0,6700.0,3050,0.0,0.0,375.0,0.0
110,0.0,813,1900,0.0,0.0,400.0,19200.0,0.0,0.0,0.0,3398.0,0.0,800,0.0,0.0,0.0,0.0,0.0,0.0,0.0,0.0,1660,0.0,475.0,0.0,1800,0.0,0.0,0.0,0.0,7100,6923,0.0,0.0,6625.0,3150,0.0,0.0,375.0,0.0
110,0.0,838,1900,0.0,0.0,400.0,19050.0,0.0,0.0,0.0,3448.0,0.0,797,0.0,0.0,0.0,0.0,0.0,0.0,0.0,0.0,1630,0.0,440.0,0.0,1800,0.0,0.0,0.0,0.0,7500,7225,0.0,0.0,6550.0,3235,0.0,0.0,350.0,0.0
110,0.0,850,1900,0.0,0.0,375.0,18500.0,0.0,0.0,0.0,3448.0,0.0,793,0.0,0.0,0.0,0.0,0.0,0.0,0.0,0.0,1660,0.0,440.0,0.0,1820,0.0,0.0,0.0,0.0,7350,7212,0.0,0.0,6525.0,3235,0.0,0.0,350.0,0.0
100,0.0,875,1850,0.0,0.0,375.0,19300.0,0.0,0.0,0.0,3448.0,0.0,793,0.0,0.0,0.0,0.0,0.0,0.0,0.0,0.0,1670,0.0,440.0,0.0,1820,0.0,0.0,0.0,0.0,7250,7225,0.0,0.0,6575.0,3325,0.0,0.0,365.0,0.0
100,0.0,850,1850,0.0,0.0,375.0,18850.0,0.0,0.0,0.0,3498.0,0.0,793,0.0,0.0,0.0,0.0,0.0,0.0,0.0,0.0,1670,0.0,440.0,0.0,1800,0.0,0.0,0.0,0.0,7250,7074,0.0,0.0,6565.0,3300,0.0,0.0,365.0,0.0
100,0.0,838,1850,0.0,0.0,375.0,19125.0,0.0,0.0,0.0,3498.0,0.0,793,0.0,0.0,0.0,0.0,0.0,0.0,0.0,0.0,1690,0.0,440.0,0.0,1800,0.0,0.0,0.0,0.0,7250,6992,0.0,0.0,6600.0,3375,0.0,0.0,365.0,0.0
100,0.0,875,1850,0.0,0.0,325.0,18750.0,0.0,0.0,0.0,3498.0,0.0,800,0.0,0.0,0.0,0.0,0.0,0.0,0.0,0.0,1700,0.0,430.0,0.0,1825,0.0,0.0,0.0,0.0,7225,6951,0.0,0.0,6600.0,3350,0.0,0.0,365.0,0.0
90,0.0,875,1850,0.0,0.0,325.0,18250.0,0.0,0.0,0.0,3498.0,0.0,800,0.0,0.0,0.0,0.0,0.0,0.0,0.0,0.0,1700,0.0,430.0,0.0,1835,0.0,0.0,0.0,0.0,7300,6882,0.0,0.0,6650.0,3425,0.0,0.0,375.0,0.0
90,0.0,875,1850,0.0,0.0,325.0,19000.0,0.0,0.0,0.0,3498.0,0.0,793,0.0,0.0,0.0,0.0,0.0,0.0,0.0,0.0,1675,0.0,430.0,0.0,1835,0.0,0.0,0.0,0.0,7150,6813,0.0,0.0,6650.0,3465,0.0,0.0,375.0,0.0
90,0.0,844,1850,0.0,0.0,325.0,19050.0,0.0,0.0,0.0,3498.0,0.0,786,0.0,0.0,0.0,0.0,0.0,0.0,0.0,0.0,1675,0.0,430.0,0.0,1835,0.0,0.0,0.0,0.0,7150,6703,0.0,0.0,6625.0,3590,0.0,0.0,375.0,0.0
90,0.0,850,1850,0.0,0.0,325.0,18750.0,0.0,0.0,0.0,3498.0,0.0,786,0.0,0.0,0.0,0.0,0.0,0.0,0.0,0.0,1700,0.0,430.0,0.0,1835,0.0,0.0,0.0,0.0,7100,6772,0.0,0.0,6600.0,3700,0.0,0.0,375.0,0.0
95,0.0,850,1850,0.0,0.0,325.0,17650.0,0.0,0.0,0.0,3498.0,0.0,786,0.0,0.0,0.0,0.0,0.0,0.0,0.0,0.0,1710,0.0,430.0,0.0,1835,0.0,0.0,0.0,0.0,7100,6813,0.0,0.0,6525.0,3825,0.0,0.0,375.0,0.0
95,0.0,863,1850,0.0,0.0,325.0,17800.0,0.0,0.0,0.0,3448.0,0.0,786,0.0,0.0,0.0,0.0,0.0,0.0,0.0,0.0,1710,0.0,430.0,0.0,1840,0.0,0.0,0.0,0.0,6900,6841,0.0,0.0,6525.0,3800,0.0,0.0,375.0,0.0
95,0.0,838,1850,0.0,0.0,325.0,17600.0,0.0,0.0,0.0,3448.0,0.0,765,0.0,0.0,0.0,0.0,0.0,0.0,0.0,0.0,1680,0.0,430.0,0.0,1840,0.0,0.0,0.0,0.0,7125,6593,0.0,0.0,6525.0,3680,0.0,0.0,375.0,0.0
95,0.0,875,1850,0.0,0.0,325.0,17900.0,0.0,0.0,0.0,3498.0,0.0,765,0.0,0.0,0.0,0.0,0.0,0.0,0.0,0.0,1720,0.0,430.0,0.0,1820,0.0,0.0,0.0,0.0,7000,6827,0.0,0.0,6325.0,3805,0.0,0.0,360.0,0.0
95,0.0,875,1850,0.0,0.0,325.0,17850.0,0.0,0.0,0.0,3498.0,0.0,758,0.0,0.0,0.0,0.0,0.0,0.0,0.0,0.0,1720,0.0,435.0,0.0,1820,0.0,0.0,0.0,0.0,6750,6772,0.0,0.0,6150.0,3810,0.0,0.0,360.0,0.0
95,0.0,863,1850,0.0,0.0,325.0,18200.0,0.0,0.0,0.0,3498.0,0.0,743,0.0,0.0,0.0,0.0,0.0,0.0,0.0,0.0,1750,0.0,435.0,0.0,1800,0.0,0.0,0.0,0.0,6900,6758,0.0,0.0,6135.0,3810,0.0,0.0,360.0,0.0
95,0.0,875,1825,0.0,0.0,325.0,18450.0,0.0,0.0,0.0,3498.0,0.0,743,0.0,0.0,0.0,0.0,0.0,0.0,0.0,0.0,1800,0.0,435.0,0.0,1800,0.0,0.0,0.0,0.0,6800,6813,0.0,0.0,6200.0,3800,0.0,0.0,315.0,0.0
112,0.0,844,1825,0.0,0.0,325.0,18700.0,0.0,0.0,0.0,3498.0,0.0,736,0.0,0.0,0.0,0.0,0.0,0.0,0.0,0.0,1800,0.0,438.0,0.0,1800,0.0,0.0,0.0,0.0,6550,6703,0.0,0.0,6225.0,3750,0.0,0.0,315.0,0.0
112,0.0,838,1825,0.0,0.0,325.0,18900.0,0.0,0.0,0.0,3648.0,0.0,736,0.0,0.0,0.0,0.0,0.0,0.0,0.0,0.0,1820,0.0,438.0,0.0,1780,0.0,0.0,0.0,0.0,6600,6676,0.0,0.0,6275.0,3775,0.0,0.0,350.0,0.0
112,0.0,831,1825,0.0,0.0,325.0,18600.0,0.0,0.0,0.0,3648.0,0.0,736,0.0,0.0,0.0,0.0,0.0,0.0,0.0,0.0,1820,0.0,438.0,0.0,1780,0.0,0.0,0.0,0.0,6600,6648,0.0,0.0,6250.0,3760,0.0,0.0,360.0,0.0
145,0.0,831,1825,0.0,0.0,325.0,18325.0,0.0,0.0,0.0,3648.0,0.0,736,0.0,0.0,0.0,0.0,0.0,0.0,0.0,0.0,1820,0.0,438.0,0.0,1780,0.0,0.0,0.0,0.0,6900,6648,0.0,0.0,6250.0,3760,0.0,0.0,360.0,0.0
145,0.0,838,1825,0.0,0.0,325.0,18150.0,0.0,0.0,0.0,3797.0,0.0,736,0.0,0.0,0.0,0.0,0.0,0.0,0.0,0.0,1820,0.0,438.0,0.0,1780,0.0,0.0,0.0,0.0,7050,6868,0.0,0.0,6250.0,3760,0.0,0.0,360.0,0.0
145,0.0,850,1825,0.0,0.0,325.0,18150.0,0.0,0.0,0.0,3797.0,370.0,736,0.0,0.0,0.0,0.0,0.0,0.0,0.0,0.0,1820,0.0,438.0,0.0,1780,0.0,0.0,0.0,0.0,6975,6889,0.0,0.0,6250.0,3805,0.0,0.0,375.0,0.0
145,0.0,850,1825,0.0,0.0,325.0,18750.0,0.0,0.0,0.0,3797.0,370.0,736,0.0,0.0,0.0,0.0,0.0,0.0,0.0,0.0,1820,0.0,438.0,0.0,1780,0.0,0.0,0.0,0.0,6950,6896,0.0,0.0,6275.0,3820,0.0,0.0,375.0,0.0
145,0.0,838,1825,0.0,0.0,325.0,19500.0,0.0,0.0,0.0,3797.0,385.0,729,0.0,0.0,0.0,0.0,0.0,0.0,0.0,0.0,1820,0.0,438.0,0.0,1790,0.0,0.0,0.0,0.0,6900,6978,0.0,0.0,6275.0,3860,0.0,0.0,375.0,0.0
145,0.0,813,1825,0.0,0.0,325.0,20100.0,0.0,0.0,0.0,3822.0,390.0,729,0.0,0.0,0.0,0.0,0.0,0.0,0.0,0.0,1800,0.0,438.0,0.0,1790,0.0,0.0,0.0,0.0,7000,6992,0.0,0.0,6200.0,3850,0.0,0.0,385.0,0.0
150,0.0,825,1825,0.0,0.0,340.0,20200.0,0.0,0.0,0.0,3822.0,390.0,729,0.0,0.0,0.0,0.0,0.0,0.0,0.0,0.0,1800,0.0,438.0,0.0,1800,0.0,0.0,0.0,0.0,6900,7088,0.0,0.0,6175.0,3880,0.0,0.0,385.0,0.0
150,0.0,825,1825,0.0,0.0,340.0,20000.0,0.0,0.0,0.0,3822.0,395.0,729,0.0,0.0,0.0,0.0,0.0,0.0,0.0,0.0,1800,0.0,438.0,0.0,1800,0.0,0.0,0.0,0.0,7000,7005,0.0,0.0,6075.0,3860,0.0,0.0,390.0,0.0
145,0.0,800,1825,0.0,0.0,330.0,19450.0,0.0,0.0,0.0,3772.0,390.0,729,0.0,0.0,0.0,0.0,0.0,0.0,0.0,0.0,1800,0.0,435.0,0.0,1800,0.0,0.0,0.0,0.0,6950,6992,0.0,0.0,6050.0,3850,0.0,0.0,385.0,0.0
145,0.0,788,1825,0.0,0.0,330.0,19200.0,0.0,0.0,0.0,3772.0,390.0,729,0.0,0.0,0.0,0.0,0.0,0.0,0.0,0.0,1800,0.0,432.0,0.0,1775,0.0,0.0,0.0,0.0,6950,7047,0.0,0.0,6050.0,3830,0.0,0.0,380.0,0.0
145,0.0,775,1825,0.0,0.0,330.0,19200.0,0.0,0.0,0.0,3772.0,390.0,729,0.0,0.0,0.0,0.0,0.0,0.0,0.0,0.0,1800,0.0,432.0,0.0,1740,0.0,0.0,0.0,0.0,6950,7074,0.0,0.0,6050.0,3850,0.0,0.0,375.0,0.0
120,0.0,775,1825,0.0,0.0,330.0,19150.0,0.0,0.0,0.0,3772.0,390.0,729,0.0,0.0,0.0,0.0,0.0,0.0,0.0,0.0,1800,0.0,432.0,0.0,1740,0.0,0.0,0.0,0.0,6950,7074,0.0,0.0,6050.0,3850,0.0,0.0,375.0,0.0
120,0.0,775,1825,0.0,0.0,330.0,19500.0,0.0,0.0,0.0,3772.0,400.0,729,0.0,0.0,0.0,0.0,0.0,0.0,0.0,0.0,1800,0.0,432.0,0.0,1740,0.0,0.0,0.0,0.0,7100,7074,0.0,0.0,6050.0,3850,0.0,0.0,375.0,0.0
120,0.0,769,1825,0.0,0.0,330.0,19500.0,0.0,0.0,0.0,3723.0,400.0,729,0.0,0.0,0.0,0.0,0.0,0.0,0.0,0.0,1780,0.0,428.0,0.0,1740,0.0,0.0,0.0,0.0,7050,7088,0.0,0.0,6050.0,3840,0.0,0.0,370.0,0.0
120,0.0,769,1825,0.0,0.0,330.0,19500.0,0.0,0.0,0.0,3723.0,400.0,729,0.0,0.0,0.0,0.0,0.0,0.0,0.0,0.0,1780,0.0,428.0,0.0,1740,0.0,0.0,0.0,0.0,7100,7102,0.0,0.0,6050.0,3825,0.0,0.0,370.0,0.0
130,0.0,761,1825,0.0,0.0,330.0,19950.0,0.0,0.0,0.0,3772.0,400.0,729,0.0,0.0,0.0,0.0,0.0,0.0,0.0,0.0,1780,0.0,428.0,0.0,1750,0.0,0.0,0.0,0.0,7100,7115,0.0,0.0,6050.0,3870,0.0,0.0,370.0,0.0
125,0.0,763,1825,0.0,0.0,330.0,19250.0,0.0,0.0,0.0,3772.0,400.0,729,0.0,0.0,0.0,0.0,0.0,0.0,0.0,0.0,1765,0.0,425.0,0.0,1760,0.0,0.0,0.0,0.0,7000,7129,0.0,0.0,6050.0,3945,0.0,0.0,360.0,0.0
125,0.0,763,1825,0.0,0.0,330.0,19800.0,0.0,0.0,0.0,3797.0,400.0,729,0.0,0.0,0.0,0.0,0.0,0.0,0.0,0.0,1750,0.0,425.0,0.0,1740,0.0,0.0,0.0,0.0,7100,7225,0.0,0.0,6100.0,4125,0.0,0.0,360.0,0.0
125,0.0,763,1825,0.0,0.0,330.0,20200.0,0.0,0.0,0.0,3797.0,410.0,743,0.0,0.0,0.0,0.0,0.0,0.0,0.0,0.0,1750,0.0,428.0,0.0,1760,0.0,0.0,0.0,0.0,7150,7610,0.0,0.0,6200.0,4210,0.0,0.0,360.0,0.0
125,0.0,788,1825,0.0,0.0,330.0,20100.0,0.0,0.0,0.0,3797.0,420.0,743,0.0,0.0,0.0,0.0,0.0,0.0,0.0,0.0,1760,0.0,428.0,0.0,1760,0.0,0.0,0.0,0.0,7200,7679,0.0,0.0,6150.0,4225,0.0,0.0,360.0,0.0
125,0.0,788,1825,0.0,0.0,330.0,20425.0,0.0,0.0,0.0,4037.0,420.0,772,0.0,0.0,0.0,0.0,0.0,0.0,0.0,0.0,1800,0.0,440.0,0.0,1760,0.0,0.0,0.0,0.0,7200,7734,0.0,0.0,6150.0,4250,0.0,0.0,370.0,0.0
125,0.0,788,1825,0.0,0.0,330.0,20175.0,0.0,0.0,0.0,3997.0,425.0,800,0.0,0.0,0.0,0.0,0.0,0.0,0.0,0.0,1800,0.0,440.0,0.0,1760,0.0,0.0,0.0,0.0,7400,7830,0.0,0.0,6200.0,4450,0.0,0.0,365.0,0.0
120,0.0,788,1825,0.0,0.0,350.0,20250.0,0.0,0.0,0.0,3997.0,420.0,800,0.0,0.0,0.0,0.0,0.0,0.0,0.0,0.0,1800,0.0,446.0,0.0,1760,0.0,0.0,0.0,0.0,7400,7967,0.0,0.0,6225.0,4625,0.0,0.0,365.0,0.0
120,0.0,800,1825,0.0,0.0,350.0,20100.0,0.0,0.0,0.0,3997.0,420.0,800,0.0,0.0,0.0,0.0,0.0,0.0,0.0,0.0,1800,0.0,446.0,0.0,1760,0.0,0.0,0.0,0.0,7375,7857,0.0,0.0,6225.0,4480,0.0,0.0,370.0,0.0
120,0.0,794,1825,0.0,0.0,370.0,20150.0,0.0,0.0,0.0,4057.0,415.0,786,0.0,0.0,0.0,0.0,0.0,0.0,0.0,0.0,1800,0.0,454.0,0.0,1900,0.0,0.0,0.0,0.0,7800,7857,0.0,0.0,6300.0,4375,0.0,0.0,380.0,0.0
120,0.0,838,1825,0.0,0.0,390.0,20075.0,0.0,0.0,0.0,4117.0,420.0,786,0.0,0.0,0.0,0.0,0.0,0.0,0.0,0.0,1790,0.0,450.0,0.0,1900,0.0,0.0,0.0,0.0,8300,8049,0.0,0.0,6275.0,4590,0.0,0.0,380.0,0.0
120,0.0,853,1825,0.0,0.0,390.0,19900.0,0.0,0.0,0.0,4097.0,425.0,786,0.0,0.0,0.0,0.0,0.0,0.0,0.0,0.0,1700,0.0,446.0,0.0,2000,0.0,0.0,0.0,0.0,8325,8159,0.0,0.0,6225.0,4600,0.0,0.0,360.0,0.0
120,0.0,881,1825,0.0,0.0,420.0,20450.0,0.0,0.0,0.0,4277.0,415.0,800,0.0,0.0,0.0,0.0,0.0,0.0,0.0,0.0,1700,0.0,440.0,0.0,1920,0.0,0.0,0.0,0.0,8550,7967,0.0,0.0,6250.0,4560,0.0,0.0,350.0,0.0
120,0.0,1000,1825,0.0,0.0,420.0,21300.0,0.0,0.0,0.0,4277.0,400.0,800,0.0,0.0,0.0,0.0,0.0,0.0,0.0,0.0,1600,0.0,440.0,0.0,1900,0.0,0.0,0.0,0.0,8550,8022,0.0,0.0,6100.0,4500,0.0,0.0,310.0,0.0
120,0.0,1000,1825,0.0,0.0,450.0,21125.0,0.0,0.0,0.0,4297.0,385.0,800,0.0,0.0,0.0,0.0,0.0,0.0,0.0,0.0,1600,0.0,440.0,0.0,1900,0.0,0.0,0.0,0.0,8700,8022,0.0,0.0,6075.0,4500,0.0,0.0,310.0,0.0
120,0.0,1000,1825,0.0,0.0,460.0,21200.0,0.0,0.0,0.0,4297.0,390.0,793,0.0,0.0,0.0,0.0,0.0,0.0,0.0,0.0,1600,0.0,440.0,0.0,1900,0.0,0.0,0.0,0.0,8700,8036,0.0,0.0,6075.0,4480,0.0,0.0,355.0,0.0
140,0.0,1000,1825,0.0,0.0,460.0,21200.0,0.0,0.0,0.0,4297.0,380.0,772,0.0,0.0,0.0,0.0,0.0,0.0,0.0,0.0,1600,0.0,428.0,0.0,1900,0.0,0.0,0.0,0.0,8650,7857,0.0,0.0,6075.0,4395,0.0,0.0,360.0,0.0
150,0.0,950,1825,0.0,0.0,460.0,21750.0,0.0,0.0,0.0,4257.0,380.0,765,0.0,0.0,0.0,0.0,0.0,0.0,0.0,0.0,1620,0.0,420.0,0.0,1900,0.0,0.0,0.0,0.0,8750,7637,0.0,0.0,6050.0,4325,0.0,0.0,365.0,0.0
150,0.0,988,1825,0.0,0.0,475.0,22000.0,0.0,0.0,0.0,4297.0,370.0,765,0.0,0.0,0.0,0.0,0.0,0.0,0.0,0.0,1620,0.0,418.0,0.0,1880,0.0,0.0,0.0,0.0,8900,7596,0.0,0.0,6000.0,4320,0.0,0.0,355.0,0.0
142,0.0,975,1825,0.0,0.0,490.0,21950.0,0.0,0.0,0.0,4197.0,350.0,765,0.0,0.0,0.0,0.0,0.0,0.0,0.0,0.0,1580,0.0,396.0,0.0,1880,0.0,0.0,0.0,0.0,8900,7610,0.0,0.0,6000.0,4175,0.0,0.0,330.0,0.0
144,0.0,975,1825,0.0,0.0,490.0,22100.0,0.0,0.0,0.0,4137.0,370.0,765,0.0,0.0,0.0,0.0,0.0,0.0,0.0,0.0,1580,0.0,396.0,0.0,1820,0.0,0.0,0.0,0.0,8975,7555,0.0,0.0,6000.0,4175,0.0,0.0,330.0,0.0
140,0.0,975,1825,0.0,0.0,490.0,23000.0,0.0,0.0,0.0,3997.0,350.0,765,0.0,0.0,0.0,0.0,0.0,0.0,0.0,0.0,1600,0.0,390.0,0.0,1820,0.0,0.0,0.0,0.0,8850,7644,0.0,0.0,5950.0,4200,0.0,0.0,330.0,0.0
140,0.0,969,1825,0.0,0.0,495.0,22900.0,0.0,0.0,0.0,3997.0,340.0,765,0.0,0.0,0.0,0.0,0.0,0.0,0.0,0.0,1600,0.0,380.0,0.0,1820,0.0,0.0,0.0,0.0,8800,7802,0.0,0.0,5700.0,4200,0.0,0.0,340.0,0.0
144,0.0,963,1825,0.0,0.0,505.0,22800.0,0.0,0.0,0.0,3997.0,340.0,729,0.0,0.0,0.0,0.0,0.0,0.0,0.0,0.0,1620,0.0,380.0,0.0,1840,0.0,0.0,0.0,0.0,8700,7953,0.0,0.0,5825.0,4195,0.0,0.0,340.0,0.0
142,0.0,950,1825,0.0,0.0,505.0,22300.0,0.0,0.0,0.0,3997.0,340.0,729,0.0,0.0,0.0,0.0,0.0,0.0,0.0,0.0,1600,0.0,380.0,0.0,1850,0.0,0.0,0.0,0.0,8600,7940,0.0,0.0,5900.0,4165,0.0,0.0,325.0,0.0
150,0.0,950,1825,0.0,0.0,500.0,22350.0,0.0,0.0,0.0,3977.0,350.0,715,0.0,0.0,0.0,0.0,0.0,0.0,0.0,0.0,1600,0.0,380.0,0.0,1850,0.0,0.0,0.0,0.0,8350,7967,0.0,0.0,5950.0,4035,0.0,0.0,330.0,0.0
144,0.0,938,1825,0.0,0.0,500.0,22450.0,0.0,0.0,0.0,3977.0,360.0,715,0.0,0.0,0.0,0.0,0.0,0.0,0.0,0.0,1600,0.0,380.0,0.0,1900,0.0,0.0,0.0,0.0,8250,7830,0.0,0.0,6025.0,4025,0.0,0.0,325.0,0.0
148,0.0,938,1825,0.0,0.0,500.0,22300.0,0.0,0.0,0.0,3997.0,370.0,715,0.0,0.0,0.0,0.0,0.0,0.0,0.0,0.0,1600,0.0,390.0,0.0,1900,0.0,0.0,0.0,0.0,8100,7747,0.0,0.0,6025.0,4050,0.0,0.0,325.0,0.0
148,0.0,938,1825,0.0,0.0,500.0,22400.0,0.0,0.0,0.0,3977.0,370.0,722,0.0,0.0,0.0,0.0,0.0,0.0,0.0,0.0,1600,0.0,390.0,0.0,1890,0.0,0.0,0.0,0.0,8100,7679,0.0,0.0,6000.0,4160,0.0,0.0,330.0,0.0
150,0.0,913,1650,0.0,0.0,500.0,22000.0,0.0,0.0,0.0,3977.0,350.0,729,0.0,0.0,0.0,0.0,0.0,0.0,0.0,0.0,1600,0.0,390.0,0.0,1890,0.0,0.0,0.0,0.0,8100,7665,0.0,0.0,5850.0,4220,0.0,0.0,325.0,0.0
150,0.0,900,1650,0.0,0.0,490.0,21750.0,0.0,0.0,0.0,3917.0,340.0,729,0.0,0.0,0.0,0.0,0.0,0.0,0.0,0.0,1600,0.0,390.0,0.0,1890,0.0,0.0,0.0,0.0,8150,7665,0.0,0.0,5850.0,4200,0.0,0.0,325.0,0.0
144,0.0,888,1600,0.0,0.0,490.0,21500.0,0.0,0.0,0.0,3837.0,340.0,729,0.0,0.0,0.0,0.0,0.0,0.0,0.0,0.0,1600,0.0,390.0,0.0,1890,0.0,0.0,0.0,0.0,8150,7665,0.0,0.0,5950.0,4235,0.0,0.0,325.0,0.0
140,0.0,888,1600,0.0,0.0,500.0,21900.0,0.0,0.0,0.0,3837.0,335.0,729,0.0,0.0,0.0,0.0,0.0,0.0,0.0,0.0,1580,0.0,390.0,0.0,1890,0.0,0.0,0.0,0.0,8200,7651,0.0,0.0,5900.0,4310,0.0,0.0,325.0,0.0
140,0.0,875,1600,0.0,0.0,500.0,21850.0,0.0,0.0,0.0,3997.0,335.0,715,0.0,0.0,0.0,0.0,0.0,0.0,0.0,0.0,1590,0.0,384.0,0.0,1880,0.0,0.0,0.0,0.0,8200,7692,0.0,0.0,5900.0,4320,0.0,0.0,325.0,0.0
130,0.0,825,1600,0.0,0.0,490.0,21850.0,0.0,0.0,0.0,3957.0,345.0,666,0.0,0.0,0.0,0.0,0.0,0.0,0.0,0.0,1570,0.0,384.0,0.0,1880,0.0,0.0,0.0,0.0,8150,7665,0.0,0.0,5800.0,4350,0.0,0.0,325.0,0.0
130,0.0,844,1600,0.0,0.0,490.0,22400.0,0.0,0.0,0.0,3997.0,345.0,631,0.0,0.0,0.0,0.0,0.0,0.0,0.0,0.0,1550,0.0,388.0,0.0,1880,0.0,0.0,0.0,0.0,8300,7665,0.0,0.0,5750.0,4320,0.0,0.0,325.0,0.0
130,0.0,863,1600,0.0,0.0,490.0,22700.0,0.0,0.0,0.0,3997.0,355.0,673,0.0,0.0,0.0,0.0,0.0,0.0,0.0,0.0,1590,0.0,390.0,0.0,1880,0.0,0.0,0.0,0.0,8300,7747,0.0,0.0,5800.0,4330,0.0,0.0,325.0,0.0
130,0.0,850,1600,0.0,0.0,490.0,22700.0,0.0,0.0,0.0,4077.0,355.0,694,0.0,0.0,0.0,0.0,0.0,0.0,0.0,0.0,1580,0.0,390.0,0.0,1860,0.0,0.0,0.0,0.0,8250,7720,0.0,0.0,5900.0,4315,0.0,0.0,325.0,0.0
130,0.0,838,1600,0.0,0.0,490.0,22350.0,0.0,0.0,0.0,4237.0,355.0,694,0.0,0.0,0.0,0.0,0.0,0.0,0.0,0.0,1597,0.0,390.0,0.0,1870,0.0,0.0,0.0,0.0,8100,7692,0.0,0.0,6000.0,4390,0.0,0.0,325.0,0.0
130,0.0,825,1600,0.0,0.0,490.0,22350.0,0.0,0.0,0.0,4337.0,355.0,708,0.0,0.0,0.0,0.0,0.0,0.0,0.0,0.0,1615,0.0,384.0,0.0,1850,0.0,0.0,0.0,0.0,8000,7624,0.0,0.0,6050.0,4410,0.0,0.0,325.0,0.0
130,0.0,806,1600,0.0,0.0,490.0,22350.0,0.0,0.0,0.0,4297.0,330.0,722,0.0,0.0,0.0,0.0,0.0,0.0,0.0,0.0,1650,0.0,384.0,0.0,1860,0.0,0.0,0.0,0.0,7650,7610,0.0,0.0,6075.0,4460,0.0,0.0,325.0,0.0
126,0.0,813,1600,0.0,0.0,490.0,21875.0,0.0,0.0,0.0,4297.0,330.0,722,0.0,0.0,0.0,0.0,0.0,0.0,0.0,0.0,1660,0.0,384.0,0.0,1855,0.0,0.0,0.0,0.0,7900,7615,0.0,0.0,6000.0,4530,0.0,0.0,325.0,0.0
126,0.0,806,1600,0.0,0.0,490.0,21150.0,0.0,0.0,0.0,4397.0,350.0,722,0.0,0.0,0.0,0.0,0.0,0.0,0.0,0.0,1687,0.0,386.0,0.0,1845,0.0,0.0,0.0,0.0,7650,7582,0.0,0.0,6075.0,4590,0.0,0.0,325.0,0.0
130,0.0,794,1600,0.0,0.0,490.0,20850.0,0.0,0.0,0.0,4357.0,360.0,722,0.0,0.0,0.0,0.0,0.0,0.0,0.0,0.0,1700,0.0,400.0,0.0,1840,0.0,0.0,0.0,0.0,7500,7500,0.0,0.0,6200.0,4575,0.0,0.0,330.0,0.0
128,0.0,800,1600,0.0,0.0,500.0,20450.0,0.0,0.0,0.0,4417.0,360.0,708,0.0,0.0,0.0,0.0,0.0,0.0,0.0,0.0,1720,0.0,400.0,0.0,1825,0.0,0.0,0.0,0.0,7550,7582,0.0,0.0,6225.0,4600,0.0,0.0,330.0,0.0
128,0.0,797,1600,0.0,0.0,500.0,19700.0,0.0,0.0,0.0,4437.0,360.0,722,0.0,0.0,0.0,0.0,0.0,0.0,0.0,0.0,1730,0.0,400.0,0.0,1830,0.0,0.0,0.0,0.0,7475,7562,0.0,0.0,6325.0,4610,0.0,0.0,335.0,0.0
130,0.0,794,1600,0.0,0.0,500.0,19550.0,0.0,0.0,0.0,4437.0,360.0,722,0.0,0.0,0.0,0.0,0.0,0.0,0.0,0.0,1730,0.0,400.0,0.0,1820,0.0,0.0,0.0,0.0,7475,7514,0.0,0.0,6450.0,4595,0.0,0.0,340.0,0.0
128,0.0,794,1600,0.0,0.0,475.0,19400.0,0.0,0.0,0.0,4417.0,370.0,715,0.0,0.0,0.0,0.0,0.0,0.0,0.0,0.0,1730,0.0,400.0,0.0,1820,0.0,0.0,0.0,0.0,7300,7514,0.0,0.0,6425.0,4595,0.0,0.0,340.0,0.0
128,0.0,800,1600,0.0,0.0,500.0,19150.0,0.0,0.0,0.0,4437.0,375.0,715,0.0,0.0,0.0,0.0,0.0,0.0,0.0,0.0,1720,0.0,410.0,0.0,1830,0.0,0.0,0.0,0.0,7325,7500,0.0,0.0,6425.0,4650,0.0,0.0,330.0,0.0
128,0.0,806,1600,0.0,0.0,495.0,19150.0,0.0,0.0,0.0,4457.0,370.0,715,0.0,0.0,0.0,0.0,0.0,0.0,0.0,0.0,1745,0.0,410.0,0.0,1830,0.0,0.0,0.0,0.0,7300,7548,0.0,0.0,6425.0,4650,0.0,0.0,330.0,0.0
128,0.0,800,1600,0.0,0.0,495.0,18875.0,0.0,0.0,0.0,4537.0,370.0,715,0.0,0.0,0.0,0.0,0.0,0.0,0.0,0.0,1760,0.0,410.0,0.0,1840,0.0,0.0,0.0,0.0,7300,7541,0.0,0.0,6425.0,4640,0.0,0.0,335.0,0.0
126,0.0,797,1650,0.0,0.0,475.0,19600.0,0.0,0.0,0.0,4537.0,370.0,722,0.0,0.0,0.0,0.0,0.0,0.0,0.0,0.0,1755,0.0,410.0,0.0,1850,0.0,0.0,0.0,0.0,7350,7637,0.0,0.0,6500.0,4670,0.0,0.0,370.0,0.0
126,0.0,797,1625,0.0,0.0,475.0,19125.0,0.0,0.0,0.0,4577.0,370.0,728,0.0,0.0,0.0,0.0,0.0,0.0,0.0,0.0,1760,0.0,414.0,0.0,1850,0.0,0.0,0.0,0.0,7275,7624,0.0,0.0,6525.0,4680,0.0,0.0,370.0,0.0
124,0.0,800,1600,0.0,0.0,475.0,18900.0,0.0,0.0,0.0,4797.0,350.0,729,0.0,0.0,0.0,0.0,0.0,0.0,0.0,0.0,1740,0.0,414.0,0.0,1855,0.0,0.0,0.0,0.0,7225,7610,0.0,0.0,6550.0,4700,0.0,0.0,380.0,0.0
120,0.0,800,1625,0.0,0.0,475.0,18900.0,0.0,0.0,0.0,4797.0,340.0,724,0.0,0.0,0.0,0.0,0.0,0.0,0.0,0.0,1735,0.0,428.0,0.0,1860,0.0,0.0,0.0,0.0,7050,7617,0.0,0.0,6500.0,4740,0.0,0.0,380.0,0.0
120,0.0,788,1650,0.0,0.0,475.0,18913.0,0.0,0.0,0.0,4797.0,340.0,727,0.0,0.0,0.0,0.0,0.0,0.0,0.0,0.0,1715,0.0,440.0,0.0,1855,0.0,0.0,0.0,0.0,6750,7617,0.0,0.0,6475.0,4695,0.0,0.0,365.0,0.0
120,0.0,778,1675,0.0,0.0,450.0,18600.0,0.0,0.0,0.0,4737.0,345.0,725,0.0,0.0,0.0,0.0,0.0,0.0,0.0,0.0,1700,0.0,440.0,0.0,1865,0.0,0.0,0.0,0.0,6550,7541,0.0,0.0,6550.0,4650,0.0,0.0,345.0,0.0
120,0.0,778,1675,0.0,0.0,445.0,18175.0,0.0,0.0,0.0,4817.0,340.0,729,0.0,0.0,0.0,0.0,0.0,0.0,0.0,0.0,1700,0.0,450.0,0.0,1865,0.0,0.0,0.0,0.0,6800,7500,0.0,0.0,6625.0,4560,0.0,0.0,350.0,0.0
124,0.0,813,1700,0.0,0.0,440.0,17650.0,0.0,0.0,0.0,4837.0,360.0,725,0.0,0.0,0.0,0.0,0.0,0.0,0.0,0.0,1690,0.0,454.0,0.0,1870,0.0,0.0,0.0,0.0,6950,7541,0.0,0.0,6550.0,4565,0.0,0.0,375.0,0.0
124,0.0,819,1700,0.0,0.0,475.0,17550.0,0.0,0.0,0.0,4837.0,360.0,729,0.0,0.0,0.0,0.0,0.0,0.0,0.0,0.0,1660,0.0,460.0,0.0,1870,0.0,0.0,0.0,0.0,6800,7527,0.0,0.0,6575.0,4540,0.0,0.0,370.0,0.0
124,0.0,813,1750,0.0,0.0,475.0,18000.0,0.0,0.0,0.0,4877.0,360.0,725,0.0,0.0,0.0,0.0,0.0,0.0,0.0,0.0,1680,0.0,460.0,0.0,1875,0.0,0.0,0.0,0.0,6750,7521,0.0,0.0,6525.0,4550,0.0,0.0,380.0,0.0
124,0.0,806,1750,0.0,0.0,475.0,18400.0,0.0,0.0,0.0,4797.0,350.0,722,0.0,0.0,0.0,0.0,0.0,0.0,0.0,0.0,1695,0.0,460.0,0.0,1880,0.0,0.0,0.0,0.0,6725,7431,0.0,0.0,6400.0,4540,0.0,0.0,385.0,0.0
116,0.0,816,1750,0.0,0.0,475.0,18375.0,0.0,0.0,0.0,4837.0,350.0,722,0.0,0.0,0.0,0.0,0.0,0.0,0.0,0.0,1685,0.0,454.0,0.0,1850,0.0,0.0,0.0,0.0,6675,7363,0.0,0.0,6375.0,4510,0.0,0.0,380.0,0.0
106,0.0,797,1750,0.0,0.0,475.0,18375.0,0.0,0.0,0.0,4817.0,340.0,722,0.0,0.0,0.0,0.0,0.0,0.0,0.0,0.0,1692,0.0,454.0,0.0,1870,0.0,0.0,0.0,0.0,6775,7438,0.0,0.0,6400.0,4500,0.0,0.0,410.0,0.0
100,0.0,788,1750,0.0,0.0,475.0,19000.0,0.0,0.0,0.0,4797.0,340.0,713,0.0,0.0,0.0,0.0,0.0,0.0,0.0,0.0,1720,0.0,454.0,0.0,1910,0.0,0.0,0.0,0.0,6700,7473,0.0,0.0,6325.0,4540,0.0,0.0,410.0,0.0
108,0.0,763,1775,0.0,0.0,480.0,19100.0,0.0,0.0,0.0,4797.0,330.0,701,0.0,0.0,0.0,0.0,0.0,0.0,0.0,0.0,1700,0.0,454.0,0.0,1915,0.0,0.0,0.0,0.0,6700,7418,0.0,0.0,6350.0,4490,0.0,0.0,400.0,0.0
126,0.0,756,1775,0.0,0.0,480.0,19450.0,0.0,0.0,0.0,4737.0,340.0,692,0.0,0.0,0.0,0.0,0.0,0.0,0.0,0.0,1690,0.0,454.0,0.0,1910,0.0,0.0,0.0,0.0,6675,7198,0.0,0.0,6475.0,4450,0.0,0.0,400.0,0.0
126,0.0,763,1775,0.0,0.0,500.0,19425.0,0.0,0.0,0.0,4697.0,345.0,673,0.0,0.0,0.0,0.0,0.0,0.0,0.0,0.0,1705,0.0,450.0,0.0,1915,0.0,0.0,0.0,0.0,6525,7170,0.0,0.0,6475.0,4505,0.0,0.0,395.0,0.0
132,0.0,756,1775,0.0,0.0,500.0,19450.0,0.0,0.0,0.0,4617.0,345.0,680,0.0,0.0,0.0,0.0,0.0,0.0,0.0,0.0,1682,0.0,450.0,0.0,1890,0.0,0.0,0.0,0.0,6600,7040,0.0,0.0,6450.0,4400,0.0,0.0,390.0,0.0
126,0.0,753,1775,0.0,0.0,450.0,19650.0,0.0,0.0,0.0,4657.0,345.0,682,0.0,0.0,0.0,0.0,0.0,0.0,0.0,0.0,1685,0.0,460.0,0.0,1895,0.0,0.0,0.0,0.0,6750,7060,0.0,0.0,6550.0,4500,0.0,0.0,390.0,0.0
126,0.0,756,1775,0.0,0.0,500.0,19450.0,0.0,0.0,0.0,4737.0,350.0,701,0.0,0.0,0.0,0.0,0.0,0.0,0.0,0.0,1692,0.0,460.0,0.0,1910,0.0,0.0,0.0,0.0,6950,7033,0.0,0.0,6400.0,4510,0.0,0.0,395.0,0.0
112,0.0,763,1775,0.0,0.0,500.0,19225.0,0.0,0.0,0.0,4717.0,350.0,701,0.0,0.0,0.0,0.0,0.0,0.0,0.0,0.0,1695,0.0,460.0,0.0,1900,0.0,0.0,0.0,0.0,6900,7115,0.0,0.0,6500.0,4635,0.0,0.0,400.0,0.0
116,0.0,763,1775,0.0,0.0,500.0,18750.0,0.0,0.0,0.0,4757.0,350.0,701,0.0,0.0,0.0,0.0,0.0,0.0,0.0,0.0,1695,0.0,460.0,0.0,1900,0.0,0.0,0.0,0.0,6825,7074,0.0,0.0,6500.0,4610,0.0,0.0,410.0,0.0
116,0.0,759,1775,0.0,0.0,500.0,18663.0,0.0,0.0,0.0,4677.0,350.0,673,0.0,0.0,0.0,0.0,0.0,0.0,0.0,0.0,1700,0.0,450.0,0.0,1910,0.0,0.0,0.0,0.0,6625,7122,0.0,0.0,6500.0,4620,0.0,0.0,400.0,0.0
116,0.0,750,1775,0.0,0.0,470.0,18663.0,0.0,0.0,0.0,4697.0,335.0,673,0.0,0.0,0.0,0.0,0.0,0.0,0.0,0.0,1695,0.0,450.0,0.0,1900,0.0,0.0,0.0,0.0,6525,7019,0.0,0.0,6475.0,4540,0.0,0.0,370.0,0.0
116,0.0,747,1775,0.0,0.0,470.0,18475.0,0.0,0.0,0.0,4697.0,335.0,673,0.0,0.0,0.0,0.0,0.0,0.0,0.0,0.0,1695,0.0,450.0,0.0,1900,0.0,0.0,0.0,0.0,6600,7026,0.0,0.0,6450.0,4620,0.0,0.0,375.0,0.0
116,0.0,750,1775,0.0,0.0,500.0,17950.0,0.0,0.0,0.0,4677.0,320.0,673,0.0,0.0,0.0,0.0,0.0,0.0,0.0,0.0,1690,0.0,450.0,0.0,1900,0.0,0.0,0.0,0.0,6650,6978,0.0,0.0,6350.0,4605,0.0,0.0,360.0,0.0
116,0.0,763,1775,0.0,0.0,490.0,17700.0,0.0,0.0,0.0,4677.0,315.0,666,0.0,0.0,0.0,0.0,0.0,0.0,0.0,0.0,1695,0.0,450.0,0.0,1900,0.0,0.0,0.0,0.0,6725,6951,0.0,0.0,6375.0,4610,0.0,0.0,370.0,0.0
116,0.0,775,1775,0.0,0.0,490.0,17850.0,0.0,0.0,0.0,4697.0,310.0,666,0.0,0.0,0.0,0.0,0.0,0.0,0.0,0.0,1700,0.0,450.0,0.0,1900,0.0,0.0,0.0,0.0,7200,6902,0.0,0.0,6400.0,4580,0.0,0.0,370.0,0.0
116,0.0,813,1775,0.0,0.0,430.0,18050.0,0.0,0.0,0.0,4677.0,305.0,671,0.0,0.0,0.0,0.0,0.0,0.0,0.0,0.0,1690,0.0,450.0,0.0,1895,0.0,0.0,0.0,0.0,7500,6834,0.0,0.0,6400.0,4515,0.0,0.0,365.0,0.0
116,0.0,847,1775,0.0,0.0,490.0,17725.0,0.0,0.0,0.0,4677.0,300.0,680,0.0,0.0,0.0,0.0,0.0,0.0,0.0,0.0,1690,0.0,440.0,0.0,1880,0.0,0.0,0.0,0.0,7500,6758,0.0,0.0,6350.0,4580,0.0,0.0,365.0,0.0
114,0.0,863,1775,0.0,0.0,490.0,17800.0,0.0,0.0,0.0,4697.0,305.0,675,0.0,0.0,0.0,0.0,0.0,0.0,0.0,0.0,1702,0.0,440.0,0.0,1890,0.0,0.0,0.0,0.0,7600,6841,0.0,0.0,6250.0,4630,0.0,0.0,375.0,0.0
112,0.0,863,1775,0.0,0.0,500.0,18350.0,0.0,0.0,0.0,4717.0,310.0,676,0.0,0.0,0.0,0.0,0.0,0.0,0.0,0.0,1740,0.0,440.0,0.0,1885,0.0,0.0,0.0,0.0,7475,6875,0.0,0.0,6175.0,4645,0.0,0.0,380.0,0.0
114,0.0,853,1775,0.0,0.0,480.0,18525.0,0.0,0.0,0.0,4717.0,315.0,682,0.0,0.0,0.0,0.0,0.0,0.0,0.0,0.0,1760,0.0,438.0,0.0,1890,0.0,0.0,0.0,0.0,7400,6882,0.0,0.0,6250.0,4640,0.0,0.0,385.0,0.0
114,0.0,841,1800,0.0,0.0,450.0,18850.0,0.0,0.0,0.0,4737.0,310.0,680,0.0,0.0,0.0,0.0,0.0,0.0,0.0,0.0,1745,0.0,436.0,0.0,1890,0.0,0.0,0.0,0.0,7100,6889,0.0,0.0,6325.0,4650,0.0,0.0,395.0,0.0
112,0.0,825,1800,0.0,0.0,500.0,18650.0,0.0,0.0,0.0,4737.0,310.0,680,0.0,0.0,0.0,0.0,0.0,0.0,0.0,0.0,1745,0.0,436.0,0.0,1885,0.0,0.0,0.0,0.0,7100,6854,0.0,0.0,6275.0,4655,0.0,0.0,395.0,0.0
112,0.0,825,1750,0.0,0.0,500.0,18600.0,0.0,0.0,0.0,4717.0,315.0,687,0.0,0.0,0.0,0.0,0.0,0.0,0.0,0.0,1745,0.0,430.0,0.0,1885,0.0,0.0,0.0,0.0,7125,6854,0.0,0.0,6250.0,4655,0.0,0.0,395.0,0.0
112,0.0,822,1750,0.0,0.0,500.0,18550.0,0.0,0.0,0.0,4717.0,315.0,687,0.0,0.0,0.0,0.0,0.0,0.0,0.0,0.0,1740,0.0,430.0,0.0,1900,0.0,0.0,0.0,0.0,7150,6868,0.0,0.0,6225.0,4675,0.0,0.0,390.0,0.0
110,0.0,819,1800,0.0,0.0,450.0,18550.0,0.0,0.0,0.0,4697.0,315.0,673,0.0,0.0,0.0,0.0,0.0,0.0,0.0,0.0,1720,0.0,428.0,0.0,1900,0.0,0.0,0.0,0.0,6950,6916,0.0,0.0,6225.0,4680,0.0,0.0,385.0,0.0
110,0.0,775,1800,0.0,0.0,450.0,18700.0,0.0,0.0,0.0,4697.0,315.0,666,0.0,0.0,0.0,0.0,0.0,0.0,0.0,0.0,1695,0.0,400.0,0.0,1900,0.0,0.0,0.0,0.0,6950,6841,0.0,0.0,6225.0,4670,0.0,0.0,385.0,0.0
110,0.0,744,1800,0.0,0.0,450.0,18700.0,0.0,0.0,0.0,4697.0,320.0,666,0.0,0.0,0.0,0.0,0.0,0.0,0.0,0.0,1680,0.0,400.0,0.0,1895,0.0,0.0,0.0,0.0,6900,6841,0.0,0.0,6100.0,4660,0.0,0.0,390.0,0.0
110,0.0,738,1800,0.0,0.0,450.0,18563.0,0.0,0.0,0.0,4717.0,325.0,673,0.0,0.0,0.0,0.0,0.0,0.0,0.0,0.0,1670,0.0,400.0,0.0,1905,0.0,0.0,0.0,0.0,6825,6868,0.0,0.0,5975.0,4625,0.0,0.0,395.0,0.0
100,0.0,734,1800,0.0,0.0,430.0,18450.0,0.0,0.0,0.0,4697.0,325.0,645,0.0,0.0,0.0,0.0,0.0,0.0,0.0,0.0,1650,0.0,394.0,0.0,1905,0.0,0.0,0.0,0.0,6825,6841,0.0,0.0,5800.0,4615,0.0,0.0,400.0,0.0
95,0.0,716,1800,0.0,0.0,410.0,18200.0,0.0,0.0,0.0,4697.0,305.0,645,0.0,0.0,0.0,0.0,0.0,0.0,0.0,0.0,1610,0.0,390.0,0.0,1900,0.0,0.0,0.0,0.0,6750,6745,0.0,0.0,5700.0,4585,0.0,0.0,390.0,0.0
95,0.0,709,1800,0.0,0.0,375.0,18013.0,0.0,0.0,0.0,4697.0,300.0,638,0.0,0.0,0.0,0.0,0.0,0.0,0.0,0.0,1602,0.0,400.0,0.0,1880,0.0,0.0,0.0,0.0,6775,6731,0.0,0.0,5725.0,4525,0.0,0.0,390.0,0.0
102,0.0,713,1800,0.0,0.0,375.0,18100.0,0.0,0.0,0.0,4697.0,300.0,659,0.0,0.0,0.0,0.0,0.0,0.0,0.0,0.0,1625,0.0,396.0,0.0,1880,0.0,0.0,0.0,0.0,7125,6827,0.0,0.0,5525.0,4570,0.0,0.0,385.0,0.0
106,0.0,713,1800,0.0,0.0,375.0,17850.0,0.0,0.0,0.0,4717.0,300.0,666,0.0,0.0,0.0,0.0,0.0,0.0,0.0,0.0,1700,0.0,396.0,0.0,1880,0.0,0.0,0.0,0.0,7000,7026,0.0,0.0,5350.0,4600,0.0,0.0,390.0,0.0
110,0.0,713,1800,0.0,0.0,375.0,17700.0,0.0,0.0,0.0,4697.0,300.0,669,0.0,0.0,0.0,0.0,0.0,0.0,0.0,0.0,1670,0.0,400.0,0.0,1865,0.0,0.0,0.0,0.0,7150,7033,0.0,0.0,5500.0,4570,0.0,0.0,390.0,0.0
110,0.0,722,1800,0.0,0.0,385.0,17875.0,0.0,0.0,0.0,4697.0,300.0,666,0.0,0.0,0.0,0.0,0.0,0.0,0.0,0.0,1680,0.0,410.0,0.0,1860,0.0,0.0,0.0,0.0,7275,7136,0.0,0.0,5800.0,4675,0.0,0.0,395.0,0.0
110,0.0,728,1800,0.0,0.0,395.0,18025.0,0.0,0.0,0.0,4677.0,305.0,665,0.0,0.0,0.0,0.0,0.0,0.0,0.0,0.0,1725,0.0,416.0,0.0,1865,0.0,0.0,0.0,0.0,7500,7363,0.0,0.0,5800.0,4840,0.0,0.0,395.0,0.0
110,0.0,728,1800,0.0,0.0,395.0,18175.0,0.0,0.0,0.0,4697.0,320.0,654,0.0,0.0,0.0,0.0,0.0,0.0,0.0,0.0,1720,0.0,416.0,0.0,1865,0.0,0.0,0.0,0.0,7525,7418,0.0,0.0,5850.0,4870,0.0,0.0,405.0,0.0
110,0.0,744,1800,0.0,0.0,395.0,18238.0,0.0,0.0,0.0,4717.0,320.0,654,0.0,0.0,0.0,0.0,0.0,0.0,0.0,0.0,1725,0.0,416.0,0.0,1880,0.0,0.0,0.0,0.0,7625,7486,0.0,0.0,6200.0,5000,0.0,0.0,405.0,0.0
110,0.0,747,1800,0.0,0.0,395.0,18875.0,0.0,0.0,0.0,4737.0,320.0,654,0.0,0.0,0.0,0.0,0.0,0.0,0.0,0.0,1715,0.0,420.0,0.0,1885,0.0,0.0,0.0,0.0,7650,7514,0.0,0.0,6175.0,5150,0.0,0.0,410.0,0.0
102,0.0,750,1800,0.0,0.0,430.0,18800.0,0.0,0.0,0.0,4737.0,320.0,654,0.0,0.0,0.0,0.0,0.0,0.0,0.0,0.0,1710,0.0,420.0,0.0,1900,0.0,0.0,0.0,0.0,7800,7500,0.0,0.0,6075.0,5125,0.0,0.0,405.0,0.0
102,0.0,772,1800,0.0,0.0,405.0,19088.0,0.0,0.0,0.0,4757.0,305.0,648,0.0,0.0,0.0,0.0,0.0,0.0,0.0,0.0,1715,0.0,400.0,0.0,1900,0.0,0.0,0.0,0.0,7675,7596,0.0,0.0,6150.0,5175,0.0,0.0,400.0,0.0
100,0.0,772,1800,0.0,0.0,405.0,19363.0,0.0,0.0,0.0,4797.0,305.0,654,0.0,0.0,0.0,0.0,0.0,0.0,0.0,0.0,1725,0.0,430.0,0.0,1905,0.0,0.0,0.0,0.0,7550,7685,0.0,0.0,6100.0,5225,0.0,0.0,400.0,0.0
95,0.0,772,1800,0.0,0.0,400.0,19400.0,0.0,0.0,0.0,4677.0,296.0,661,0.0,0.0,0.0,0.0,0.0,0.0,0.0,0.0,1725,0.0,432.0,0.0,1900,0.0,0.0,0.0,0.0,7550,7665,0.0,0.0,6125.0,5150,0.0,0.0,400.0,0.0
98,0.0,772,1800,0.0,0.0,400.0,19625.0,0.0,0.0,0.0,4697.0,300.0,659,0.0,0.0,0.0,0.0,0.0,0.0,0.0,0.0,1727,0.0,450.0,0.0,1900,0.0,0.0,0.0,0.0,7400,7692,0.0,0.0,6150.0,5200,0.0,0.0,410.0,0.0
102,0.0,766,1800,0.0,0.0,400.0,19400.0,0.0,0.0,0.0,4717.0,320.0,664,0.0,0.0,0.0,0.0,0.0,0.0,0.0,0.0,1717,0.0,450.0,0.0,1915,0.0,0.0,0.0,0.0,7425,7555,0.0,0.0,6100.0,5150,0.0,0.0,415.0,0.0
102,0.0,772,1800,0.0,0.0,400.0,19425.0,0.0,0.0,0.0,4737.0,310.0,659,0.0,0.0,0.0,0.0,0.0,0.0,0.0,0.0,1727,0.0,452.0,0.0,1940,0.0,0.0,0.0,0.0,7350,7459,0.0,0.0,6150.0,5075,0.0,0.0,405.0,0.0
102,0.0,763,1800,0.0,0.0,400.0,18825.0,0.0,0.0,0.0,4717.0,310.0,661,0.0,0.0,0.0,0.0,0.0,0.0,0.0,0.0,1780,0.0,464.0,0.0,2000,0.0,0.0,0.0,0.0,7500,7459,0.0,0.0,6150.0,5125,0.0,0.0,405.0,0.0
102,0.0,769,1800,0.0,0.0,380.0,19200.0,0.0,0.0,0.0,4717.0,320.0,666,0.0,0.0,0.0,0.0,0.0,0.0,0.0,0.0,1840,0.0,474.0,0.0,2040,0.0,0.0,0.0,0.0,7775,7459,0.0,0.0,6100.0,5175,0.0,0.0,405.0,0.0
102,0.0,769,1825,0.0,0.0,380.0,19200.0,0.0,0.0,0.0,4677.0,305.0,659,0.0,0.0,0.0,0.0,0.0,0.0,0.0,0.0,1830,0.0,474.0,0.0,2065,0.0,0.0,0.0,0.0,7700,7514,0.0,0.0,6200.0,5225,0.0,0.0,405.0,0.0
102,0.0,763,1825,0.0,0.0,380.0,19400.0,0.0,0.0,0.0,4657.0,310.0,662,0.0,0.0,0.0,0.0,0.0,0.0,0.0,0.0,1840,0.0,480.0,0.0,2080,0.0,0.0,0.0,0.0,7625,7582,0.0,0.0,6225.0,5200,0.0,0.0,400.0,0.0
99,0.0,759,1825,0.0,0.0,380.0,19250.0,0.0,0.0,0.0,4577.0,320.0,673,0.0,0.0,0.0,0.0,0.0,0.0,0.0,0.0,1850,0.0,482.0,0.0,2120,0.0,0.0,0.0,0.0,7500,7582,0.0,0.0,6400.0,5200,0.0,0.0,400.0,0.0
99,0.0,753,1850,0.0,0.0,370.0,19800.0,0.0,0.0,0.0,4417.0,330.0,673,0.0,0.0,0.0,0.0,0.0,0.0,0.0,0.0,1900,0.0,486.0,0.0,2120,0.0,0.0,0.0,0.0,7375,7685,0.0,0.0,6400.0,5300,0.0,0.0,405.0,0.0
95,0.0,747,1850,0.0,0.0,375.0,19750.0,0.0,0.0,0.0,4437.0,330.0,678,0.0,0.0,0.0,0.0,0.0,0.0,0.0,0.0,1850,0.0,486.0,0.0,2110,0.0,0.0,0.0,0.0,7250,7679,0.0,0.0,6400.0,5450,0.0,0.0,410.0,0.0
95,0.0,747,1850,0.0,0.0,375.0,20000.0,0.0,0.0,0.0,4437.0,330.0,678,0.0,0.0,0.0,0.0,0.0,0.0,0.0,0.0,1850,0.0,486.0,0.0,2130,0.0,0.0,0.0,0.0,7250,7658,0.0,0.0,6500.0,5450,0.0,0.0,420.0,0.0
95,0.0,747,1850,0.0,0.0,380.0,19775.0,0.0,0.0,0.0,4497.0,330.0,686,0.0,0.0,0.0,0.0,0.0,0.0,0.0,0.0,1850,0.0,498.0,0.0,2130,0.0,0.0,0.0,0.0,7400,7658,0.0,0.0,6550.0,5450,0.0,0.0,420.0,0.0
95,0.0,759,1850,0.0,0.0,380.0,19500.0,0.0,0.0,0.0,4457.0,325.0,715,0.0,0.0,0.0,0.0,0.0,0.0,0.0,0.0,1900,0.0,500.0,0.0,2135,0.0,0.0,0.0,0.0,7300,7685,0.0,0.0,6600.0,5500,0.0,0.0,420.0,0.0
98,0.0,750,1850,0.0,0.0,380.0,19500.0,0.0,0.0,0.0,4477.0,325.0,715,0.0,0.0,0.0,0.0,0.0,0.0,0.0,0.0,1902,0.0,510.0,0.0,2160,0.0,0.0,0.0,0.0,7275,7617,0.0,0.0,6600.0,5450,0.0,0.0,430.0,0.0
98,0.0,750,1950,0.0,0.0,380.0,19800.0,0.0,0.0,0.0,4417.0,325.0,707,0.0,0.0,0.0,0.0,0.0,0.0,0.0,0.0,1930,0.0,510.0,0.0,2170,0.0,0.0,0.0,0.0,7150,7706,0.0,0.0,6675.0,5400,0.0,0.0,425.0,0.0
98,0.0,703,1950,0.0,0.0,370.0,19400.0,0.0,0.0,0.0,4437.0,320.0,701,0.0,0.0,0.0,0.0,0.0,0.0,0.0,0.0,1870,0.0,490.0,0.0,2170,0.0,0.0,0.0,0.0,7100,7637,0.0,0.0,6650.0,5350,0.0,0.0,410.0,0.0
98,0.0,703,1950,0.0,0.0,370.0,19000.0,0.0,0.0,0.0,4437.0,320.0,708,0.0,0.0,0.0,0.0,0.0,0.0,0.0,0.0,1870,0.0,490.0,0.0,2220,0.0,0.0,0.0,0.0,7325,7651,0.0,0.0,6725.0,5350,0.0,0.0,405.0,0.0
90,0.0,719,1950,0.0,0.0,370.0,18500.0,0.0,0.0,0.0,4397.0,320.0,714,0.0,0.0,0.0,0.0,0.0,0.0,0.0,0.0,1920,0.0,496.0,0.0,2240,0.0,0.0,0.0,0.0,7275,7830,0.0,0.0,6525.0,5350,0.0,0.0,405.0,0.0
80,0.0,725,1950,0.0,0.0,370.0,18700.0,0.0,0.0,0.0,4317.0,320.0,721,0.0,0.0,0.0,0.0,0.0,0.0,0.0,0.0,1925,0.0,492.0,0.0,2210,0.0,0.0,0.0,0.0,7400,7885,0.0,0.0,6575.0,5375,0.0,0.0,405.0,0.0
89,0.0,725,1950,0.0,0.0,370.0,19400.0,0.0,0.0,0.0,4277.0,320.0,721,0.0,0.0,0.0,0.0,0.0,0.0,0.0,0.0,1925,0.0,496.0,0.0,2200,0.0,0.0,0.0,0.0,7275,7898,0.0,0.0,6700.0,5450,0.0,0.0,400.0,0.0
84,0.0,722,1950,0.0,0.0,370.0,19300.0,0.0,0.0,0.0,4237.0,315.0,715,0.0,0.0,0.0,0.0,0.0,0.0,0.0,0.0,1917,0.0,496.0,0.0,2185,0.0,0.0,0.0,0.0,7125,7946,0.0,0.0,6775.0,5500,0.0,0.0,410.0,0.0
84,0.0,713,1950,0.0,0.0,370.0,19350.0,0.0,0.0,0.0,4277.0,315.0,725,0.0,0.0,0.0,0.0,0.0,0.0,0.0,0.0,1905,0.0,496.0,0.0,2175,0.0,0.0,0.0,0.0,7200,7974,0.0,0.0,6775.0,5475,0.0,0.0,405.0,0.0
85,0.0,716,1950,0.0,0.0,370.0,19250.0,0.0,0.0,0.0,4217.0,315.0,725,0.0,0.0,0.0,0.0,0.0,0.0,0.0,0.0,1905,0.0,496.0,0.0,2170,0.0,0.0,0.0,0.0,7225,8043,0.0,0.0,6900.0,5475,0.0,0.0,415.0,0.0
87,0.0,716,1950,0.0,0.0,370.0,19500.0,0.0,0.0,0.0,4237.0,315.0,721,0.0,0.0,0.0,0.0,0.0,0.0,0.0,0.0,1890,0.0,496.0,0.0,2165,0.0,0.0,0.0,0.0,7200,8001,0.0,0.0,6900.0,5425,0.0,0.0,415.0,0.0
93,0.0,713,1950,0.0,0.0,360.0,19450.0,0.0,0.0,0.0,4257.0,335.0,708,0.0,0.0,0.0,0.0,0.0,0.0,0.0,0.0,1897,0.0,490.0,0.0,2155,0.0,0.0,0.0,0.0,7175,8015,0.0,0.0,6825.0,5400,0.0,0.0,435.0,0.0
92,0.0,709,1950,0.0,0.0,360.0,19350.0,0.0,0.0,0.0,4277.0,335.0,708,0.0,0.0,0.0,0.0,0.0,0.0,0.0,0.0,1900,0.0,484.0,0.0,2170,0.0,0.0,0.0,0.0,7150,8091,0.0,0.0,6750.0,5350,0.0,0.0,460.0,0.0
92,0.0,713,1900,0.0,0.0,360.0,19300.0,0.0,0.0,0.0,4297.0,360.0,696,0.0,0.0,0.0,0.0,0.0,0.0,0.0,0.0,1865,0.0,480.0,0.0,2185,0.0,0.0,0.0,0.0,6950,8104,0.0,0.0,6800.0,5375,0.0,0.0,435.0,0.0
88,0.0,700,1900,0.0,0.0,320.0,19513.0,0.0,0.0,0.0,4237.0,400.0,701,0.0,0.0,0.0,0.0,0.0,0.0,0.0,0.0,1830,0.0,482.0,0.0,2170,0.0,0.0,0.0,0.0,6975,8077,0.0,0.0,6725.0,5350,0.0,0.0,420.0,0.0
90,0.0,691,1900,0.0,0.0,340.0,19400.0,0.0,0.0,0.0,4217.0,385.0,701,0.0,0.0,0.0,0.0,0.0,0.0,0.0,0.0,1825,0.0,482.0,0.0,2170,0.0,0.0,0.0,0.0,6825,8056,0.0,0.0,6775.0,5350,0.0,0.0,420.0,0.0
86,0.0,675,1900,0.0,0.0,300.0,19200.0,0.0,0.0,0.0,4237.0,400.0,701,0.0,0.0,0.0,0.0,0.0,0.0,0.0,0.0,1830,0.0,488.0,0.0,2250,0.0,0.0,0.0,0.0,6825,8043,0.0,0.0,6700.0,5375,0.0,0.0,420.0,0.0
86,0.0,672,1900,0.0,0.0,300.0,18750.0,0.0,0.0,0.0,4257.0,390.0,708,0.0,0.0,0.0,0.0,0.0,0.0,0.0,0.0,1830,0.0,488.0,0.0,2260,0.0,0.0,0.0,0.0,7050,8049,0.0,0.0,6725.0,5350,0.0,0.0,420.0,0.0
85,0.0,716,1900,0.0,0.0,300.0,18625.0,0.0,0.0,0.0,4317.0,380.0,734,0.0,0.0,0.0,0.0,0.0,0.0,0.0,0.0,1827,0.0,486.0,0.0,2290,0.0,0.0,0.0,0.0,7125,8022,0.0,0.0,6750.0,5375,0.0,0.0,420.0,0.0
86,0.0,731,1825,0.0,0.0,300.0,18550.0,0.0,0.0,0.0,4317.0,375.0,734,0.0,0.0,0.0,0.0,0.0,0.0,0.0,0.0,1812,0.0,484.0,0.0,2260,0.0,0.0,0.0,0.0,7125,7967,0.0,0.0,6725.0,5400,0.0,0.0,410.0,0.0
86,0.0,719,1700,0.0,0.0,300.0,18800.0,0.0,0.0,0.0,4297.0,385.0,707,0.0,0.0,0.0,0.0,0.0,0.0,0.0,0.0,1780,0.0,484.0,0.0,2250,0.0,0.0,0.0,0.0,7100,7912,0.0,0.0,6675.0,5450,0.0,0.0,415.0,0.0
86,0.0,706,1600,0.0,0.0,300.0,19075.0,0.0,0.0,0.0,4357.0,390.0,704,0.0,0.0,0.0,0.0,0.0,0.0,0.0,0.0,1797,0.0,484.0,0.0,2190,0.0,0.0,0.0,0.0,7100,7857,0.0,0.0,6700.0,5475,0.0,0.0,405.0,0.0
80,0.0,709,1650,0.0,0.0,300.0,18950.0,0.0,0.0,0.0,4337.0,390.0,699,0.0,0.0,0.0,0.0,0.0,0.0,0.0,0.0,1800,0.0,488.0,0.0,2200,0.0,0.0,0.0,0.0,6900,7734,0.0,0.0,6725.0,5450,0.0,0.0,405.0,0.0
82,0.0,709,1650,0.0,0.0,300.0,18650.0,0.0,0.0,0.0,4337.0,385.0,701,0.0,0.0,0.0,0.0,0.0,0.0,0.0,0.0,1750,0.0,490.0,0.0,2180,0.0,0.0,0.0,0.0,7100,7692,0.0,0.0,6675.0,5450,0.0,0.0,395.0,0.0
80,0.0,716,1650,0.0,0.0,300.0,18650.0,0.0,0.0,0.0,4317.0,385.0,715,0.0,0.0,0.0,0.0,0.0,0.0,0.0,0.0,1750,0.0,492.0,0.0,2215,0.0,0.0,0.0,0.0,7275,7665,0.0,0.0,6675.0,5525,0.0,0.0,400.0,0.0
80,0.0,750,1650,0.0,0.0,300.0,18500.0,0.0,0.0,0.0,4357.0,380.0,708,0.0,0.0,0.0,0.0,0.0,0.0,0.0,0.0,1800,0.0,492.0,0.0,2210,0.0,0.0,0.0,0.0,7300,7754,0.0,0.0,6425.0,5725,0.0,0.0,410.0,0.0
80,0.0,750,1650,0.0,0.0,300.0,18250.0,0.0,0.0,0.0,4357.0,375.0,708,0.0,0.0,0.0,0.0,0.0,0.0,0.0,0.0,1790,0.0,500.0,0.0,2220,0.0,0.0,0.0,0.0,7300,7747,0.0,0.0,6550.0,5675,0.0,0.0,400.0,0.0
78,0.0,750,1750,0.0,0.0,300.0,18250.0,0.0,0.0,0.0,4377.0,380.0,708,0.0,0.0,0.0,0.0,0.0,0.0,0.0,0.0,1770,0.0,500.0,0.0,2210,0.0,0.0,0.0,0.0,7125,7720,0.0,0.0,6850.0,5650,0.0,0.0,400.0,0.0
76,0.0,747,1775,0.0,0.0,290.0,18100.0,0.0,0.0,0.0,4397.0,385.0,701,0.0,0.0,0.0,0.0,0.0,0.0,0.0,0.0,1695,0.0,505.0,0.0,2210,0.0,0.0,0.0,0.0,6925,7685,0.0,0.0,6825.0,5750,0.0,0.0,405.0,0.0
77,0.0,731,1775,0.0,0.0,300.0,18150.0,0.0,0.0,0.0,4437.0,385.0,696,0.0,0.0,0.0,0.0,0.0,0.0,0.0,0.0,1690,0.0,512.0,0.0,2210,0.0,0.0,0.0,0.0,6750,7727,0.0,0.0,6800.0,5775,0.0,0.0,400.0,0.0
82,0.0,706,1800,0.0,0.0,300.0,18175.0,0.0,0.0,0.0,4397.0,385.0,701,0.0,0.0,0.0,0.0,0.0,0.0,0.0,0.0,1690,0.0,512.0,0.0,2205,0.0,0.0,0.0,0.0,6800,7624,0.0,0.0,6800.0,5725,0.0,0.0,400.0,0.0
82,0.0,713,1800,0.0,0.0,270.0,17750.0,0.0,0.0,0.0,4417.0,385.0,708,0.0,0.0,0.0,0.0,0.0,0.0,0.0,0.0,1695,0.0,515.0,0.0,2205,0.0,0.0,0.0,0.0,6825,7624,0.0,0.0,6750.0,5725,0.0,0.0,395.0,0.0
76,0.0,722,1750,0.0,0.0,250.0,17625.0,0.0,0.0,0.0,4457.0,385.0,701,0.0,0.0,0.0,0.0,0.0,0.0,0.0,0.0,1690,0.0,555.0,0.0,2200,0.0,0.0,0.0,0.0,6900,7473,0.0,0.0,6575.0,5675,0.0,0.0,395.0,0.0
80,0.0,738,1750,0.0,0.0,260.0,17250.0,0.0,0.0,0.0,4417.0,385.0,704,0.0,0.0,0.0,0.0,0.0,0.0,0.0,0.0,1700,0.0,560.0,0.0,2200,0.0,0.0,0.0,0.0,6900,7404,0.0,0.0,6750.0,5700,0.0,0.0,390.0,0.0
80,0.0,725,1825,0.0,0.0,260.0,17000.0,0.0,0.0,0.0,4397.0,385.0,710,0.0,0.0,0.0,0.0,0.0,0.0,0.0,0.0,1690,0.0,580.0,0.0,2200,0.0,0.0,0.0,0.0,7075,7376,0.0,0.0,6700.0,5775,0.0,0.0,395.0,0.0
81,0.0,725,1825,0.0,0.0,270.0,17400.0,0.0,0.0,0.0,4397.0,385.0,710,0.0,0.0,0.0,0.0,0.0,0.0,0.0,0.0,1700,0.0,592.0,0.0,2215,0.0,0.0,0.0,0.0,7050,7397,0.0,0.0,6550.0,5800,0.0,0.0,395.0,0.0
81,0.0,725,1775,0.0,0.0,280.0,17625.0,0.0,0.0,0.0,4417.0,390.0,707,0.0,0.0,0.0,0.0,0.0,0.0,0.0,0.0,1702,0.0,592.0,0.0,2220,0.0,0.0,0.0,0.0,7000,7363,0.0,0.0,6475.0,5900,0.0,0.0,400.0,0.0
80,0.0,725,1850,0.0,0.0,290.0,18050.0,0.0,0.0,0.0,4417.0,390.0,700,0.0,0.0,0.0,0.0,0.0,0.0,0.0,0.0,1702,0.0,590.0,0.0,2220,0.0,0.0,0.0,0.0,6875,7500,0.0,0.0,6700.0,5925,0.0,0.0,390.0,0.0
80,0.0,719,1750,0.0,0.0,294.0,18000.0,0.0,0.0,0.0,4437.0,390.0,696,0.0,0.0,0.0,0.0,0.0,0.0,0.0,0.0,1702,0.0,590.0,0.0,2200,0.0,0.0,0.0,0.0,6800,7431,0.0,0.0,6700.0,5875,0.0,0.0,385.0,0.0
80,0.0,706,1700,0.0,0.0,280.0,17925.0,0.0,0.0,0.0,4397.0,390.0,676,0.0,0.0,0.0,0.0,0.0,0.0,0.0,0.0,1697,0.0,590.0,0.0,2215,0.0,0.0,0.0,0.0,6700,7321,0.0,0.0,6775.0,5775,0.0,0.0,400.0,0.0
80,0.0,694,1700,0.0,0.0,280.0,17650.0,0.0,0.0,0.0,4397.0,395.0,673,0.0,0.0,0.0,0.0,0.0,0.0,0.0,0.0,1702,0.0,590.0,0.0,2210,0.0,0.0,0.0,0.0,6750,7191,0.0,0.0,6725.0,5700,0.0,0.0,405.0,0.0
78,0.0,691,1700,0.0,0.0,250.0,18000.0,0.0,0.0,0.0,4357.0,400.0,676,0.0,0.0,0.0,0.0,0.0,0.0,0.0,0.0,1700,0.0,590.0,0.0,2220,0.0,0.0,0.0,0.0,6700,7136,0.0,0.0,6675.0,5700,0.0,0.0,400.0,0.0
75,0.0,694,1700,0.0,0.0,256.0,18050.0,0.0,0.0,0.0,4357.0,400.0,682,0.0,0.0,0.0,0.0,0.0,0.0,0.0,0.0,1692,0.0,585.0,0.0,2230,0.0,0.0,0.0,0.0,6560,7033,0.0,0.0,6675.0,5690,0.0,0.0,400.0,0.0
75,0.0,697,1750,0.0,0.0,254.0,17600.0,0.0,0.0,0.0,4357.0,380.0,682,0.0,0.0,0.0,0.0,0.0,0.0,0.0,0.0,1707,0.0,585.0,0.0,2230,0.0,0.0,0.0,0.0,6550,7067,0.0,0.0,6600.0,5695,0.0,0.0,410.0,0.0
76,0.0,697,1750,0.0,0.0,270.0,17125.0,0.0,0.0,0.0,4047.0,375.0,685,0.0,0.0,0.0,0.0,0.0,0.0,0.0,0.0,1730,0.0,585.0,0.0,2235,0.0,0.0,0.0,0.0,6550,7088,0.0,0.0,6425.0,5742,0.0,0.0,410.0,0.0
76,0.0,691,1750,0.0,0.0,270.0,16500.0,0.0,0.0,0.0,3972.0,375.0,680,0.0,0.0,0.0,0.0,0.0,0.0,0.0,0.0,1747,0.0,575.0,0.0,2220,0.0,0.0,0.0,0.0,6525,7102,0.0,0.0,6550.0,5750,0.0,0.0,430.0,0.0
70,0.0,678,1700,0.0,0.0,300.0,16450.0,0.0,0.0,0.0,4022.0,375.0,673,0.0,0.0,0.0,0.0,0.0,0.0,0.0,0.0,1725,0.0,550.0,0.0,2210,0.0,0.0,0.0,0.0,6525,7212,0.0,0.0,6630.0,5700,0.0,0.0,425.0,0.0
74,0.0,675,1700,0.0,0.0,300.0,16075.0,0.0,0.0,0.0,3987.0,375.0,673,0.0,0.0,0.0,0.0,0.0,0.0,0.0,0.0,1720,0.0,550.0,0.0,2210,0.0,0.0,0.0,0.0,6700,7205,0.0,0.0,6675.0,5675,0.0,0.0,400.0,0.0
74,0.0,663,1700,0.0,0.0,254.0,16050.0,0.0,0.0,0.0,4002.0,375.0,669,0.0,0.0,0.0,0.0,0.0,0.0,0.0,0.0,1720,0.0,550.0,0.0,2200,0.0,0.0,0.0,0.0,7050,7218,0.0,0.0,6700.0,5750,0.0,0.0,390.0,0.0
70,0.0,700,1500,0.0,0.0,250.0,16050.0,0.0,0.0,0.0,4027.0,370.0,672,0.0,0.0,0.0,0.0,0.0,0.0,0.0,0.0,1710,0.0,530.0,0.0,2260,0.0,0.0,0.0,0.0,7050,7301,0.0,0.0,6675.0,5625,0.0,0.0,395.0,0.0
70,0.0,691,1500,0.0,0.0,250.0,15988.0,0.0,0.0,0.0,4007.0,370.0,668,0.0,0.0,0.0,0.0,0.0,0.0,0.0,0.0,1700,0.0,510.0,0.0,2270,0.0,0.0,0.0,0.0,6825,7308,0.0,0.0,6725.0,5725,0.0,0.0,405.0,0.0
68,0.0,675,1500,0.0,0.0,250.0,16450.0,0.0,0.0,0.0,4067.0,365.0,673,0.0,0.0,0.0,0.0,0.0,0.0,0.0,0.0,1650,0.0,490.0,0.0,2230,0.0,0.0,0.0,0.0,6800,7170,0.0,0.0,6650.0,5550,0.0,0.0,390.0,0.0
56,0.0,669,1500,0.0,0.0,250.0,16200.0,0.0,0.0,0.0,4357.0,360.0,682,0.0,0.0,0.0,0.0,0.0,0.0,0.0,0.0,1650,0.0,450.0,0.0,2235,0.0,0.0,0.0,0.0,6900,7170,0.0,0.0,6650.0,5625,0.0,0.0,395.0,0.0
55,0.0,675,1500,0.0,0.0,250.0,16300.0,0.0,0.0,0.0,4357.0,360.0,680,0.0,0.0,0.0,0.0,0.0,0.0,0.0,0.0,1685,0.0,475.0,0.0,2250,0.0,0.0,0.0,0.0,6900,7143,0.0,0.0,6425.0,5725,0.0,0.0,395.0,0.0
55,0.0,675,1500,0.0,0.0,270.0,16075.0,0.0,0.0,0.0,4322.0,330.0,682,0.0,0.0,0.0,0.0,0.0,0.0,0.0,0.0,1690,0.0,520.0,0.0,2300,0.0,0.0,0.0,0.0,6800,7088,0.0,0.0,6425.0,5675,0.0,0.0,380.0,0.0
55,0.0,663,1525,0.0,0.0,270.0,16150.0,0.0,0.0,0.0,4272.0,345.0,673,0.0,0.0,0.0,0.0,0.0,0.0,0.0,0.0,1690,0.0,525.0,0.0,2305,0.0,0.0,0.0,0.0,6625,7115,0.0,0.0,6500.0,5525,0.0,0.0,390.0,0.0
46,0.0,644,1500,0.0,0.0,270.0,16250.0,0.0,0.0,0.0,4272.0,345.0,673,0.0,0.0,0.0,0.0,0.0,0.0,0.0,0.0,1660,0.0,525.0,0.0,2285,0.0,0.0,0.0,0.0,6625,6964,0.0,0.0,6400.0,5375,0.0,0.0,380.0,0.0
45,0.0,644,1500,0.0,0.0,270.0,16100.0,0.0,0.0,0.0,4012.0,345.0,673,0.0,0.0,0.0,0.0,0.0,0.0,0.0,0.0,1660,0.0,500.0,0.0,2285,0.0,0.0,0.0,0.0,6500,6964,0.0,0.0,6300.0,5375,0.0,0.0,380.0,0.0
45,0.0,506,1500,0.0,0.0,270.0,15750.0,0.0,0.0,0.0,4097.0,345.0,673,0.0,0.0,0.0,0.0,0.0,0.0,0.0,0.0,1660,0.0,515.0,0.0,2290,0.0,0.0,0.0,0.0,6600,6731,0.0,0.0,6000.0,5300,0.0,0.0,380.0,0.0
40,0.0,588,1500,0.0,0.0,230.0,15750.0,0.0,0.0,0.0,4157.0,330.0,666,0.0,0.0,0.0,0.0,0.0,0.0,0.0,0.0,1650,0.0,515.0,0.0,2295,0.0,0.0,0.0,0.0,6650,6703,0.0,0.0,6000.0,5400,0.0,0.0,380.0,0.0
40,0.0,625,1500,0.0,0.0,230.0,15550.0,0.0,0.0,0.0,4347.0,330.0,673,0.0,0.0,0.0,0.0,0.0,0.0,0.0,0.0,1705,0.0,520.0,0.0,2265,0.0,0.0,0.0,0.0,6650,6600,0.0,0.0,5950.0,5600,0.0,0.0,390.0,0.0
40,0.0,609,1500,0.0,0.0,224.0,15650.0,0.0,0.0,0.0,4322.0,335.0,678,0.0,0.0,0.0,0.0,0.0,0.0,0.0,0.0,1760,0.0,520.0,0.0,2285,0.0,0.0,0.0,0.0,6500,6703,0.0,0.0,6100.0,5575,0.0,0.0,390.0,0.0
50,0.0,594,1450,0.0,0.0,224.0,15550.0,0.0,0.0,0.0,4322.0,335.0,680,0.0,0.0,0.0,0.0,0.0,0.0,0.0,0.0,1760,0.0,510.0,0.0,2285,0.0,0.0,0.0,0.0,6425,6799,0.0,0.0,6350.0,5500,0.0,0.0,395.0,0.0
54,0.0,588,1450,0.0,0.0,250.0,15638.0,0.0,0.0,0.0,4322.0,335.0,680,0.0,0.0,0.0,0.0,0.0,0.0,0.0,0.0,1760,0.0,510.0,0.0,2270,0.0,0.0,0.0,0.0,6425,7005,0.0,0.0,6550.0,5500,0.0,0.0,390.0,0.0
59,0.0,588,1400,0.0,0.0,250.0,15250.0,0.0,0.0,0.0,4322.0,335.0,680,0.0,0.0,0.0,0.0,0.0,0.0,0.0,0.0,1760,0.0,510.0,0.0,2270,0.0,0.0,0.0,0.0,6425,7005,0.0,0.0,6500.0,5500,0.0,0.0,390.0,0.0
59,0.0,588,1400,0.0,0.0,250.0,15250.0,0.0,0.0,0.0,4322.0,345.0,680,0.0,0.0,0.0,0.0,0.0,0.0,0.0,0.0,1760,0.0,500.0,0.0,2270,0.0,0.0,0.0,0.0,6450,7005,0.0,0.0,6500.0,5500,0.0,0.0,390.0,0.0
59,0.0,588,1400,0.0,0.0,300.0,15250.0,0.0,0.0,0.0,4337.0,355.0,683,0.0,0.0,0.0,0.0,0.0,0.0,0.0,0.0,1780,0.0,500.0,0.0,2275,0.0,0.0,0.0,0.0,6400,7019,0.0,0.0,6500.0,5525,0.0,0.0,400.0,0.0
60,0.0,584,1400,0.0,0.0,300.0,15250.0,0.0,0.0,0.0,4322.0,355.0,680,0.0,0.0,0.0,0.0,0.0,0.0,0.0,0.0,1815,0.0,500.0,0.0,2285,0.0,0.0,0.0,0.0,6400,7033,0.0,0.0,6500.0,5550,0.0,0.0,400.0,0.0
60,0.0,584,1430,0.0,0.0,300.0,15200.0,0.0,0.0,0.0,4322.0,355.0,680,0.0,0.0,0.0,0.0,0.0,0.0,0.0,0.0,1840,0.0,500.0,0.0,2290,0.0,0.0,0.0,0.0,6400,7074,0.0,0.0,6475.0,5550,0.0,0.0,395.0,0.0
57,0.0,584,1450,0.0,0.0,300.0,15100.0,0.0,0.0,0.0,4297.0,360.0,680,0.0,0.0,0.0,0.0,0.0,0.0,0.0,0.0,1840,0.0,500.0,0.0,2290,0.0,0.0,0.0,0.0,6450,7074,0.0,0.0,6500.0,5550,0.0,0.0,395.0,0.0
57,0.0,594,1450,0.0,0.0,300.0,15000.0,0.0,0.0,0.0,4297.0,360.0,673,0.0,0.0,0.0,0.0,0.0,0.0,0.0,0.0,1840,0.0,490.0,0.0,2285,0.0,0.0,0.0,0.0,6525,7067,0.0,0.0,6400.0,5500,0.0,0.0,395.0,0.0
50,0.0,594,1450,0.0,0.0,300.0,15000.0,0.0,0.0,0.0,4297.0,360.0,673,0.0,0.0,0.0,0.0,0.0,0.0,0.0,0.0,1835,0.0,475.0,0.0,2285,0.0,0.0,0.0,0.0,6550,7026,0.0,0.0,6400.0,5550,0.0,0.0,395.0,0.0
50,0.0,600,1450,0.0,0.0,300.0,14875.0,0.0,0.0,0.0,4312.0,360.0,673,0.0,0.0,0.0,0.0,0.0,0.0,0.0,0.0,1830,0.0,475.0,0.0,2260,0.0,0.0,0.0,0.0,6500,6985,0.0,0.0,6375.0,5475,0.0,0.0,400.0,0.0
50,0.0,600,1450,0.0,0.0,300.0,14625.0,0.0,0.0,0.0,4272.0,365.0,680,0.0,0.0,0.0,0.0,0.0,0.0,0.0,0.0,1835,0.0,485.0,0.0,2265,0.0,0.0,0.0,0.0,6575,6964,0.0,0.0,6300.0,5550,0.0,0.0,410.0,0.0
58,0.0,609,1400,0.0,0.0,300.0,14325.0,0.0,0.0,0.0,4247.0,360.0,687,0.0,0.0,0.0,0.0,0.0,0.0,0.0,0.0,1850,0.0,480.0,0.0,2330,0.0,0.0,0.0,0.0,6500,6978,0.0,0.0,6275.0,5550,0.0,0.0,410.0,0.0
58,0.0,606,1470,0.0,0.0,300.0,14250.0,0.0,0.0,0.0,4247.0,360.0,680,0.0,0.0,0.0,0.0,0.0,0.0,0.0,0.0,1845,0.0,480.0,0.0,2310,0.0,0.0,0.0,0.0,6550,6985,0.0,0.0,6400.0,5600,0.0,0.0,425.0,0.0
60,0.0,619,1450,0.0,0.0,300.0,13900.0,0.0,0.0,0.0,4247.0,360.0,680,0.0,0.0,0.0,0.0,0.0,0.0,0.0,0.0,1845,0.0,480.0,0.0,2320,0.0,0.0,0.0,0.0,6400,7088,0.0,0.0,6425.0,5525,0.0,0.0,420.0,0.0
54,0.0,609,1500,0.0,0.0,250.0,14100.0,0.0,0.0,0.0,4247.0,375.0,678,0.0,0.0,0.0,0.0,0.0,0.0,0.0,0.0,1850,0.0,490.0,0.0,2345,0.0,0.0,0.0,0.0,6350,7143,0.0,0.0,6525.0,5625,0.0,0.0,420.0,0.0
55,0.0,600,1525,0.0,0.0,250.0,14750.0,0.0,0.0,0.0,4197.0,375.0,693,0.0,0.0,0.0,0.0,0.0,0.0,0.0,0.0,1840,0.0,490.0,0.0,2325,0.0,0.0,0.0,0.0,6275,7067,0.0,0.0,6525.0,5625,0.0,0.0,420.0,0.0
60,0.0,585,1575,0.0,0.0,250.0,15000.0,0.0,0.0,0.0,4197.0,375.0,693,0.0,0.0,0.0,0.0,0.0,0.0,0.0,0.0,1850,0.0,500.0,0.0,2330,0.0,0.0,0.0,0.0,6200,7054,0.0,0.0,6625.0,5575,0.0,0.0,420.0,0.0
60,0.0,575,1650,0.0,0.0,250.0,14925.0,0.0,0.0,0.0,4192.0,380.0,701,0.0,0.0,0.0,0.0,0.0,0.0,0.0,0.0,1845,0.0,535.0,0.0,2340,0.0,0.0,0.0,0.0,6200,7095,0.0,0.0,6675.0,5550,0.0,0.0,420.0,0.0
58,0.0,575,1625,0.0,0.0,260.0,14500.0,0.0,0.0,0.0,4177.0,370.0,696,0.0,0.0,0.0,0.0,0.0,0.0,0.0,0.0,1835,0.0,550.0,0.0,2355,0.0,0.0,0.0,0.0,6000,7095,0.0,0.0,6875.0,5550,0.0,0.0,415.0,0.0
57,0.0,573,1625,0.0,0.0,250.0,14838.0,0.0,0.0,0.0,4177.0,375.0,694,0.0,0.0,0.0,0.0,0.0,0.0,0.0,0.0,1830,0.0,535.0,0.0,2380,0.0,0.0,0.0,0.0,5800,7095,0.0,0.0,6900.0,5600,0.0,0.0,420.0,0.0
55,0.0,566,1575,0.0,0.0,250.0,15400.0,0.0,0.0,0.0,4147.0,365.0,697,0.0,0.0,0.0,0.0,0.0,0.0,0.0,0.0,1825,0.0,525.0,0.0,2455,0.0,0.0,0.0,0.0,5650,7074,0.0,0.0,6900.0,5550,0.0,0.0,425.0,0.0
56,0.0,563,1550,0.0,0.0,260.0,15600.0,0.0,0.0,0.0,4137.0,360.0,697,0.0,0.0,0.0,0.0,0.0,0.0,0.0,0.0,1830,0.0,515.0,0.0,2460,0.0,0.0,0.0,0.0,5700,7129,0.0,0.0,6900.0,5600,0.0,0.0,425.0,0.0
51,0.0,563,1575,0.0,0.0,250.0,15575.0,0.0,0.0,0.0,4107.0,355.0,696,0.0,0.0,0.0,0.0,0.0,0.0,0.0,0.0,1840,0.0,535.0,0.0,2460,0.0,0.0,0.0,0.0,5900,7047,0.0,0.0,6875.0,5600,0.0,0.0,425.0,0.0
51,0.0,566,1600,0.0,0.0,250.0,15250.0,0.0,0.0,0.0,4097.0,360.0,693,0.0,0.0,0.0,0.0,0.0,0.0,0.0,0.0,1830,0.0,535.0,0.0,2480,0.0,0.0,0.0,0.0,5925,6841,0.0,0.0,6900.0,5575,0.0,0.0,420.0,0.0
52,0.0,569,1600,0.0,0.0,250.0,14900.0,0.0,0.0,0.0,4072.0,360.0,692,0.0,0.0,0.0,0.0,0.0,0.0,0.0,0.0,1837,0.0,525.0,0.0,2560,0.0,0.0,0.0,0.0,6100,6813,0.0,0.0,6875.0,5525,0.0,0.0,420.0,0.0
51,0.0,588,1625,0.0,0.0,240.0,15025.0,0.0,0.0,0.0,4017.0,360.0,693,0.0,0.0,0.0,0.0,0.0,0.0,0.0,0.0,1830,0.0,520.0,0.0,2490,0.0,0.0,0.0,0.0,6000,6937,0.0,0.0,6800.0,5475,0.0,0.0,425.0,0.0
54,0.0,581,1625,0.0,0.0,240.0,15300.0,0.0,0.0,0.0,3972.0,360.0,694,0.0,0.0,0.0,0.0,0.0,0.0,0.0,0.0,1850,0.0,520.0,0.0,2480,0.0,0.0,0.0,0.0,6075,6951,0.0,0.0,6725.0,5325,0.0,0.0,415.0,0.0
60,0.0,573,1875,0.0,0.0,240.0,16100.0,0.0,0.0,0.0,3942.0,360.0,701,0.0,0.0,0.0,0.0,0.0,0.0,0.0,0.0,1830,0.0,525.0,0.0,2460,0.0,0.0,0.0,0.0,6125,6978,0.0,0.0,6950.0,5125,0.0,0.0,425.0,0.0
71,0.0,566,1725,0.0,0.0,220.0,15800.0,0.0,0.0,0.0,3897.0,375.0,699,0.0,0.0,0.0,0.0,0.0,0.0,0.0,0.0,1860,0.0,520.0,0.0,2460,0.0,0.0,0.0,0.0,6200,6937,0.0,0.0,6875.0,5225,0.0,0.0,425.0,0.0
68,0.0,572,1800,0.0,0.0,230.0,15500.0,0.0,0.0,0.0,3817.0,370.0,701,0.0,0.0,0.0,0.0,0.0,0.0,0.0,0.0,1865,0.0,530.0,0.0,2470,0.0,0.0,0.0,0.0,6150,6930,0.0,0.0,6750.0,5150,0.0,0.0,425.0,0.0
58,0.0,573,1800,0.0,0.0,240.0,15300.0,0.0,0.0,0.0,3897.0,375.0,715,0.0,0.0,0.0,0.0,0.0,0.0,0.0,0.0,1920,0.0,540.0,0.0,2500,0.0,0.0,0.0,0.0,6300,6944,0.0,0.0,6975.0,5225,0.0,0.0,445.0,0.0
58,0.0,569,1825,0.0,0.0,240.0,15150.0,0.0,0.0,0.0,3922.0,370.0,724,0.0,0.0,0.0,0.0,0.0,0.0,0.0,0.0,1920,0.0,530.0,0.0,2550,0.0,0.0,0.0,0.0,6375,6937,0.0,0.0,7075.0,5100,0.0,0.0,450.0,0.0
59,0.0,563,1825,0.0,0.0,240.0,15450.0,0.0,0.0,0.0,3972.0,365.0,758,0.0,0.0,0.0,0.0,0.0,0.0,0.0,0.0,1920,0.0,535.0,0.0,2600,0.0,0.0,0.0,0.0,6400,7047,0.0,0.0,7300.0,5025,0.0,0.0,445.0,0.0
60,0.0,563,1825,0.0,0.0,250.0,15275.0,0.0,0.0,0.0,4047.0,375.0,758,0.0,0.0,0.0,0.0,0.0,0.0,0.0,0.0,1900,0.0,540.0,0.0,2620,0.0,0.0,0.0,0.0,6325,7074,0.0,0.0,7850.0,5175,0.0,0.0,455.0,0.0
62,0.0,569,1825,0.0,0.0,250.0,15300.0,0.0,0.0,0.0,4022.0,365.0,752,0.0,0.0,0.0,0.0,0.0,0.0,0.0,0.0,1900,0.0,550.0,0.0,2670,0.0,0.0,0.0,0.0,6325,7225,0.0,0.0,8100.0,5200,0.0,0.0,490.0,0.0
62,0.0,581,1800,0.0,0.0,250.0,14900.0,0.0,0.0,0.0,4057.0,360.0,765,0.0,0.0,0.0,0.0,0.0,0.0,0.0,0.0,1887,0.0,570.0,0.0,2675,0.0,0.0,0.0,0.0,6350,7363,0.0,0.0,8000.0,5200,0.0,0.0,510.0,0.0
58,0.0,581,1875,0.0,0.0,250.0,14550.0,0.0,0.0,0.0,4172.0,350.0,797,0.0,0.0,0.0,0.0,0.0,0.0,0.0,0.0,1870,0.0,580.0,0.0,2655,0.0,0.0,0.0,0.0,6850,7418,0.0,0.0,8000.0,5175,0.0,0.0,520.0,0.0
54,0.0,625,1875,0.0,0.0,240.0,14675.0,0.0,0.0,0.0,4222.0,355.0,842,0.0,0.0,0.0,0.0,0.0,0.0,0.0,0.0,1860,0.0,575.0,0.0,2680,0.0,0.0,0.0,0.0,7025,7610,0.0,0.0,7975.0,5200,0.0,0.0,520.0,0.0
54,0.0,644,1875,0.0,0.0,240.0,14650.0,0.0,0.0,0.0,4202.0,370.0,828,0.0,0.0,0.0,0.0,0.0,0.0,0.0,0.0,1850,0.0,570.0,0.0,2680,0.0,0.0,0.0,0.0,7100,7610,0.0,0.0,7975.0,5125,0.0,0.0,520.0,0.0
54,0.0,644,1900,0.0,0.0,240.0,15250.0,0.0,0.0,0.0,4247.0,360.0,822,0.0,0.0,0.0,0.0,0.0,0.0,0.0,0.0,1820,0.0,565.0,0.0,2710,0.0,0.0,0.0,0.0,7700,7624,0.0,0.0,7875.0,5050,0.0,0.0,545.0,0.0
50,0.0,700,1975,0.0,0.0,250.0,15388.0,0.0,0.0,0.0,4272.0,365.0,832,0.0,0.0,0.0,0.0,0.0,0.0,0.0,0.0,1800,0.0,575.0,0.0,2780,0.0,0.0,0.0,0.0,7650,7596,0.0,0.0,7850.0,5175,0.0,0.0,530.0,0.0
64,0.0,684,1975,0.0,0.0,250.0,15900.0,0.0,0.0,0.0,4252.0,370.0,815,0.0,0.0,0.0,0.0,0.0,0.0,0.0,0.0,1850,0.0,570.0,0.0,2790,0.0,0.0,0.0,0.0,7500,7555,0.0,0.0,7850.0,5200,0.0,0.0,520.0,0.0
60,0.0,678,1975,0.0,0.0,230.0,16550.0,0.0,0.0,0.0,4147.0,375.0,814,0.0,0.0,0.0,0.0,0.0,0.0,0.0,0.0,1840,0.0,590.0,0.0,2805,0.0,0.0,0.0,0.0,7675,7541,0.0,0.0,7925.0,5275,0.0,0.0,510.0,0.0
57,0.0,725,1975,0.0,0.0,230.0,17000.0,0.0,0.0,0.0,4147.0,380.0,786,0.0,0.0,0.0,0.0,0.0,0.0,0.0,0.0,1845,0.0,580.0,0.0,2780,0.0,0.0,0.0,0.0,7525,7582,0.0,0.0,7875.0,5275,0.0,0.0,500.0,0.0
57,0.0,700,1925,0.0,0.0,236.0,16938.0,0.0,0.0,0.0,4197.0,380.0,821,0.0,0.0,0.0,0.0,0.0,0.0,0.0,0.0,1840,0.0,575.0,0.0,2780,0.0,0.0,0.0,0.0,7425,7624,0.0,0.0,7800.0,5400,0.0,0.0,510.0,0.0
50,0.0,694,1925,0.0,0.0,230.0,17338.0,0.0,0.0,0.0,4217.0,400.0,812,0.0,0.0,0.0,0.0,0.0,0.0,0.0,0.0,1840,0.0,525.0,0.0,2760,0.0,0.0,0.0,0.0,7325,7679,0.0,0.0,7800.0,5150,0.0,0.0,510.0,0.0
45,0.0,716,1925,0.0,0.0,250.0,17300.0,0.0,0.0,0.0,4222.0,405.0,800,0.0,0.0,0.0,0.0,0.0,0.0,0.0,0.0,1830,0.0,525.0,0.0,2740,0.0,0.0,0.0,0.0,7700,7747,0.0,0.0,7825.0,5000,0.0,0.0,510.0,0.0
50,0.0,800,1850,0.0,0.0,260.0,17175.0,0.0,0.0,0.0,4197.0,415.0,786,0.0,0.0,0.0,0.0,0.0,0.0,0.0,0.0,1830,0.0,510.0,0.0,2770,0.0,0.0,0.0,0.0,7600,7734,0.0,0.0,7900.0,4990,0.0,0.0,495.0,0.0
48,0.0,781,1825,0.0,0.0,224.0,17150.0,0.0,0.0,0.0,4147.0,430.0,790,0.0,0.0,0.0,0.0,0.0,0.0,0.0,0.0,1825,0.0,515.0,0.0,2800,0.0,0.0,0.0,0.0,7550,7761,0.0,0.0,7825.0,4850,0.0,0.0,485.0,0.0
52,0.0,778,1825,0.0,0.0,230.0,17500.0,0.0,0.0,0.0,4182.0,430.0,794,0.0,0.0,0.0,0.0,0.0,0.0,0.0,0.0,1830,0.0,525.0,0.0,2795,0.0,0.0,0.0,0.0,7250,7747,0.0,0.0,7775.0,5000,0.0,0.0,500.0,0.0
50,0.0,744,1800,0.0,0.0,250.0,17050.0,0.0,0.0,0.0,4297.0,435.0,794,0.0,0.0,0.0,0.0,0.0,0.0,0.0,0.0,1842,0.0,520.0,0.0,2800,0.0,0.0,0.0,0.0,7100,7706,0.0,0.0,7600.0,5075,0.0,0.0,520.0,0.0
53,0.0,719,1750,0.0,0.0,260.0,17050.0,0.0,0.0,0.0,4347.0,430.0,794,0.0,0.0,0.0,0.0,0.0,0.0,0.0,0.0,1830,0.0,520.0,0.0,2785,0.0,0.0,0.0,0.0,7200,7637,0.0,0.0,7600.0,5050,0.0,0.0,500.0,0.0
51,0.0,719,1800,0.0,0.0,262.0,16500.0,0.0,0.0,0.0,4307.0,430.0,788,0.0,0.0,0.0,0.0,0.0,0.0,0.0,0.0,1850,0.0,520.0,0.0,2770,0.0,0.0,0.0,0.0,7550,7569,0.0,0.0,7725.0,5075,0.0,0.0,505.0,0.0
50,0.0,722,1800,0.0,0.0,226.0,15700.0,0.0,0.0,0.0,4317.0,430.0,788,0.0,0.0,0.0,0.0,0.0,0.0,0.0,0.0,1852,0.0,515.0,0.0,2775,0.0,0.0,0.0,0.0,7500,7445,0.0,0.0,7950.0,5125,0.0,0.0,490.0,0.0
45,0.0,694,1775,0.0,0.0,250.0,15650.0,0.0,0.0,0.0,4327.0,430.0,791,0.0,0.0,0.0,0.0,0.0,0.0,0.0,0.0,1870,0.0,530.0,0.0,2760,0.0,0.0,0.0,0.0,7600,7473,0.0,0.0,8150.0,5125,0.0,0.0,520.0,0.0
47,0.0,709,1775,0.0,0.0,250.0,15550.0,0.0,0.0,0.0,4347.0,425.0,793,0.0,0.0,0.0,0.0,0.0,0.0,0.0,0.0,1870,0.0,520.0,0.0,2765,0.0,0.0,0.0,0.0,7500,7576,0.0,0.0,8150.0,5200,0.0,0.0,540.0,0.0
48,0.0,691,1825,0.0,0.0,236.0,15350.0,0.0,0.0,0.0,4522.0,430.0,790,0.0,0.0,0.0,0.0,0.0,0.0,0.0,0.0,1870,0.0,510.0,0.0,2770,0.0,0.0,0.0,0.0,7475,7589,0.0,0.0,8300.0,5150,0.0,0.0,600.0,0.0
48,0.0,700,1825,0.0,0.0,216.0,15550.0,0.0,0.0,0.0,4382.0,425.0,790,0.0,0.0,0.0,0.0,0.0,0.0,0.0,0.0,1867,0.0,505.0,0.0,2765,0.0,0.0,0.0,0.0,7400,7555,0.0,0.0,8500.0,5125,0.0,0.0,585.0,0.0
47,0.0,691,1875,0.0,0.0,222.0,15550.0,0.0,0.0,0.0,4547.0,415.0,779,0.0,0.0,0.0,0.0,0.0,0.0,0.0,0.0,1860,0.0,515.0,0.0,2765,0.0,0.0,0.0,0.0,7600,7562,0.0,0.0,8625.0,5075,0.0,0.0,570.0,0.0
46,0.0,675,1875,0.0,0.0,220.0,15350.0,0.0,0.0,0.0,4497.0,415.0,765,0.0,0.0,0.0,0.0,0.0,0.0,0.0,0.0,1860,0.0,510.0,0.0,2790,0.0,0.0,0.0,0.0,7200,7473,0.0,0.0,8525.0,5125,0.0,0.0,560.0,0.0
46,0.0,663,1875,0.0,0.0,220.0,15050.0,0.0,0.0,0.0,4502.0,405.0,779,0.0,0.0,0.0,0.0,0.0,0.0,0.0,0.0,1865,0.0,520.0,0.0,2810,0.0,0.0,0.0,0.0,7050,7404,0.0,0.0,8475.0,5100,0.0,0.0,560.0,0.0
48,0.0,663,1875,0.0,0.0,236.0,14850.0,0.0,0.0,0.0,4497.0,410.0,776,0.0,0.0,0.0,0.0,0.0,0.0,0.0,0.0,1865,0.0,520.0,0.0,2810,0.0,0.0,0.0,0.0,7200,7431,0.0,0.0,8400.0,5025,0.0,0.0,580.0,0.0
47,0.0,663,1875,0.0,0.0,234.0,14600.0,0.0,0.0,0.0,4497.0,410.0,776,0.0,0.0,0.0,0.0,0.0,0.0,0.0,0.0,1867,0.0,520.0,0.0,2790,0.0,0.0,0.0,0.0,7200,7431,0.0,0.0,8375.0,5025,0.0,0.0,560.0,0.0
46,0.0,663,1875,0.0,0.0,224.0,14538.0,0.0,0.0,0.0,4472.0,405.0,774,0.0,0.0,0.0,0.0,0.0,0.0,0.0,0.0,1867,0.0,530.0,0.0,2790,0.0,0.0,0.0,0.0,7150,7431,0.0,0.0,8325.0,5025,0.0,0.0,560.0,0.0
46,0.0,656,1875,0.0,0.0,224.0,14613.0,0.0,0.0,0.0,4497.0,400.0,777,0.0,0.0,0.0,0.0,0.0,0.0,0.0,0.0,1852,0.0,525.0,0.0,2785,0.0,0.0,0.0,0.0,7150,7452,0.0,0.0,8375.0,5025,0.0,0.0,560.0,0.0
45,0.0,663,1850,0.0,0.0,230.0,14613.0,0.0,0.0,0.0,4497.0,385.0,772,0.0,0.0,0.0,0.0,0.0,0.0,0.0,0.0,1845,0.0,525.0,0.0,2770,0.0,0.0,0.0,0.0,7000,7459,0.0,0.0,8375.0,4975,0.0,0.0,560.0,0.0
42,0.0,650,1875,0.0,0.0,230.0,13925.0,0.0,0.0,0.0,4597.0,385.0,765,0.0,0.0,0.0,0.0,0.0,0.0,0.0,0.0,1807,0.0,525.0,0.0,2765,0.0,0.0,0.0,0.0,7150,7479,0.0,0.0,8375.0,4850,0.0,0.0,560.0,0.0
46,0.0,659,1925,0.0,0.0,230.0,13700.0,0.0,0.0,0.0,4597.0,400.0,765,0.0,0.0,0.0,0.0,0.0,0.0,0.0,0.0,1810,0.0,525.0,0.0,2760,0.0,0.0,0.0,0.0,7150,7514,0.0,0.0,8425.0,4725,0.0,0.0,555.0,0.0
45,0.0,659,1925,0.0,0.0,230.0,13325.0,0.0,0.0,0.0,4597.0,415.0,765,0.0,0.0,0.0,0.0,0.0,0.0,0.0,0.0,1810,0.0,525.0,0.0,2760,0.0,0.0,0.0,0.0,7150,7514,0.0,0.0,8425.0,4725,0.0,0.0,555.0,0.0
45,0.0,659,1925,0.0,0.0,230.0,13300.0,0.0,0.0,0.0,4497.0,415.0,758,0.0,0.0,0.0,0.0,0.0,0.0,0.0,0.0,1810,0.0,525.0,0.0,2760,0.0,0.0,0.0,0.0,7050,7514,0.0,0.0,8450.0,4725,0.0,0.0,555.0,0.0
45,0.0,653,1925,0.0,0.0,230.0,13300.0,0.0,0.0,0.0,4497.0,410.0,769,0.0,0.0,0.0,0.0,0.0,0.0,0.0,0.0,1780,0.0,530.0,0.0,2720,0.0,0.0,0.0,0.0,7025,7376,0.0,0.0,8450.0,4600,0.0,0.0,556.0,0.0
45,0.0,653,1900,0.0,0.0,230.0,13300.0,0.0,0.0,0.0,4497.0,410.0,776,0.0,0.0,0.0,0.0,0.0,0.0,0.0,0.0,1790,0.0,525.0,0.0,2710,0.0,0.0,0.0,0.0,6975,7404,0.0,0.0,8450.0,4640,0.0,0.0,564.0,0.0
48,0.0,650,1900,0.0,0.0,230.0,13225.0,0.0,0.0,0.0,4522.0,410.0,776,0.0,0.0,0.0,0.0,0.0,0.0,0.0,0.0,1780,0.0,525.0,0.0,2720,0.0,0.0,0.0,0.0,7000,7397,0.0,0.0,8250.0,4765,0.0,0.0,560.0,0.0
45,0.0,650,1975,0.0,0.0,230.0,13288.0,0.0,0.0,0.0,4497.0,405.0,779,0.0,0.0,0.0,0.0,0.0,0.0,0.0,0.0,1780,0.0,530.0,0.0,2715,0.0,0.0,0.0,0.0,6900,7500,0.0,0.0,8325.0,4875,0.0,0.0,560.0,0.0
48,0.0,653,1975,0.0,0.0,230.0,13300.0,0.0,0.0,0.0,4507.0,400.0,779,0.0,0.0,0.0,0.0,0.0,0.0,0.0,0.0,1842,0.0,530.0,0.0,2740,0.0,0.0,0.0,0.0,6700,7610,0.0,0.0,8400.0,4950,0.0,0.0,554.0,0.0
50,0.0,659,1925,0.0,0.0,234.0,13300.0,0.0,0.0,0.0,4487.0,400.0,781,0.0,0.0,0.0,0.0,0.0,0.0,0.0,0.0,1840,0.0,525.0,0.0,2730,0.0,0.0,0.0,0.0,6625,7589,0.0,0.0,8500.0,5000,0.0,0.0,560.0,0.0
53,0.0,659,1950,0.0,0.0,234.0,13513.0,0.0,0.0,0.0,4507.0,400.0,786,0.0,0.0,0.0,0.0,0.0,0.0,0.0,0.0,1860,0.0,535.0,0.0,2720,0.0,0.0,0.0,0.0,6675,7624,0.0,0.0,8900.0,5125,0.0,0.0,560.0,0.0
57,0.0,659,1950,0.0,0.0,234.0,13775.0,0.0,0.0,0.0,4472.0,400.0,814,0.0,0.0,0.0,0.0,0.0,0.0,0.0,0.0,1870,0.0,560.0,0.0,2720,0.0,0.0,0.0,0.0,6900,7658,0.0,0.0,8600.0,5175,0.0,0.0,550.0,0.0
62,0.0,663,1950,0.0,0.0,234.0,13825.0,0.0,0.0,0.0,4422.0,400.0,814,0.0,0.0,0.0,0.0,0.0,0.0,0.0,0.0,1862,0.0,560.0,0.0,2720,0.0,0.0,0.0,0.0,7100,7637,0.0,0.0,8625.0,5175,0.0,0.0,552.0,0.0
57,0.0,656,2000,0.0,0.0,234.0,13900.0,0.0,0.0,0.0,4347.0,405.0,822,0.0,0.0,0.0,0.0,0.0,0.0,0.0,0.0,1855,0.0,545.0,0.0,2680,0.0,0.0,0.0,0.0,7125,7589,0.0,0.0,8550.0,5200,0.0,0.0,530.0,0.0
59,0.0,631,2000,0.0,0.0,234.0,14200.0,0.0,0.0,0.0,4322.0,420.0,821,0.0,0.0,0.0,0.0,0.0,0.0,0.0,0.0,1870,0.0,550.0,0.0,2700,0.0,0.0,0.0,0.0,6925,7624,0.0,0.0,8475.0,5325,0.0,0.0,532.0,0.0
68,0.0,634,2000,0.0,0.0,234.0,13925.0,0.0,0.0,0.0,4247.0,420.0,821,0.0,0.0,0.0,0.0,0.0,0.0,0.0,0.0,1885,0.0,535.0,0.0,2680,0.0,0.0,0.0,0.0,6975,7624,0.0,0.0,8400.0,5300,0.0,0.0,542.0,0.0
70,0.0,625,2000,0.0,0.0,230.0,13750.0,0.0,0.0,0.0,4172.0,415.0,822,0.0,0.0,0.0,0.0,0.0,0.0,0.0,0.0,1920,0.0,535.0,0.0,2675,0.0,0.0,0.0,0.0,7150,7679,0.0,0.0,8475.0,5225,0.0,0.0,544.0,0.0
67,0.0,638,1925,0.0,0.0,230.0,13750.0,0.0,0.0,0.0,4047.0,450.0,829,0.0,0.0,0.0,0.0,0.0,0.0,0.0,0.0,1950,0.0,540.0,0.0,2660,0.0,0.0,0.0,0.0,7200,7727,0.0,0.0,8525.0,5325,0.0,0.0,548.0,0.0
68,0.0,656,1925,0.0,0.0,230.0,13900.0,0.0,0.0,0.0,4047.0,460.0,830,0.0,0.0,0.0,0.0,0.0,0.0,0.0,0.0,1965,0.0,545.0,0.0,2675,0.0,0.0,0.0,0.0,7475,7740,0.0,0.0,8600.0,5350,0.0,0.0,540.0,0.0
69,0.0,659,1925,0.0,0.0,230.0,13813.0,0.0,0.0,0.0,4177.0,460.0,846,0.0,0.0,0.0,0.0,0.0,0.0,0.0,0.0,2000,0.0,545.0,0.0,2670,0.0,0.0,0.0,0.0,7275,7720,0.0,0.0,8625.0,5400,0.0,0.0,542.0,0.0
70,0.0,644,2000,0.0,0.0,230.0,13875.0,0.0,0.0,0.0,4222.0,460.0,844,0.0,0.0,0.0,0.0,0.0,0.0,0.0,0.0,2000,0.0,550.0,0.0,2720,0.0,0.0,0.0,0.0,7150,7692,0.0,0.0,8750.0,5400,0.0,0.0,552.0,0.0
70,0.0,631,2000,0.0,0.0,220.0,14050.0,0.0,0.0,0.0,4347.0,480.0,844,0.0,0.0,0.0,0.0,0.0,0.0,0.0,0.0,2020,0.0,550.0,0.0,2755,0.0,0.0,0.0,0.0,7200,7665,0.0,0.0,8800.0,5475,0.0,0.0,522.0,0.0
69,0.0,641,1925,0.0,0.0,220.0,13925.0,0.0,0.0,0.0,4347.0,500.0,844,0.0,0.0,0.0,0.0,0.0,0.0,0.0,0.0,2002,0.0,550.0,0.0,2750,0.0,0.0,0.0,0.0,7200,7624,0.0,0.0,8900.0,5500,0.0,0.0,512.0,0.0
68,0.0,641,2075,0.0,0.0,210.0,14150.0,0.0,0.0,0.0,4287.0,465.0,844,0.0,0.0,0.0,0.0,0.0,0.0,0.0,0.0,2002,0.0,540.0,0.0,2750,0.0,0.0,0.0,0.0,7200,7624,0.0,0.0,8950.0,5500,0.0,0.0,512.0,0.0
68,0.0,641,2075,0.0,0.0,210.0,14100.0,0.0,0.0,0.0,4247.0,485.0,856,0.0,0.0,0.0,0.0,0.0,0.0,0.0,0.0,2025,0.0,555.0,0.0,2770,0.0,0.0,0.0,0.0,7175,7747,0.0,0.0,8900.0,5600,0.0,0.0,502.0,0.0
66,0.0,625,1650,0.0,0.0,210.0,14100.0,0.0,0.0,0.0,4247.0,480.0,856,0.0,0.0,0.0,0.0,0.0,0.0,0.0,0.0,2045,0.0,555.0,0.0,2770,0.0,0.0,0.0,0.0,7175,7802,0.0,0.0,8900.0,5700,0.0,0.0,490.0,0.0
59,0.0,625,1650,0.0,0.0,210.0,13450.0,0.0,0.0,0.0,4242.0,480.0,856,0.0,0.0,0.0,0.0,0.0,0.0,0.0,0.0,2045,0.0,600.0,0.0,2770,0.0,0.0,0.0,0.0,7200,7802,0.0,0.0,8900.0,5700,0.0,0.0,490.0,0.0
59,0.0,619,1650,0.0,0.0,250.0,13225.0,0.0,0.0,0.0,4252.0,485.0,853,0.0,0.0,0.0,0.0,0.0,0.0,0.0,0.0,2050,0.0,620.0,0.0,2800,0.0,0.0,0.0,0.0,7225,7809,0.0,0.0,9050.0,5775,0.0,0.0,500.0,0.0
60,0.0,613,650,0.0,0.0,250.0,13225.0,0.0,0.0,0.0,4347.0,510.0,863,0.0,0.0,0.0,0.0,0.0,0.0,0.0,0.0,2110,0.0,620.0,0.0,2820,0.0,0.0,0.0,0.0,7325,7926,0.0,0.0,9050.0,5775,0.0,0.0,520.0,0.0
64,0.0,597,660,0.0,0.0,250.0,13163.0,0.0,0.0,0.0,4397.0,510.0,870,0.0,0.0,0.0,0.0,0.0,0.0,0.0,0.0,2120,0.0,625.0,0.0,2940,0.0,0.0,0.0,0.0,7250,7967,0.0,0.0,9025.0,5750,0.0,0.0,520.0,0.0
65,0.0,588,650,0.0,0.0,240.0,13175.0,0.0,0.0,0.0,4397.0,510.0,880,0.0,0.0,0.0,0.0,0.0,0.0,0.0,0.0,2095,0.0,625.0,0.0,2945,0.0,0.0,0.0,0.0,7350,7885,0.0,0.0,9300.0,5600,0.0,0.0,506.0,0.0
68,0.0,588,650,0.0,0.0,240.0,13250.0,0.0,0.0,0.0,4417.0,510.0,889,0.0,0.0,0.0,0.0,0.0,0.0,0.0,0.0,2090,0.0,625.0,0.0,2965,0.0,0.0,0.0,0.0,7525,7843,0.0,0.0,9250.0,5575,0.0,0.0,490.0,0.0
66,0.0,569,670,0.0,0.0,240.0,13050.0,0.0,0.0,0.0,4432.0,490.0,931,0.0,0.0,0.0,0.0,0.0,0.0,0.0,0.0,2120,0.0,625.0,0.0,2950,0.0,0.0,0.0,0.0,7550,7816,0.0,0.0,9150.0,5550,0.0,0.0,475.0,0.0
63,0.0,575,690,0.0,0.0,240.0,13250.0,0.0,0.0,0.0,4472.0,490.0,943,0.0,0.0,0.0,0.0,0.0,0.0,0.0,0.0,2120,0.0,625.0,0.0,2940,0.0,0.0,0.0,0.0,7450,7740,0.0,0.0,9075.0,5475,0.0,0.0,485.0,0.0
66,0.0,581,690,0.0,0.0,240.0,13400.0,0.0,0.0,0.0,4497.0,485.0,961,0.0,0.0,0.0,0.0,0.0,0.0,0.0,0.0,2170,0.0,625.0,0.0,2940,0.0,0.0,0.0,0.0,7500,7685,0.0,0.0,9100.0,5450,0.0,0.0,510.0,0.0
60,0.0,578,680,0.0,0.0,240.0,13775.0,0.0,0.0,0.0,4497.0,480.0,931,0.0,0.0,0.0,0.0,0.0,0.0,0.0,0.0,2170,0.0,630.0,0.0,2970,0.0,0.0,0.0,0.0,7300,7679,0.0,0.0,9075.0,5400,0.0,0.0,570.0,0.0
57,0.0,572,680,0.0,0.0,238.0,14000.0,0.0,0.0,0.0,4497.0,475.0,909,0.0,0.0,0.0,0.0,0.0,0.0,0.0,0.0,2150,0.0,625.0,0.0,2995,0.0,0.0,0.0,0.0,7175,7500,0.0,0.0,9175.0,5350,0.0,0.0,550.0,0.0
49,0.0,569,690,0.0,0.0,230.0,13900.0,0.0,0.0,0.0,4507.0,475.0,919,0.0,0.0,0.0,0.0,0.0,0.0,0.0,0.0,2147,0.0,630.0,0.0,2995,0.0,0.0,0.0,0.0,7125,7424,0.0,0.0,9175.0,5375,0.0,0.0,540.0,0.0
54,0.0,553,680,0.0,0.0,230.0,13500.0,0.0,0.0,0.0,4497.0,480.0,905,0.0,0.0,0.0,0.0,0.0,0.0,0.0,0.0,2147,0.0,630.0,0.0,2980,0.0,0.0,0.0,0.0,7275,7404,0.0,0.0,9150.0,5375,0.0,0.0,532.0,0.0
55,0.0,563,500,0.0,0.0,230.0,13300.0,0.0,0.0,0.0,4557.0,475.0,926,0.0,0.0,0.0,0.0,0.0,0.0,0.0,0.0,2140,0.0,630.0,0.0,2990,0.0,0.0,0.0,0.0,7250,7363,0.0,0.0,9100.0,5400,0.0,0.0,510.0,0.0
62,0.0,569,500,0.0,0.0,238.0,13000.0,0.0,0.0,0.0,4537.0,485.0,929,0.0,0.0,0.0,0.0,0.0,0.0,0.0,0.0,2140,0.0,630.0,0.0,3000,0.0,0.0,0.0,0.0,7100,7363,0.0,0.0,8925.0,5525,0.0,0.0,520.0,0.0
55,0.0,563,530,0.0,0.0,238.0,13375.0,0.0,0.0,0.0,4547.0,500.0,926,0.0,0.0,0.0,0.0,0.0,0.0,0.0,0.0,2140,0.0,630.0,0.0,3120,0.0,0.0,0.0,0.0,7000,7335,0.0,0.0,8875.0,5550,0.0,0.0,522.0,0.0
55,0.0,556,540,0.0,0.0,238.0,13500.0,0.0,0.0,0.0,4567.0,500.0,926,0.0,0.0,0.0,0.0,0.0,0.0,0.0,0.0,2130,0.0,630.0,0.0,3185,0.0,0.0,0.0,0.0,6950,7349,0.0,0.0,9000.0,5550,0.0,0.0,520.0,0.0
55,0.0,556,520,0.0,0.0,230.0,13475.0,0.0,0.0,0.0,4577.0,500.0,923,0.0,0.0,0.0,0.0,0.0,0.0,0.0,0.0,2050,0.0,650.0,0.0,3210,0.0,0.0,0.0,0.0,7025,7321,0.0,0.0,8975.0,5625,0.0,0.0,530.0,0.0
54,0.0,563,500,0.0,0.0,220.0,13400.0,0.0,0.0,0.0,4582.0,495.0,910,0.0,0.0,0.0,0.0,0.0,0.0,0.0,0.0,2035,0.0,650.0,0.0,3240,0.0,0.0,0.0,0.0,7025,7225,0.0,0.0,8800.0,5575,0.0,0.0,540.0,0.0
53,0.0,556,490,0.0,0.0,220.0,13400.0,0.0,0.0,0.0,4517.0,470.0,908,0.0,0.0,0.0,0.0,0.0,0.0,0.0,0.0,2020,0.0,655.0,0.0,3245,0.0,0.0,0.0,0.0,7475,7157,0.0,0.0,8825.0,5525,0.0,0.0,580.0,0.0
52,0.0,581,500,0.0,0.0,210.0,13450.0,0.0,0.0,0.0,4487.0,475.0,880,0.0,0.0,0.0,0.0,0.0,0.0,0.0,0.0,2050,0.0,650.0,0.0,3260,0.0,0.0,0.0,0.0,7325,7198,0.0,0.0,8825.0,5575,0.0,0.0,568.0,0.0
50,0.0,581,475,0.0,0.0,210.0,13250.0,0.0,0.0,0.0,4497.0,455.0,873,0.0,0.0,0.0,0.0,0.0,0.0,0.0,0.0,2000,0.0,650.0,0.0,3270,0.0,0.0,0.0,0.0,7125,7184,0.0,0.0,8775.0,5475,0.0,0.0,588.0,0.0
50,0.0,578,475,0.0,0.0,210.0,13338.0,0.0,0.0,0.0,4512.0,470.0,884,0.0,0.0,0.0,0.0,0.0,0.0,0.0,0.0,2050,0.0,645.0,0.0,3270,0.0,0.0,0.0,0.0,7250,7225,0.0,0.0,8775.0,5525,0.0,0.0,578.0,0.0
52,0.0,594,475,0.0,0.0,204.0,13400.0,0.0,0.0,0.0,4527.0,480.0,889,0.0,0.0,0.0,0.0,0.0,0.0,0.0,0.0,2100,0.0,650.0,0.0,3305,0.0,0.0,0.0,0.0,7500,7370,0.0,0.0,8700.0,5550,0.0,0.0,574.0,0.0
50,0.0,622,470,0.0,0.0,210.0,13250.0,0.0,0.0,0.0,4537.0,500.0,892,0.0,0.0,0.0,0.0,0.0,0.0,0.0,0.0,2135,0.0,655.0,0.0,3330,0.0,0.0,0.0,0.0,7575,7404,0.0,0.0,8725.0,5650,0.0,0.0,570.0,0.0
50,0.0,638,450,0.0,0.0,226.0,13275.0,0.0,0.0,0.0,4537.0,500.0,894,0.0,0.0,0.0,0.0,0.0,0.0,0.0,0.0,2135,0.0,655.0,0.0,3500,0.0,0.0,0.0,0.0,7900,7438,0.0,0.0,8750.0,5650,0.0,0.0,568.0,0.0
49,0.0,675,450,0.0,0.0,216.0,13163.0,0.0,0.0,0.0,4592.0,495.0,894,0.0,0.0,0.0,0.0,0.0,0.0,0.0,0.0,2130,0.0,660.0,0.0,3480,0.0,0.0,0.0,0.0,7825,7527,0.0,0.0,8900.0,5700,0.0,0.0,562.0,0.0
53,0.0,663,450,0.0,0.0,226.0,13250.0,0.0,0.0,0.0,4617.0,500.0,909,0.0,0.0,0.0,0.0,0.0,0.0,0.0,0.0,2130,0.0,670.0,0.0,3550,0.0,0.0,0.0,0.0,7650,7569,0.0,0.0,8975.0,5700,0.0,0.0,550.0,0.0
53,0.0,644,425,0.0,0.0,232.0,13588.0,0.0,0.0,0.0,4617.0,500.0,906,0.0,0.0,0.0,0.0,0.0,0.0,0.0,0.0,2132,0.0,680.0,0.0,3540,0.0,0.0,0.0,0.0,7600,7555,0.0,0.0,9000.0,5750,0.0,0.0,550.0,0.0
50,0.0,663,450,0.0,0.0,246.0,13575.0,0.0,0.0,0.0,4652.0,485.0,948,0.0,0.0,0.0,0.0,0.0,0.0,0.0,0.0,2140,0.0,670.0,0.0,3500,0.0,0.0,0.0,0.0,7800,7692,0.0,0.0,9000.0,5750,0.0,0.0,550.0,0.0
50,0.0,653,475,0.0,0.0,244.0,13538.0,0.0,0.0,0.0,4667.0,490.0,983,0.0,0.0,0.0,0.0,0.0,0.0,0.0,0.0,2142,0.0,685.0,0.0,3500,0.0,0.0,0.0,0.0,7800,7658,0.0,0.0,9025.0,5700,0.0,0.0,550.0,0.0
49,0.0,650,480,0.0,0.0,240.0,13500.0,0.0,0.0,0.0,4667.0,495.0,983,0.0,0.0,0.0,0.0,0.0,0.0,0.0,0.0,2125,0.0,685.0,0.0,3515,0.0,0.0,0.0,0.0,7800,7630,0.0,0.0,9200.0,5700,0.0,0.0,576.0,0.0
47,0.0,650,480,0.0,0.0,242.0,13250.0,0.0,0.0,0.0,4697.0,495.0,974,0.0,0.0,0.0,0.0,0.0,0.0,0.0,0.0,2125,0.0,680.0,0.0,3515,0.0,0.0,0.0,0.0,7550,7630,0.0,0.0,9450.0,5700,0.0,0.0,576.0,0.0
47,0.0,619,480,0.0,0.0,242.0,13125.0,0.0,0.0,0.0,4772.0,495.0,974,0.0,0.0,0.0,0.0,0.0,0.0,0.0,0.0,2070,0.0,675.0,0.0,3500,0.0,0.0,0.0,0.0,7450,7452,0.0,0.0,9600.0,5650,0.0,0.0,560.0,0.0
46,0.0,603,480,0.0,0.0,242.0,13125.0,0.0,0.0,0.0,4897.0,495.0,968,0.0,0.0,0.0,0.0,0.0,0.0,0.0,0.0,2075,0.0,680.0,0.0,3500,0.0,0.0,0.0,0.0,7450,7486,0.0,0.0,9600.0,5550,0.0,0.0,552.0,0.0
46,0.0,606,475,0.0,0.0,242.0,12738.0,0.0,0.0,0.0,5147.0,495.0,969,0.0,0.0,0.0,0.0,0.0,0.0,0.0,0.0,2065,0.0,690.0,0.0,3510,0.0,0.0,0.0,0.0,7500,7404,0.0,0.0,9500.0,5550,0.0,0.0,550.0,0.0
44,0.0,603,460,0.0,0.0,230.0,12513.0,0.0,0.0,0.0,4922.0,495.0,979,0.0,0.0,0.0,0.0,0.0,0.0,0.0,0.0,2067,0.0,690.0,0.0,3500,0.0,0.0,0.0,0.0,7500,7376,0.0,0.0,9525.0,5725,0.0,0.0,560.0,0.0
41,0.0,606,460,0.0,0.0,226.0,12175.0,0.0,0.0,0.0,5047.0,490.0,983,0.0,0.0,0.0,0.0,0.0,0.0,0.0,0.0,2100,0.0,675.0,0.0,3530,0.0,0.0,0.0,0.0,7575,7370,0.0,0.0,9600.0,5700,0.0,0.0,560.0,0.0
43,0.0,600,465,0.0,0.0,226.0,11938.0,0.0,0.0,0.0,5122.0,490.0,974,0.0,0.0,0.0,0.0,0.0,0.0,0.0,0.0,2165,0.0,700.0,0.0,3560,0.0,0.0,0.0,0.0,7575,7363,0.0,0.0,9625.0,5700,0.0,0.0,550.0,0.0
41,0.0,603,475,0.0,0.0,230.0,11800.0,0.0,0.0,0.0,5197.0,485.0,969,0.0,0.0,0.0,0.0,0.0,0.0,0.0,0.0,2190,0.0,700.0,0.0,3590,0.0,0.0,0.0,0.0,7775,7363,0.0,0.0,10000.0,5700,0.0,0.0,560.0,0.0
39,0.0,619,460,0.0,0.0,230.0,11725.0,0.0,0.0,0.0,5247.0,490.0,971,0.0,0.0,0.0,0.0,0.0,0.0,0.0,0.0,2230,0.0,700.0,0.0,3625,0.0,0.0,0.0,0.0,8400,7418,0.0,0.0,9950.0,5775,0.0,0.0,568.0,0.0
43,0.0,631,450,0.0,0.0,230.0,11400.0,0.0,0.0,0.0,5197.0,490.0,982,0.0,0.0,0.0,0.0,0.0,0.0,0.0,0.0,2235,0.0,700.0,0.0,3650,0.0,0.0,0.0,0.0,8300,7473,0.0,0.0,9925.0,5850,0.0,0.0,568.0,0.0
44,0.0,634,450,0.0,0.0,204.0,11400.0,0.0,0.0,0.0,5147.0,495.0,988,0.0,0.0,0.0,0.0,0.0,0.0,0.0,0.0,2230,0.0,695.0,0.0,3630,0.0,0.0,0.0,0.0,8050,7507,0.0,0.0,9975.0,5950,0.0,0.0,570.0,0.0
49,0.0,644,450,0.0,0.0,206.0,11150.0,0.0,0.0,0.0,5197.0,495.0,1003,0.0,0.0,0.0,0.0,0.0,0.0,0.0,0.0,2230,0.0,700.0,0.0,3640,0.0,0.0,0.0,0.0,8250,7500,0.0,0.0,10075.0,5925,0.0,0.0,568.0,0.0
47,0.0,628,445,0.0,0.0,214.0,10950.0,0.0,0.0,0.0,5222.0,490.0,1024,0.0,0.0,0.0,0.0,0.0,0.0,0.0,0.0,2220,0.0,700.0,0.0,3620,0.0,0.0,0.0,0.0,8100,7445,0.0,0.0,10050.0,5950,0.0,0.0,566.0,0.0
50,0.0,634,470,0.0,0.0,230.0,11100.0,0.0,0.0,0.0,5172.0,490.0,1024,0.0,0.0,0.0,0.0,0.0,0.0,0.0,0.0,2175,0.0,705.0,0.0,3615,0.0,0.0,0.0,0.0,7900,7431,0.0,0.0,10075.0,5950,0.0,0.0,570.0,0.0
52,0.0,625,450,0.0,0.0,214.0,11175.0,0.0,0.0,0.0,5122.0,490.0,1044,0.0,0.0,0.0,0.0,0.0,0.0,0.0,0.0,2150,0.0,710.0,0.0,3660,0.0,0.0,0.0,0.0,7550,7424,0.0,0.0,10125.0,5900,0.0,0.0,580.0,0.0
50,0.0,606,430,0.0,0.0,212.0,11425.0,0.0,0.0,0.0,5147.0,490.0,1042,0.0,0.0,0.0,0.0,0.0,0.0,0.0,0.0,2150,0.0,725.0,0.0,3655,0.0,0.0,0.0,0.0,7625,7383,0.0,0.0,10000.0,5800,0.0,0.0,584.0,0.0
50,0.0,606,430,0.0,0.0,212.0,11050.0,0.0,0.0,0.0,5097.0,495.0,1042,0.0,0.0,0.0,0.0,0.0,0.0,0.0,0.0,2140,0.0,750.0,0.0,3640,0.0,0.0,0.0,0.0,7450,7404,0.0,0.0,10000.0,5825,0.0,0.0,586.0,0.0
46,0.0,588,450,0.0,0.0,210.0,10400.0,0.0,0.0,0.0,4997.0,510.0,1037,0.0,0.0,0.0,0.0,0.0,0.0,0.0,0.0,2120,0.0,780.0,0.0,3640,0.0,0.0,0.0,0.0,7550,7390,0.0,0.0,9950.0,5825,0.0,0.0,584.0,0.0
50,0.0,581,450,0.0,0.0,210.0,10450.0,0.0,0.0,0.0,4987.0,495.0,1024,0.0,0.0,0.0,0.0,0.0,0.0,0.0,0.0,2120,0.0,800.0,0.0,3615,0.0,0.0,0.0,0.0,7550,7363,0.0,0.0,10025.0,5825,0.0,0.0,600.0,0.0
50,0.0,588,450,0.0,0.0,210.0,10263.0,0.0,0.0,0.0,5047.0,500.0,1028,0.0,0.0,0.0,0.0,0.0,0.0,0.0,0.0,2130,0.0,810.0,0.0,3600,0.0,0.0,0.0,0.0,7550,7363,0.0,0.0,10075.0,5850,0.0,0.0,650.0,0.0
49,0.0,594,450,0.0,0.0,202.0,10625.0,0.0,0.0,0.0,5147.0,540.0,1010,0.0,0.0,0.0,0.0,0.0,0.0,0.0,0.0,2142,0.0,820.0,0.0,3610,0.0,0.0,0.0,0.0,7475,7349,0.0,0.0,9975.0,5800,0.0,0.0,640.0,0.0
45,0.0,588,450,0.0,0.0,190.0,10900.0,0.0,0.0,0.0,5222.0,540.0,1034,0.0,0.0,0.0,0.0,0.0,0.0,0.0,0.0,2150,0.0,815.0,0.0,3615,0.0,0.0,0.0,0.0,7500,7266,0.0,0.0,10000.0,5900,0.0,0.0,632.0,0.0
48,0.0,600,450,0.0,0.0,208.0,11450.0,0.0,0.0,0.0,5247.0,545.0,1038,0.0,0.0,0.0,0.0,0.0,0.0,0.0,0.0,2180,0.0,820.0,0.0,3630,0.0,0.0,0.0,0.0,7475,7253,0.0,0.0,9975.0,5925,0.0,0.0,640.0,0.0
52,0.0,594,435,0.0,0.0,220.0,11150.0,0.0,0.0,0.0,5197.0,545.0,1080,0.0,0.0,0.0,0.0,0.0,0.0,0.0,0.0,2200,0.0,810.0,0.0,3660,0.0,0.0,0.0,0.0,7550,7184,0.0,0.0,9975.0,5875,0.0,0.0,640.0,0.0
50,0.0,594,435,0.0,0.0,210.0,11100.0,0.0,0.0,0.0,5147.0,550.0,1072,0.0,0.0,0.0,0.0,0.0,0.0,0.0,0.0,2190,0.0,860.0,0.0,3645,0.0,0.0,0.0,0.0,7500,7109,0.0,0.0,10050.0,5875,0.0,0.0,634.0,0.0
50,0.0,594,430,0.0,0.0,210.0,11100.0,0.0,0.0,0.0,5097.0,545.0,1073,0.0,0.0,0.0,0.0,0.0,0.0,0.0,0.0,2180,0.0,840.0,0.0,3650,0.0,0.0,0.0,0.0,7525,7115,0.0,0.0,10200.0,5900,0.0,0.0,634.0,0.0
50,0.0,581,430,0.0,0.0,210.0,11725.0,0.0,0.0,0.0,5197.0,545.0,1066,0.0,0.0,0.0,0.0,0.0,0.0,0.0,0.0,2200,0.0,800.0,0.0,3660,0.0,0.0,0.0,0.0,7500,7143,0.0,0.0,10175.0,5900,0.0,0.0,620.0,0.0
47,0.0,584,430,0.0,0.0,230.0,12000.0,0.0,0.0,0.0,5247.0,550.0,1080,0.0,0.0,0.0,0.0,0.0,0.0,0.0,0.0,2190,0.0,800.0,0.0,3655,0.0,0.0,0.0,0.0,7525,7184,0.0,0.0,10025.0,5925,0.0,0.0,632.0,0.0
43,0.0,584,450,0.0,0.0,250.0,11800.0,0.0,0.0,0.0,5222.0,545.0,1077,0.0,0.0,0.0,0.0,0.0,0.0,0.0,0.0,2170,0.0,806.0,0.0,3660,0.0,0.0,0.0,0.0,7575,7212,0.0,0.0,10025.0,5900,0.0,0.0,630.0,0.0
41,0.0,594,450,0.0,0.0,270.0,11800.0,0.0,0.0,0.0,5222.0,536.0,1094,0.0,0.0,0.0,0.0,0.0,0.0,0.0,0.0,2160,0.0,812.0,0.0,3700,0.0,0.0,0.0,0.0,7725,7218,0.0,0.0,10075.0,5875,0.0,0.0,614.0,0.0
45,0.0,613,450,0.0,0.0,260.0,11400.0,0.0,0.0,0.0,5222.0,546.0,1101,0.0,0.0,0.0,0.0,0.0,0.0,0.0,0.0,2177,0.0,824.0,0.0,3735,0.0,0.0,0.0,0.0,7725,7218,0.0,0.0,9975.0,5825,0.0,0.0,624.0,0.0
45,0.0,616,450,0.0,0.0,260.0,11600.0,0.0,0.0,0.0,5247.0,550.0,1108,0.0,0.0,0.0,0.0,0.0,0.0,0.0,0.0,2175,0.0,820.0,0.0,3840,0.0,0.0,0.0,0.0,7800,7218,0.0,0.0,9975.0,5775,0.0,0.0,634.0,0.0
41,0.0,616,450,0.0,0.0,260.0,11825.0,0.0,0.0,0.0,5296.0,580.0,1115,0.0,0.0,0.0,0.0,0.0,0.0,0.0,0.0,2180,0.0,820.0,0.0,3830,0.0,0.0,0.0,0.0,8000,7184,0.0,0.0,9950.0,5675,0.0,0.0,636.0,0.0
43,0.0,631,445,0.0,0.0,250.0,11850.0,0.0,0.0,0.0,5247.0,576.0,1101,0.0,0.0,0.0,0.0,0.0,0.0,0.0,0.0,2180,0.0,820.0,0.0,3800,0.0,0.0,0.0,0.0,8050,7205,0.0,0.0,9900.0,5525,0.0,0.0,648.0,0.0
36,0.0,622,445,0.0,0.0,250.0,11800.0,0.0,0.0,0.0,5247.0,570.0,1094,0.0,0.0,0.0,0.0,0.0,0.0,0.0,0.0,2180,0.0,820.0,0.0,3710,0.0,0.0,0.0,0.0,8175,7170,0.0,0.0,9800.0,5600,0.0,0.0,654.0,0.0
37,0.0,631,445,0.0,0.0,250.0,11913.0,0.0,0.0,0.0,5272.0,560.0,1114,0.0,0.0,0.0,0.0,0.0,0.0,0.0,0.0,2172,0.0,820.0,0.0,3720,0.0,0.0,0.0,0.0,8225,7150,0.0,0.0,9600.0,5600,0.0,0.0,680.0,0.0
36,0.0,634,440,0.0,0.0,242.0,11750.0,0.0,0.0,0.0,5321.0,564.0,1114,0.0,0.0,0.0,0.0,0.0,0.0,0.0,0.0,2160,0.0,830.0,0.0,3730,0.0,0.0,0.0,0.0,8325,7170,0.0,0.0,9500.0,5725,0.0,0.0,650.0,0.0
37,0.0,622,400,0.0,0.0,248.0,11888.0,0.0,0.0,0.0,5396.0,554.0,1103,0.0,0.0,0.0,0.0,0.0,0.0,0.0,0.0,2190,0.0,850.0,0.0,3750,0.0,0.0,0.0,0.0,8325,7225,0.0,0.0,9225.0,5825,0.0,0.0,684.0,0.0
36,0.0,647,405,0.0,0.0,268.0,11750.0,0.0,0.0,0.0,5421.0,558.0,1108,0.0,0.0,0.0,0.0,0.0,0.0,0.0,0.0,2195,0.0,850.0,0.0,3740,0.0,0.0,0.0,0.0,8400,7363,0.0,0.0,9500.0,5900,0.0,0.0,694.0,0.0
40,0.0,669,405,0.0,0.0,310.0,11750.0,0.0,0.0,0.0,5446.0,554.0,1100,0.0,0.0,0.0,0.0,0.0,0.0,0.0,0.0,2210,0.0,870.0,0.0,3730,0.0,0.0,0.0,0.0,8450,7383,0.0,0.0,9775.0,5900,0.0,0.0,750.0,0.0
36,0.0,672,425,0.0,0.0,290.0,11750.0,0.0,0.0,0.0,5521.0,550.0,1115,0.0,0.0,0.0,0.0,0.0,0.0,0.0,0.0,2200,0.0,866.0,0.0,3685,0.0,0.0,0.0,0.0,8475,7383,0.0,0.0,9950.0,5925,0.0,0.0,720.0,0.0
38,0.0,672,425,0.0,0.0,270.0,12050.0,0.0,0.0,0.0,5396.0,576.0,1101,0.0,0.0,0.0,0.0,0.0,0.0,0.0,0.0,2200,0.0,870.0,0.0,3670,0.0,0.0,0.0,0.0,8425,7363,0.0,0.0,10025.0,5900,0.0,0.0,688.0,0.0
37,0.0,672,425,0.0,0.0,276.0,11963.0,0.0,0.0,0.0,5446.0,594.0,1101,0.0,0.0,0.0,0.0,0.0,0.0,0.0,0.0,2210,0.0,850.0,0.0,3655,0.0,0.0,0.0,0.0,8400,7266,0.0,0.0,9950.0,5950,0.0,0.0,674.0,0.0
38,0.0,669,425,0.0,0.0,290.0,11750.0,0.0,0.0,0.0,5421.0,584.0,1094,0.0,0.0,0.0,0.0,0.0,0.0,0.0,0.0,2202,0.0,840.0,0.0,3630,0.0,0.0,0.0,0.0,8225,7191,0.0,0.0,9850.0,5975,0.0,0.0,672.0,0.0
42,0.0,659,425,0.0,0.0,290.0,11838.0,0.0,0.0,0.0,5421.0,590.0,1089,0.0,0.0,0.0,0.0,0.0,0.0,0.0,0.0,2180,0.0,800.0,0.0,3560,0.0,0.0,0.0,0.0,8200,7005,0.0,0.0,9650.0,5950,0.0,0.0,668.0,0.0
37,0.0,647,425,0.0,0.0,290.0,11850.0,0.0,0.0,0.0,5496.0,596.0,1080,0.0,0.0,0.0,0.0,0.0,0.0,0.0,0.0,2180,0.0,820.0,0.0,3550,0.0,0.0,0.0,0.0,8175,6896,0.0,0.0,9575.0,5950,0.0,0.0,650.0,0.0
36,0.0,641,430,0.0,0.0,280.0,11750.0,0.0,0.0,0.0,5546.0,598.0,1052,0.0,0.0,0.0,0.0,0.0,0.0,0.0,0.0,2182,0.0,820.0,0.0,3580,0.0,0.0,0.0,0.0,8025,6882,0.0,0.0,9525.0,5925,0.0,0.0,650.0,0.0
43,0.0,625,450,0.0,0.0,258.0,11675.0,0.0,0.0,0.0,5546.0,580.0,1046,0.0,0.0,0.0,0.0,0.0,0.0,0.0,0.0,2200,0.0,818.0,0.0,3580,0.0,0.0,0.0,0.0,8000,6882,0.0,0.0,9500.0,6000,0.0,0.0,656.0,0.0
43,0.0,644,450,0.0,0.0,260.0,11650.0,0.0,0.0,0.0,5471.0,590.0,1032,0.0,0.0,0.0,0.0,0.0,0.0,0.0,0.0,2200,0.0,818.0,0.0,3555,0.0,0.0,0.0,0.0,8000,6854,0.0,0.0,9400.0,6075,0.0,0.0,670.0,0.0
43,0.0,644,470,0.0,0.0,260.0,11663.0,0.0,0.0,0.0,5521.0,598.0,1042,0.0,0.0,0.0,0.0,0.0,0.0,0.0,0.0,2190,0.0,812.0,0.0,3500,0.0,0.0,0.0,0.0,8025,6614,0.0,0.0,9300.0,6075,0.0,0.0,670.0,0.0
43,0.0,647,475,0.0,0.0,260.0,11850.0,0.0,0.0,0.0,5446.0,594.0,1046,0.0,0.0,0.0,0.0,0.0,0.0,0.0,0.0,2165,0.0,800.0,0.0,3500,0.0,0.0,0.0,0.0,8000,6772,0.0,0.0,9375.0,6125,0.0,0.0,670.0,0.0
43,0.0,666,450,0.0,0.0,260.0,11950.0,0.0,0.0,0.0,5371.0,584.0,1049,0.0,0.0,0.0,0.0,0.0,0.0,0.0,0.0,2147,0.0,808.0,0.0,3525,0.0,0.0,0.0,0.0,8000,6703,0.0,0.0,9325.0,6150,0.0,0.0,660.0,0.0
41,0.0,659,450,0.0,0.0,260.0,11900.0,0.0,0.0,0.0,5296.0,580.0,1051,0.0,0.0,0.0,0.0,0.0,0.0,0.0,0.0,2130,0.0,798.0,0.0,3470,0.0,0.0,0.0,0.0,8000,6641,0.0,0.0,9400.0,6250,0.0,0.0,668.0,0.0
42,0.0,663,475,0.0,0.0,260.0,12150.0,0.0,0.0,0.0,5197.0,580.0,1046,0.0,0.0,0.0,0.0,0.0,0.0,0.0,0.0,2130,0.0,790.0,0.0,3435,0.0,0.0,0.0,0.0,7975,6635,0.0,0.0,9225.0,6375,0.0,0.0,660.0,0.0
42,0.0,650,475,0.0,0.0,260.0,12000.0,0.0,0.0,0.0,5047.0,580.0,1046,0.0,0.0,0.0,0.0,0.0,0.0,0.0,0.0,2100,0.0,790.0,0.0,3415,0.0,0.0,0.0,0.0,7975,6614,0.0,0.0,9300.0,6250,0.0,0.0,650.0,0.0
42,0.0,625,475,0.0,0.0,274.0,12000.0,0.0,0.0,0.0,5147.0,580.0,1052,0.0,0.0,0.0,0.0,0.0,0.0,0.0,0.0,2050,0.0,802.0,0.0,3390,0.0,0.0,0.0,0.0,7950,6635,0.0,0.0,9300.0,6300,0.0,0.0,640.0,0.0
41,0.0,625,460,0.0,0.0,274.0,11700.0,0.0,0.0,0.0,5172.0,572.0,1066,0.0,0.0,0.0,0.0,0.0,0.0,0.0,0.0,2050,0.0,824.0,0.0,3405,0.0,0.0,0.0,0.0,7925,6696,0.0,0.0,9200.0,6375,0.0,0.0,660.0,0.0
42,0.0,625,455,0.0,0.0,274.0,11400.0,0.0,0.0,0.0,5222.0,570.0,1073,0.0,0.0,0.0,0.0,0.0,0.0,0.0,0.0,2090,0.0,870.0,0.0,3410,0.0,0.0,0.0,0.0,7900,6717,0.0,0.0,9100.0,6550,0.0,0.0,660.0,0.0
44,0.0,623,460,0.0,0.0,280.0,11350.0,0.0,0.0,0.0,5172.0,572.0,1080,0.0,0.0,0.0,0.0,0.0,0.0,0.0,0.0,2080,0.0,898.0,0.0,3430,0.0,0.0,0.0,0.0,7975,6786,0.0,0.0,9225.0,6600,0.0,0.0,660.0,0.0
45,0.0,628,460,0.0,0.0,274.0,11275.0,0.0,0.0,0.0,5147.0,574.0,1072,0.0,0.0,0.0,0.0,0.0,0.0,0.0,0.0,2120,0.0,870.0,0.0,3540,0.0,0.0,0.0,0.0,7975,6882,0.0,0.0,9325.0,6625,0.0,0.0,656.0,0.0
43,0.0,628,455,0.0,0.0,274.0,11250.0,0.0,0.0,0.0,5072.0,586.0,1069,0.0,0.0,0.0,0.0,0.0,0.0,0.0,0.0,2100,0.0,870.0,0.0,3540,0.0,0.0,0.0,0.0,8000,6868,0.0,0.0,9400.0,6600,0.0,0.0,650.0,0.0
43,0.0,622,475,0.0,0.0,276.0,11200.0,0.0,0.0,0.0,5047.0,602.0,1066,0.0,0.0,0.0,0.0,0.0,0.0,0.0,0.0,2095,0.0,880.0,0.0,3540,0.0,0.0,0.0,0.0,8000,6868,0.0,0.0,9800.0,6400,0.0,0.0,642.0,0.0
42,0.0,638,465,0.0,0.0,250.0,11200.0,0.0,0.0,0.0,4972.0,630.0,1059,0.0,0.0,0.0,0.0,0.0,0.0,0.0,0.0,2100,0.0,920.0,0.0,3520,0.0,0.0,0.0,0.0,8000,6882,0.0,0.0,10000.0,6175,0.0,0.0,650.0,0.0
42,0.0,631,465,0.0,0.0,250.0,11150.0,0.0,0.0,0.0,4897.0,654.0,1066,0.0,0.0,0.0,0.0,0.0,0.0,0.0,0.0,2082,0.0,950.0,0.0,3490,0.0,0.0,0.0,0.0,8025,6621,0.0,0.0,9900.0,6000,0.0,0.0,630.0,0.0
41,0.0,625,465,0.0,0.0,250.0,11075.0,0.0,0.0,0.0,4917.0,680.0,1063,0.0,0.0,0.0,0.0,0.0,0.0,0.0,0.0,2080,0.0,960.0,0.0,3560,0.0,0.0,0.0,0.0,8050,6662,0.0,0.0,9750.0,6100,0.0,0.0,626.0,0.0
41,0.0,625,465,0.0,0.0,250.0,10900.0,0.0,0.0,0.0,4922.0,650.0,1066,0.0,0.0,0.0,0.0,0.0,0.0,0.0,0.0,2085,0.0,952.0,0.0,3580,0.0,0.0,0.0,0.0,8000,6696,0.0,0.0,9900.0,6075,0.0,0.0,638.0,0.0
41,0.0,625,465,0.0,0.0,234.0,11100.0,0.0,0.0,0.0,5022.0,630.0,1063,0.0,0.0,0.0,0.0,0.0,0.0,0.0,0.0,2050,0.0,950.0,0.0,3530,0.0,0.0,0.0,0.0,8100,6635,0.0,0.0,9750.0,6100,0.0,0.0,630.0,0.0
41,0.0,620,460,0.0,0.0,210.0,10950.0,0.0,0.0,0.0,5047.0,640.0,1066,0.0,0.0,0.0,0.0,0.0,0.0,0.0,0.0,2040,0.0,948.0,0.0,3540,0.0,0.0,0.0,0.0,8050,6648,0.0,0.0,9825.0,6225,0.0,0.0,634.0,0.0
41,0.0,622,460,0.0,0.0,216.0,10700.0,0.0,0.0,0.0,4997.0,642.0,1068,0.0,0.0,0.0,0.0,0.0,0.0,0.0,0.0,2040,0.0,940.0,0.0,3530,0.0,0.0,0.0,0.0,8025,6607,0.0,0.0,9825.0,6300,0.0,0.0,636.0,0.0
44,0.0,631,470,0.0,0.0,220.0,10375.0,0.0,0.0,0.0,4972.0,644.0,1080,0.0,0.0,0.0,0.0,0.0,0.0,0.0,0.0,2072,0.0,930.0,0.0,3495,0.0,0.0,0.0,0.0,8025,6635,0.0,0.0,10150.0,6325,0.0,0.0,636.0,0.0
44,0.0,634,465,0.0,0.0,216.0,10250.0,0.0,0.0,0.0,4947.0,640.0,1083,0.0,0.0,0.0,0.0,0.0,0.0,0.0,0.0,2042,0.0,920.0,0.0,3500,0.0,0.0,0.0,0.0,8025,6593,0.0,0.0,10250.0,6450,0.0,0.0,636.0,0.0
41,0.0,625,465,0.0,0.0,220.0,10125.0,0.0,0.0,0.0,4947.0,636.0,1083,0.0,0.0,0.0,0.0,0.0,0.0,0.0,0.0,2047,0.0,920.0,0.0,3490,0.0,0.0,0.0,0.0,8025,6374,0.0,0.0,10300.0,6350,0.0,0.0,632.0,0.0
41,0.0,625,455,0.0,0.0,220.0,10200.0,0.0,0.0,0.0,4947.0,630.0,1083,0.0,0.0,0.0,0.0,0.0,0.0,0.0,0.0,2047,0.0,914.0,0.0,3490,0.0,0.0,0.0,0.0,8100,6374,0.0,0.0,10275.0,6350,0.0,0.0,632.0,0.0
41,0.0,644,455,0.0,0.0,250.0,9950.0,0.0,0.0,0.0,4947.0,626.0,1066,0.0,0.0,0.0,0.0,0.0,0.0,0.0,0.0,2040,0.0,910.0,0.0,3520,0.0,0.0,0.0,0.0,8100,6593,0.0,0.0,10300.0,6450,0.0,0.0,636.0,0.0
41,0.0,644,455,0.0,0.0,260.0,9950.0,0.0,0.0,0.0,4947.0,610.0,1063,0.0,0.0,0.0,0.0,0.0,0.0,0.0,0.0,2037,0.0,910.0,0.0,3500,0.0,0.0,0.0,0.0,8100,6676,0.0,0.0,10300.0,6475,0.0,0.0,638.0,0.0
41,0.0,644,455,0.0,0.0,260.0,10300.0,0.0,0.0,0.0,4947.0,610.0,1066,0.0,0.0,0.0,0.0,0.0,0.0,0.0,0.0,2060,0.0,914.0,0.0,3510,0.0,0.0,0.0,0.0,8075,6545,0.0,0.0,10200.0,6300,0.0,0.0,640.0,0.0
40,0.0,678,450,0.0,0.0,262.0,10800.0,0.0,0.0,0.0,4957.0,600.0,1065,0.0,0.0,0.0,0.0,0.0,0.0,0.0,0.0,2075,0.0,920.0,0.0,3530,0.0,0.0,0.0,0.0,8125,6552,0.0,0.0,10125.0,6425,0.0,0.0,640.0,0.0
40,0.0,675,450,0.0,0.0,250.0,11375.0,0.0,0.0,0.0,4957.0,600.0,1066,0.0,0.0,0.0,0.0,0.0,0.0,0.0,0.0,2060,0.0,920.0,0.0,3480,0.0,0.0,0.0,0.0,8100,6676,0.0,0.0,9975.0,6275,0.0,0.0,638.0,0.0
40,0.0,688,450,0.0,0.0,240.0,12150.0,0.0,0.0,0.0,4997.0,600.0,1066,0.0,0.0,0.0,0.0,0.0,0.0,0.0,0.0,2065,0.0,920.0,0.0,3485,0.0,0.0,0.0,0.0,8125,6758,0.0,0.0,10050.0,6375,0.0,0.0,646.0,0.0
40,0.0,688,450,0.0,0.0,250.0,12650.0,0.0,0.0,0.0,4987.0,604.0,1065,0.0,0.0,0.0,0.0,0.0,0.0,0.0,0.0,2070,0.0,936.0,0.0,3500,0.0,0.0,0.0,0.0,8175,6841,0.0,0.0,10000.0,6450,0.0,0.0,648.0,0.0
40,0.0,675,440,0.0,0.0,268.0,12700.0,0.0,0.0,0.0,4997.0,604.0,1066,0.0,0.0,0.0,0.0,0.0,0.0,0.0,0.0,2060,0.0,952.0,0.0,3480,0.0,0.0,0.0,0.0,8225,6868,0.0,0.0,9975.0,6500,0.0,0.0,646.0,0.0
40,0.0,666,440,0.0,0.0,260.0,12700.0,0.0,0.0,0.0,4997.0,606.0,1073,0.0,0.0,0.0,0.0,0.0,0.0,0.0,0.0,2062,0.0,970.0,0.0,3485,0.0,0.0,0.0,0.0,8300,7033,0.0,0.0,10050.0,6500,0.0,0.0,652.0,0.0
41,0.0,672,425,0.0,0.0,258.0,13038.0,0.0,0.0,0.0,4997.0,616.0,1066,0.0,0.0,0.0,0.0,0.0,0.0,0.0,0.0,2077,0.0,964.0,0.0,3495,0.0,0.0,0.0,0.0,8375,7102,0.0,0.0,10025.0,6525,0.0,0.0,654.0,0.0
41,0.0,675,440,0.0,0.0,260.0,12800.0,0.0,0.0,0.0,4977.0,624.0,1069,0.0,0.0,0.0,0.0,0.0,0.0,0.0,0.0,2077,0.0,964.0,0.0,3495,0.0,0.0,0.0,0.0,8250,7102,0.0,0.0,10050.0,6400,0.0,0.0,654.0,0.0
40,0.0,675,430,0.0,0.0,256.0,13200.0,0.0,0.0,0.0,4997.0,674.0,1066,0.0,0.0,0.0,0.0,0.0,0.0,0.0,0.0,2070,0.0,966.0,0.0,3490,0.0,0.0,0.0,0.0,8250,7136,0.0,0.0,10225.0,6350,0.0,0.0,650.0,0.0
40,0.0,674,460,0.0,0.0,254.0,13613.0,0.0,0.0,0.0,4972.0,680.0,1094,0.0,0.0,0.0,0.0,0.0,0.0,0.0,0.0,2090,0.0,970.0,0.0,3500,0.0,0.0,0.0,0.0,8320,7181,0.0,0.0,10200.0,6400,0.0,0.0,644.0,0.0
40,0.0,675,465,0.0,0.0,266.0,13600.0,0.0,0.0,0.0,4897.0,670.0,1087,0.0,0.0,0.0,0.0,0.0,0.0,0.0,0.0,2120,0.0,980.0,0.0,3580,0.0,0.0,0.0,0.0,8440,7154,0.0,0.0,10350.0,6400,0.0,0.0,660.0,0.0
40,0.0,688,465,0.0,0.0,280.0,13750.0,0.0,0.0,0.0,4907.0,664.0,1101,0.0,0.0,0.0,0.0,0.0,0.0,0.0,0.0,2160,0.0,1000.0,0.0,3656,0.0,0.0,0.0,0.0,8700,7099,0.0,0.0,10800.0,6320,0.0,0.0,651.0,0.0
41,0.0,706,465,0.0,0.0,290.0,13400.0,0.0,0.0,0.0,4872.0,684.0,1100,0.0,0.0,0.0,0.0,0.0,0.0,0.0,0.0,2200,0.0,1000.0,0.0,3712,0.0,0.0,0.0,0.0,8590,7121,0.0,0.0,10800.0,6400,0.0,0.0,670.0,0.0
40,0.0,694,465,0.0,0.0,294.0,13020.0,0.0,0.0,0.0,4917.0,673.0,1108,0.0,0.0,0.0,0.0,0.0,0.0,0.0,0.0,2160,0.0,1025.0,0.0,3752,0.0,0.0,0.0,0.0,8620,7055,0.0,0.0,10800.0,6300,0.0,0.0,661.0,0.0
40,0.0,700,450,0.0,0.0,290.0,13350.0,0.0,0.0,850.0,4912.0,666.0,1136,0.0,0.0,0.0,0.0,0.0,0.0,0.0,0.0,2196,0.0,1060.0,0.0,3880,0.0,0.0,0.0,0.0,8700,6934,0.0,0.0,10900.0,6290,0.0,0.0,675.0,0.0
40,0.0,744,445,0.0,0.0,290.0,13000.0,0.0,0.0,870.0,4917.0,668.0,1183,0.0,0.0,0.0,0.0,0.0,0.0,0.0,0.0,2254,0.0,1070.0,0.0,3900,0.0,0.0,0.0,0.0,8770,7027,0.0,0.0,10620.0,6300,0.0,0.0,700.0,0.0
40,0.0,750,460,0.0,0.0,280.0,12840.0,0.0,0.0,900.0,4697.0,662.0,1150,0.0,0.0,0.0,0.0,0.0,0.0,0.0,0.0,2320,0.0,1025.0,0.0,3972,0.0,0.0,0.0,0.0,8700,6940,0.0,0.0,10580.0,6440,0.0,0.0,708.0,0.0
44,0.0,725,450,0.0,0.0,270.0,12650.0,0.0,0.0,875.0,4797.0,665.0,1176,0.0,0.0,0.0,0.0,0.0,0.0,0.0,0.0,2250,0.0,1050.0,0.0,3840,0.0,0.0,0.0,0.0,8500,6467,0.0,0.0,10980.0,6200,0.0,0.0,695.0,0.0
44,0.0,721,460,0.0,0.0,276.0,12450.0,0.0,0.0,887.0,4697.0,670.0,1122,0.0,0.0,0.0,0.0,0.0,0.0,0.0,0.0,2300,0.0,1000.0,0.0,3920,0.0,0.0,0.0,0.0,7900,6401,0.0,0.0,11100.0,6300,0.0,0.0,700.0,0.0
43,0.0,688,460,0.0,0.0,274.0,12500.0,0.0,0.0,850.0,4147.0,674.0,1044,0.0,0.0,0.0,0.0,0.0,0.0,0.0,0.0,2200,0.0,825.0,0.0,3740,0.0,0.0,0.0,0.0,7150,5769,0.0,0.0,10500.0,5900,0.0,0.0,680.0,0.0
40,0.0,625,475,0.0,0.0,280.0,11600.0,0.0,0.0,775.0,4217.0,650.0,1136,0.0,0.0,0.0,0.0,0.0,0.0,0.0,0.0,1860,0.0,1030.0,0.0,3296,0.0,0.0,0.0,0.0,7430,4808,0.0,0.0,10960.0,4960,0.0,0.0,570.0,0.0
39,0.0,638,450,0.0,0.0,270.0,10600.0,0.0,0.0,840.0,3997.0,660.0,1098,0.0,0.0,0.0,0.0,0.0,0.0,0.0,0.0,1930,0.0,1000.0,0.0,3660,0.0,0.0,0.0,0.0,7290,5549,0.0,0.0,10400.0,5700,0.0,0.0,630.0,0.0
39,0.0,613,450,0.0,0.0,230.0,10250.0,0.0,0.0,820.0,4597.0,620.0,1115,0.0,0.0,0.0,0.0,0.0,0.0,0.0,0.0,1860,0.0,1010.0,0.0,3532,0.0,0.0,0.0,0.0,7400,5357,0.0,0.0,9000.0,5550,0.0,0.0,600.0,0.0
34,0.0,606,475,0.0,0.0,230.0,10500.0,0.0,0.0,835.0,4747.0,550.0,1122,0.0,0.0,0.0,0.0,0.0,0.0,0.0,0.0,2040,0.0,1010.0,0.0,3740,0.0,0.0,0.0,0.0,7800,5714,0.0,0.0,9700.0,5800,0.0,0.0,610.0,0.0
40,0.0,613,475,0.0,0.0,270.0,10300.0,0.0,0.0,840.0,4897.0,600.0,1136,0.0,0.0,0.0,0.0,0.0,0.0,0.0,0.0,2120,0.0,1000.0,0.0,3920,0.0,0.0,0.0,0.0,7800,5989,0.0,0.0,9700.0,6050,0.0,0.0,620.0,0.0
36,0.0,600,490,0.0,0.0,250.0,10350.0,0.0,0.0,855.0,4722.0,605.0,1145,0.0,0.0,0.0,0.0,0.0,0.0,0.0,0.0,2160,0.0,1025.0,0.0,3900,0.0,0.0,0.0,0.0,7920,6044,0.0,0.0,10100.0,6180,0.0,0.0,650.0,0.0
36,0.0,606,490,0.0,0.0,250.0,10350.0,0.0,0.0,865.0,4697.0,630.0,1129,0.0,0.0,0.0,0.0,0.0,0.0,0.0,0.0,2200,0.0,1000.0,0.0,3884,0.0,0.0,0.0,0.0,7930,6126,0.0,0.0,10540.0,6160,0.0,0.0,640.0,0.0
36,0.0,603,490,0.0,0.0,250.0,10300.0,0.0,0.0,840.0,4657.0,670.0,1053,0.0,0.0,0.0,0.0,0.0,0.0,0.0,0.0,2180,0.0,990.0,0.0,3912,0.0,0.0,0.0,0.0,7820,5879,0.0,0.0,10600.0,6140,0.0,0.0,650.0,0.0
38,0.0,588,490,0.0,0.0,250.0,10250.0,0.0,0.0,785.0,4672.0,670.0,1096,0.0,0.0,0.0,0.0,0.0,0.0,0.0,0.0,2104,0.0,1000.0,0.0,3892,0.0,0.0,0.0,0.0,7820,5555,0.0,0.0,10700.0,5800,0.0,0.0,636.0,0.0
41,0.0,588,490,0.0,0.0,250.0,10050.0,0.0,0.0,785.0,4687.0,675.0,1122,0.0,0.0,0.0,0.0,0.0,0.0,0.0,0.0,2130,0.0,985.0,0.0,3880,0.0,0.0,0.0,0.0,7800,5577,0.0,0.0,10780.0,5880,0.0,0.0,640.0,0.0
41,0.0,588,490,0.0,0.0,235.0,9850.0,0.0,0.0,808.0,4647.0,680.0,1115,0.0,0.0,0.0,0.0,0.0,0.0,0.0,0.0,2160,0.0,995.0,0.0,3868,0.0,0.0,0.0,0.0,7600,5577,0.0,0.0,10500.0,5790,0.0,0.0,645.0,0.0
41,0.0,581,490,0.0,0.0,230.0,9770.0,0.0,0.0,799.0,4652.0,630.0,1111,0.0,0.0,0.0,0.0,0.0,0.0,0.0,0.0,2132,0.0,1020.0,0.0,3820,0.0,0.0,0.0,0.0,7550,5429,0.0,0.0,10600.0,5610,0.0,0.0,645.0,0.0
41,0.0,578,500,0.0,0.0,230.0,9800.0,0.0,0.0,785.0,4497.0,630.0,1108,0.0,0.0,0.0,0.0,0.0,0.0,0.0,0.0,2140,0.0,1000.0,0.0,3808,0.0,0.0,0.0,0.0,7200,5379,0.0,0.0,10860.0,5580,0.0,0.0,645.0,0.0
41,0.0,563,500,0.0,0.0,230.0,9650.0,0.0,0.0,775.0,4527.0,619.0,1114,0.0,0.0,0.0,0.0,0.0,0.0,0.0,0.0,2072,0.0,1010.0,0.0,3800,0.0,0.0,0.0,0.0,7160,5055,0.0,0.0,10380.0,5500,0.0,0.0,630.0,0.0
41,0.0,563,500,0.0,0.0,250.0,9570.0,0.0,0.0,770.0,4497.0,611.0,1112,0.0,0.0,0.0,0.0,0.0,0.0,0.0,0.0,2080,0.0,1000.0,0.0,3800,0.0,0.0,0.0,0.0,7150,5192,0.0,0.0,10520.0,5570,0.0,0.0,630.0,0.0
41,0.0,548,480,0.0,0.0,255.0,9330.0,0.0,0.0,765.0,4197.0,615.0,1108,0.0,0.0,0.0,0.0,0.0,0.0,0.0,0.0,2090,0.0,1000.0,0.0,3840,0.0,0.0,0.0,0.0,7200,5209,0.0,0.0,10000.0,5670,0.0,0.0,625.0,0.0
41,0.0,568,480,0.0,0.0,246.0,9500.0,0.0,0.0,760.0,4217.0,575.0,1119,0.0,0.0,0.0,0.0,0.0,0.0,0.0,0.0,2080,0.0,1010.0,0.0,3860,0.0,0.0,0.0,0.0,7300,5203,0.0,0.0,10500.0,5660,0.0,0.0,625.0,0.0
42,0.0,572,460,0.0,0.0,240.0,9600.0,0.0,0.0,760.0,4167.0,595.0,1122,0.0,0.0,0.0,0.0,0.0,0.0,0.0,0.0,2098,0.0,1010.0,0.0,3852,0.0,0.0,0.0,0.0,7320,5253,0.0,0.0,10500.0,5680,0.0,0.0,645.0,0.0
42,0.0,575,460,0.0,0.0,240.0,9800.0,0.0,0.0,767.0,4167.0,600.0,1122,0.0,0.0,0.0,0.0,0.0,0.0,0.0,0.0,2072,0.0,1010.0,0.0,3848,0.0,0.0,0.0,0.0,7320,5082,0.0,0.0,10620.0,5750,0.0,0.0,640.0,0.0
46,0.0,575,455,0.0,0.0,250.0,9650.0,0.0,0.0,767.0,4167.0,590.0,1122,0.0,0.0,0.0,0.0,0.0,0.0,0.0,0.0,2072,0.0,1010.0,0.0,3848,0.0,0.0,0.0,0.0,7320,5082,0.0,0.0,10880.0,5750,0.0,0.0,640.0,0.0
46,0.0,575,455,0.0,0.0,235.0,9650.0,0.0,0.0,767.0,4062.0,590.0,1126,0.0,0.0,0.0,0.0,0.0,0.0,0.0,0.0,2072,0.0,990.0,0.0,3848,0.0,0.0,0.0,0.0,7550,5082,0.0,0.0,10800.0,5750,0.0,0.0,640.0,0.0
46,0.0,563,455,0.0,0.0,250.0,9650.0,0.0,0.0,720.0,4072.0,585.0,1136,0.0,0.0,0.0,0.0,0.0,0.0,0.0,0.0,2048,0.0,975.0,0.0,3844,0.0,0.0,0.0,0.0,7650,5330,0.0,0.0,10800.0,5190,0.0,0.0,600.0,0.0
45,0.0,562,470,0.0,0.0,250.0,9650.0,0.0,0.0,725.0,3997.0,585.0,1143,0.0,0.0,0.0,0.0,0.0,0.0,0.0,0.0,2100,0.0,975.0,0.0,3864,0.0,0.0,0.0,0.0,7570,5495,0.0,0.0,10800.0,5130,0.0,0.0,600.0,0.0
41,0.0,558,450,0.0,0.0,250.0,9050.0,0.0,0.0,718.0,4047.0,585.0,1164,0.0,0.0,0.0,0.0,0.0,0.0,0.0,0.0,2120,0.0,985.0,0.0,3864,0.0,0.0,0.0,0.0,7610,5549,0.0,0.0,10820.0,4895,0.0,0.0,610.0,0.0
41,0.0,569,450,0.0,0.0,245.0,8750.0,0.0,0.0,712.0,4022.0,580.0,1178,0.0,0.0,0.0,0.0,0.0,0.0,0.0,0.0,2102,0.0,1000.0,0.0,3880,0.0,0.0,0.0,0.0,7610,5566,0.0,0.0,11180.0,4805,0.0,0.0,602.0,0.0
41,0.0,581,450,0.0,0.0,240.0,8400.0,0.0,0.0,695.0,3997.0,585.0,1206,0.0,0.0,0.0,0.0,0.0,0.0,0.0,0.0,2126,0.0,950.0,0.0,3912,0.0,0.0,0.0,0.0,7550,5599,0.0,0.0,11000.0,4960,0.0,0.0,620.0,0.0
41,0.0,581,455,0.0,0.0,220.0,8100.0,0.0,0.0,700.0,3997.0,565.0,1173,0.0,0.0,0.0,0.0,0.0,0.0,0.0,0.0,2120,0.0,970.0,0.0,3960,0.0,0.0,0.0,0.0,7500,5560,0.0,0.0,10800.0,5100,0.0,0.0,620.0,0.0
41,0.0,581,455,0.0,0.0,220.0,8100.0,0.0,0.0,690.0,3977.0,565.0,1133,0.0,0.0,0.0,0.0,0.0,0.0,0.0,0.0,2120,0.0,900.0,0.0,3940,0.0,0.0,0.0,0.0,7480,5577,0.0,0.0,10960.0,5020,0.0,0.0,620.0,0.0
41,0.0,575,450,0.0,0.0,220.0,8000.0,0.0,0.0,650.0,3977.0,565.0,1140,0.0,0.0,0.0,0.0,0.0,0.0,0.0,0.0,2116,0.0,910.0,0.0,3900,0.0,0.0,0.0,0.0,7350,5385,0.0,0.0,10620.0,4900,0.0,0.0,615.0,0.0
41,0.0,575,445,0.0,0.0,220.0,7870.0,0.0,0.0,660.0,3957.0,570.0,1153,0.0,0.0,0.0,0.0,0.0,0.0,0.0,0.0,2090,0.0,940.0,0.0,3900,0.0,0.0,0.0,0.0,7330,5385,0.0,0.0,10640.0,5010,0.0,0.0,615.0,0.0
41,0.0,575,445,0.0,0.0,220.0,7600.0,0.0,0.0,645.0,3907.0,570.0,1136,0.0,0.0,0.0,0.0,0.0,0.0,0.0,0.0,2070,0.0,920.0,0.0,3908,0.0,0.0,0.0,0.0,7400,5500,0.0,0.0,10580.0,4985,0.0,0.0,620.0,0.0
38,0.0,563,445,0.0,0.0,220.0,7620.0,0.0,0.0,645.0,3782.0,565.0,1131,0.0,0.0,0.0,0.0,0.0,0.0,0.0,0.0,2070,0.0,900.0,0.0,3880,0.0,0.0,0.0,0.0,7330,5412,0.0,0.0,10660.0,4980,0.0,0.0,600.0,0.0
38,0.0,563,445,0.0,0.0,220.0,7600.0,0.0,0.0,640.0,3748.0,575.0,1129,0.0,0.0,0.0,0.0,0.0,0.0,0.0,0.0,2060,0.0,910.0,0.0,3796,0.0,0.0,0.0,0.0,7350,5247,0.0,0.0,10700.0,4760,0.0,0.0,592.0,0.0
43,0.0,544,440,0.0,0.0,220.0,7680.0,0.0,0.0,640.0,3797.0,595.0,1150,0.0,0.0,0.0,0.0,0.0,0.0,0.0,0.0,2060,0.0,910.0,0.0,3716,0.0,0.0,0.0,0.0,7350,5275,0.0,0.0,10620.0,4660,0.0,0.0,605.0,0.0
43,0.0,550,440,0.0,0.0,220.0,7880.0,0.0,0.0,670.0,3797.0,600.0,1150,0.0,0.0,0.0,0.0,0.0,0.0,0.0,0.0,2086,0.0,910.0,0.0,3716,0.0,0.0,0.0,0.0,7350,5330,0.0,0.0,10660.0,4770,0.0,0.0,605.0,0.0
43,0.0,550,440,0.0,0.0,199.0,7940.0,0.0,0.0,670.0,3947.0,595.0,1150,0.0,0.0,0.0,0.0,0.0,0.0,0.0,0.0,2086,0.0,900.0,0.0,3716,0.0,0.0,0.0,0.0,7480,5330,0.0,0.0,10700.0,4770,0.0,0.0,605.0,0.0
43,0.0,550,440,0.0,0.0,199.0,7960.0,0.0,0.0,680.0,3942.0,575.0,1143,0.0,0.0,0.0,0.0,0.0,0.0,0.0,0.0,2140,0.0,890.0,0.0,3728,0.0,0.0,0.0,0.0,7500,5440,0.0,0.0,10760.0,5050,0.0,0.0,610.0,0.0
43,0.0,556,450,0.0,0.0,199.0,7960.0,0.0,0.0,690.0,3922.0,580.0,1110,0.0,0.0,0.0,0.0,0.0,0.0,0.0,0.0,2130,0.0,880.0,0.0,3720,0.0,0.0,0.0,0.0,6970,5522,0.0,0.0,10760.0,5120,0.0,0.0,605.0,0.0
38,0.0,544,445,0.0,0.0,199.0,8700.0,0.0,0.0,683.0,3902.0,580.0,1108,0.0,0.0,0.0,0.0,0.0,0.0,0.0,0.0,2052,0.0,849.0,0.0,3716,0.0,0.0,0.0,0.0,6950,5341,0.0,0.0,10740.0,4980,0.0,0.0,600.0,0.0
38,0.0,544,440,0.0,0.0,220.0,9050.0,0.0,0.0,700.0,3997.0,590.0,1094,0.0,0.0,0.0,0.0,0.0,0.0,0.0,0.0,2120,0.0,800.0,0.0,3716,0.0,0.0,0.0,0.0,6670,5313,0.0,0.0,10960.0,5000,0.0,0.0,600.0,0.0
38,0.0,563,440,0.0,0.0,220.0,9150.0,0.0,0.0,690.0,3957.0,590.0,1086,0.0,0.0,0.0,0.0,0.0,0.0,0.0,0.0,2100,0.0,800.0,0.0,3740,0.0,0.0,0.0,0.0,6590,5429,0.0,0.0,10760.0,5000,0.0,0.0,620.0,0.0
35,0.0,556,445,0.0,0.0,210.0,9590.0,0.0,0.0,680.0,3957.0,585.0,1086,0.0,0.0,0.0,0.0,0.0,0.0,0.0,0.0,2110,0.0,800.0,0.0,3728,0.0,0.0,0.0,0.0,6590,5423,0.0,0.0,10620.0,4980,0.0,0.0,600.0,0.0
35,0.0,556,445,0.0,0.0,205.0,9950.0,0.0,0.0,680.0,3957.0,580.0,1086,0.0,0.0,0.0,0.0,0.0,0.0,0.0,0.0,2110,0.0,800.0,0.0,3728,0.0,0.0,0.0,0.0,6590,5423,0.0,0.0,10660.0,4980,0.0,0.0,600.0,0.0
35,0.0,556,445,0.0,0.0,210.0,10250.0,0.0,0.0,680.0,3967.0,580.0,1103,0.0,0.0,0.0,0.0,0.0,0.0,0.0,0.0,2110,0.0,850.0,0.0,3728,0.0,0.0,0.0,0.0,6600,5423,0.0,0.0,10600.0,4980,0.0,0.0,600.0,0.0
35,0.0,575,445,0.0,0.0,208.0,10250.0,0.0,0.0,670.0,4057.0,580.0,1142,0.0,0.0,0.0,0.0,0.0,0.0,0.0,0.0,2120,0.0,860.0,0.0,3728,0.0,0.0,0.0,0.0,6700,5467,0.0,0.0,10600.0,5000,0.0,0.0,610.0,0.0
35,0.0,575,445,0.0,0.0,208.0,10250.0,0.0,0.0,680.0,3997.0,580.0,1136,0.0,0.0,0.0,0.0,0.0,0.0,0.0,0.0,2124,0.0,840.0,0.0,3760,0.0,0.0,0.0,0.0,6500,5456,0.0,0.0,10600.0,5100,0.0,0.0,625.0,0.0
35,0.0,581,445,0.0,0.0,208.0,10200.0,0.0,0.0,678.0,3997.0,580.0,1136,0.0,0.0,0.0,0.0,0.0,0.0,0.0,0.0,2140,0.0,840.0,0.0,3744,0.0,0.0,0.0,0.0,6500,5396,0.0,0.0,10760.0,5100,0.0,0.0,630.0,0.0
35,0.0,581,450,0.0,0.0,208.0,9750.0,0.0,0.0,678.0,3997.0,595.0,1136,0.0,0.0,0.0,0.0,0.0,0.0,0.0,0.0,2140,0.0,840.0,0.0,3744,0.0,0.0,0.0,0.0,6500,5396,0.0,0.0,10800.0,5100,0.0,0.0,630.0,0.0
35,0.0,581,450,0.0,0.0,200.0,9750.0,0.0,0.0,678.0,3947.0,590.0,1080,0.0,0.0,0.0,0.0,0.0,0.0,0.0,0.0,2140,0.0,835.0,0.0,3744,0.0,0.0,0.0,0.0,6570,5396,0.0,0.0,10800.0,5100,0.0,0.0,630.0,0.0
35,0.0,575,450,0.0,0.0,200.0,9750.0,0.0,0.0,675.0,3952.0,595.0,1094,0.0,0.0,0.0,0.0,0.0,0.0,0.0,0.0,2100,0.0,832.0,0.0,3744,0.0,0.0,0.0,0.0,6450,5379,0.0,0.0,10800.0,5130,0.0,0.0,650.0,0.0
35,0.0,563,450,0.0,0.0,200.0,9750.0,0.0,0.0,670.0,4012.0,595.0,1084,0.0,0.0,0.0,0.0,0.0,0.0,0.0,0.0,2070,0.0,820.0,0.0,3708,0.0,0.0,0.0,0.0,6320,5269,0.0,0.0,10800.0,5090,0.0,0.0,640.0,0.0
35,0.0,552,450,0.0,0.0,200.0,9400.0,0.0,0.0,675.0,4127.0,595.0,1108,0.0,0.0,0.0,0.0,0.0,0.0,0.0,0.0,2050,0.0,820.0,0.0,3660,0.0,0.0,0.0,0.0,6350,5082,0.0,0.0,10920.0,4955,0.0,0.0,640.0,0.0
35,0.0,550,450,0.0,0.0,170.0,9100.0,0.0,0.0,678.0,4122.0,600.0,1094,0.0,0.0,0.0,0.0,0.0,0.0,0.0,0.0,2050,0.0,805.0,0.0,3624,0.0,0.0,0.0,0.0,6200,4984,0.0,0.0,10900.0,4850,0.0,0.0,630.0,0.0
35,0.0,544,490,0.0,0.0,160.0,8900.0,0.0,0.0,665.0,4027.0,600.0,1056,0.0,0.0,0.0,0.0,0.0,0.0,0.0,0.0,2044,0.0,780.0,0.0,3588,0.0,0.0,0.0,0.0,5250,4863,0.0,0.0,10860.0,4470,0.0,0.0,622.0,0.0
35,0.0,438,490,0.0,0.0,160.0,9100.0,0.0,0.0,621.0,4057.0,585.0,1069,0.0,0.0,0.0,0.0,0.0,0.0,0.0,0.0,1920,0.0,800.0,0.0,3400,0.0,0.0,0.0,0.0,5050,4368,0.0,0.0,10880.0,3970,0.0,0.0,590.0,0.0
35,0.0,438,450,0.0,0.0,160.0,8850.0,0.0,0.0,645.0,4062.0,580.0,1094,0.0,0.0,0.0,0.0,0.0,0.0,0.0,0.0,1970,0.0,811.0,0.0,3400,0.0,0.0,0.0,0.0,5850,4396,0.0,0.0,11000.0,4150,0.0,0.0,600.0,0.0
35,0.0,497,465,0.0,0.0,155.0,8500.0,0.0,0.0,660.0,4027.0,575.0,1089,0.0,0.0,0.0,0.0,0.0,0.0,0.0,0.0,2052,0.0,810.0,0.0,3452,0.0,0.0,0.0,0.0,6020,4566,0.0,0.0,10380.0,4300,0.0,0.0,605.0,0.0
34,0.0,513,465,0.0,0.0,150.0,8600.0,0.0,0.0,655.0,4017.0,525.0,1080,0.0,0.0,0.0,0.0,0.0,0.0,0.0,0.0,2114,0.0,800.0,0.0,3480,0.0,0.0,0.0,0.0,6100,4670,0.0,0.0,10520.0,4250,0.0,0.0,605.0,0.0
33,0.0,538,465,0.0,0.0,150.0,9100.0,0.0,0.0,650.0,4052.0,530.0,1094,0.0,0.0,0.0,0.0,0.0,0.0,0.0,0.0,2180,0.0,805.0,0.0,3540,0.0,0.0,0.0,0.0,5980,4670,0.0,0.0,10840.0,4200,0.0,0.0,650.0,0.0
33,0.0,523,465,0.0,0.0,160.0,9150.0,0.0,0.0,650.0,4087.0,552.0,1094,0.0,0.0,0.0,0.0,0.0,0.0,0.0,0.0,2220,0.0,815.0,0.0,3580,0.0,0.0,0.0,0.0,5950,4742,0.0,0.0,10900.0,4240,0.0,0.0,670.0,0.0
33,0.0,538,475,0.0,0.0,155.0,10000.0,0.0,0.0,640.0,4097.0,540.0,1119,0.0,0.0,0.0,0.0,0.0,0.0,0.0,0.0,2230,0.0,830.0,0.0,3720,0.0,0.0,0.0,0.0,5990,4802,0.0,0.0,11000.0,4200,0.0,0.0,686.0,0.0
33,0.0,538,475,0.0,0.0,170.0,9750.0,0.0,0.0,660.0,4117.0,550.0,1107,0.0,0.0,0.0,0.0,0.0,0.0,0.0,0.0,2300,0.0,835.0,0.0,3800,0.0,0.0,0.0,0.0,5950,4835,0.0,0.0,11300.0,4190,0.0,0.0,700.0,0.0
41,0.0,545,480,0.0,0.0,190.0,10100.0,0.0,0.0,660.0,4117.0,560.0,1115,0.0,0.0,0.0,0.0,0.0,0.0,0.0,0.0,2290,0.0,840.0,0.0,3820,0.0,0.0,0.0,0.0,5820,4830,0.0,0.0,11600.0,4225,0.0,0.0,700.0,0.0
40,0.0,545,480,0.0,0.0,188.0,10390.0,0.0,0.0,665.0,4172.0,585.0,1125,0.0,0.0,0.0,0.0,0.0,0.0,0.0,0.0,2260,0.0,840.0,0.0,3860,0.0,0.0,0.0,0.0,6000,4863,0.0,0.0,11680.0,4090,0.0,0.0,710.0,0.0
37,0.0,547,480,0.0,0.0,185.0,10650.0,0.0,0.0,665.0,4147.0,611.0,1170,0.0,0.0,0.0,0.0,0.0,0.0,0.0,0.0,2242,0.0,862.0,0.0,3928,0.0,0.0,0.0,0.0,5970,4956,0.0,0.0,12000.0,4000,0.0,0.0,710.0,0.0
37,0.0,550,480,0.0,0.0,165.0,10260.0,0.0,0.0,665.0,4127.0,600.0,1215,0.0,0.0,0.0,0.0,0.0,0.0,0.0,0.0,2246,0.0,920.0,0.0,3960,0.0,0.0,0.0,0.0,6250,4934,0.0,0.0,12060.0,3975,0.0,0.0,705.0,0.0
37,0.0,578,490,0.0,0.0,160.0,11420.0,0.0,0.0,678.0,4107.0,620.0,1229,0.0,0.0,0.0,0.0,0.0,0.0,0.0,0.0,2350,0.0,935.0,0.0,3968,0.0,0.0,0.0,0.0,6800,5165,0.0,0.0,12080.0,4200,0.0,0.0,705.0,0.0
35,0.0,588,490,0.0,0.0,155.0,11200.0,0.0,0.0,695.0,3947.0,630.0,1234,0.0,0.0,0.0,0.0,0.0,0.0,0.0,0.0,2390,0.0,935.0,0.0,4024,0.0,0.0,0.0,0.0,6750,5687,0.0,0.0,12160.0,4490,0.0,0.0,695.0,0.0
33,0.0,584,500,0.0,0.0,155.0,10820.0,0.0,0.0,715.0,4067.0,625.0,1268,0.0,0.0,0.0,0.0,0.0,0.0,2904.0,0.0,2340,0.0,945.0,0.0,4052,0.0,0.0,0.0,0.0,6690,6016,0.0,0.0,12380.0,4500,0.0,0.0,700.0,0.0
33,0.0,588,500,0.0,0.0,155.0,11160.0,0.0,0.0,715.0,4087.0,645.0,1204,0.0,0.0,0.0,0.0,0.0,0.0,2948.0,0.0,2360,0.0,945.0,0.0,4136,0.0,0.0,0.0,0.0,6500,6132,0.0,0.0,12380.0,4530,0.0,0.0,705.0,0.0
33,0.0,588,540,0.0,0.0,155.0,11550.0,0.0,0.0,695.0,4097.0,640.0,1204,0.0,0.0,0.0,0.0,0.0,0.0,2728.0,0.0,2300,0.0,950.0,0.0,4116,0.0,0.0,0.0,0.0,6500,6071,0.0,0.0,12280.0,4575,0.0,0.0,685.0,0.0
32,0.0,575,525,0.0,0.0,175.0,11550.0,0.0,0.0,680.0,4067.0,660.0,1243,0.0,0.0,0.0,0.0,0.0,0.0,2992.0,0.0,2296,0.0,975.0,0.0,4080,0.0,0.0,0.0,0.0,6600,5852,0.0,0.0,12440.0,4545,0.0,0.0,655.0,0.0
32,0.0,594,525,0.0,0.0,170.0,11300.0,0.0,0.0,684.0,4042.0,673.0,1254,0.0,0.0,0.0,0.0,0.0,0.0,2860.0,0.0,2306,0.0,960.0,0.0,4060,0.0,0.0,0.0,0.0,6620,5868,0.0,0.0,12020.0,4480,0.0,0.0,660.0,0.0
30,0.0,594,525,0.0,0.0,152.0,10990.0,0.0,0.0,690.0,4047.0,670.0,1285,0.0,0.0,0.0,0.0,0.0,0.0,2860.0,0.0,2300,0.0,990.0,0.0,4056,0.0,0.0,0.0,0.0,6800,5769,0.0,0.0,11920.0,4380,0.0,0.0,700.0,0.0
30,0.0,644,525,0.0,0.0,153.0,11750.0,0.0,0.0,691.0,3997.0,665.0,1291,0.0,0.0,0.0,0.0,0.0,0.0,2816.0,0.0,2310,0.0,1000.0,0.0,4100,0.0,0.0,0.0,0.0,6780,5769,0.0,0.0,12300.0,4220,0.0,0.0,700.0,0.0
32,0.0,630,525,0.0,0.0,170.0,11770.0,0.0,0.0,700.0,3797.0,675.0,1319,0.0,0.0,0.0,0.0,0.0,0.0,2768.0,0.0,2340,0.0,1055.0,0.0,4104,0.0,0.0,0.0,0.0,6900,5621,0.0,0.0,12420.0,4260,0.0,0.0,715.0,0.0
30,0.0,625,525,0.0,0.0,151.0,11140.0,0.0,0.0,710.0,3797.0,705.0,1305,0.0,0.0,0.0,0.0,0.0,0.0,2728.0,0.0,2420,0.0,1080.0,0.0,4120,0.0,0.0,0.0,0.0,7100,5385,0.0,0.0,12740.0,4280,0.0,0.0,720.0,0.0
30,0.0,625,530,0.0,0.0,152.0,11000.0,0.0,0.0,710.0,3847.0,750.0,1319,0.0,0.0,0.0,0.0,0.0,0.0,2728.0,0.0,2450,0.0,1090.0,0.0,4124,0.0,0.0,0.0,0.0,7150,5231,0.0,0.0,12860.0,4300,0.0,0.0,850.0,0.0
26,0.0,622,550,0.0,0.0,152.0,10750.0,0.0,0.0,700.0,3867.0,750.0,1302,0.0,0.0,0.0,0.0,0.0,0.0,2684.0,0.0,2514,0.0,1130.0,0.0,4144,0.0,0.0,0.0,0.0,7000,5522,0.0,0.0,12820.0,4300,0.0,0.0,800.0,0.0
28,0.0,618,560,0.0,0.0,150.0,10660.0,0.0,0.0,710.0,3947.0,750.0,1333,0.0,0.0,0.0,0.0,0.0,0.0,2640.0,0.0,2548,0.0,1150.0,0.0,4124,0.0,0.0,0.0,0.0,7000,5632,0.0,0.0,13020.0,4410,0.0,0.0,810.0,0.0
25,0.0,613,560,0.0,0.0,150.0,10650.0,0.0,0.0,720.0,3897.0,745.0,1313,0.0,0.0,0.0,0.0,0.0,0.0,2592.0,0.0,2600,0.0,1145.0,0.0,4180,0.0,0.0,0.0,0.0,7040,5709,0.0,0.0,13000.0,4525,0.0,0.0,800.0,0.0
27,0.0,600,525,0.0,0.0,145.0,10440.0,0.0,0.0,720.0,3897.0,760.0,1307,0.0,0.0,0.0,0.0,0.0,0.0,2561.0,0.0,2700,0.0,1140.0,0.0,4208,0.0,0.0,0.0,0.0,7000,5720,0.0,0.0,13140.0,4600,0.0,0.0,820.0,0.0
30,0.0,603,525,0.0,0.0,150.0,10500.0,0.0,0.0,720.0,3907.0,760.0,1305,0.0,0.0,0.0,0.0,0.0,0.0,2534.0,0.0,2720,0.0,1120.0,0.0,4192,0.0,0.0,0.0,0.0,7050,5742,0.0,0.0,13320.0,4530,0.0,0.0,800.0,0.0
30,0.0,600,525,0.0,0.0,150.0,10150.0,0.0,0.0,720.0,3887.0,765.0,1340,0.0,0.0,0.0,0.0,0.0,0.0,2310.0,0.0,2700,0.0,1120.0,0.0,4240,0.0,0.0,0.0,0.0,6930,5786,0.0,0.0,13600.0,4400,0.0,0.0,750.0,0.0
29,0.0,575,525,0.0,0.0,145.0,10100.0,0.0,0.0,720.0,3847.0,780.0,1349,0.0,0.0,0.0,0.0,0.0,0.0,2222.0,0.0,2696,0.0,1100.0,0.0,4352,0.0,0.0,0.0,0.0,6900,5758,0.0,0.0,13700.0,4370,0.0,0.0,760.0,0.0
27,0.0,573,525,0.0,0.0,140.0,10000.0,0.0,0.0,695.0,3698.0,765.0,1347,0.0,0.0,0.0,0.0,0.0,0.0,2134.0,0.0,2694,0.0,1100.0,0.0,4408,0.0,0.0,0.0,0.0,7050,5703,0.0,0.0,13640.0,4200,0.0,0.0,763.0,0.0
32,0.0,591,525,0.0,0.0,140.0,9500.0,0.0,0.0,685.0,3683.0,765.0,1386,0.0,0.0,0.0,0.0,0.0,0.0,2090.0,0.0,2730,0.0,1130.0,0.0,4568,0.0,0.0,0.0,0.0,7020,5742,0.0,0.0,13500.0,4195,0.0,0.0,763.0,0.0
33,0.0,591,525,0.0,0.0,140.0,9330.0,0.0,0.0,685.0,3298.0,765.0,1394,0.0,0.0,0.0,0.0,0.0,0.0,2200.0,0.0,2730,0.0,1130.0,0.0,4736,0.0,0.0,0.0,0.0,7040,5681,0.0,0.0,13280.0,4190,0.0,0.0,765.0,0.0
45,0.0,613,530,0.0,0.0,130.0,9320.0,0.0,0.0,690.0,3563.0,765.0,1465,0.0,0.0,0.0,0.0,0.0,0.0,2389.0,0.0,2740,0.0,1140.0,0.0,4892,0.0,0.0,0.0,0.0,7050,5687,0.0,0.0,13600.0,4220,0.0,0.0,790.0,0.0
40,0.0,613,530,0.0,0.0,140.0,9550.0,0.0,0.0,695.0,3663.0,780.0,1543,0.0,0.0,0.0,0.0,0.0,0.0,2332.0,0.0,2694,0.0,1140.0,0.0,4924,0.0,0.0,0.0,0.0,6970,5698,0.0,0.0,13900.0,4010,0.0,0.0,790.0,0.0
42,0.0,614,535,0.0,0.0,140.0,10150.0,0.0,0.0,695.0,3753.0,781.0,1557,0.0,0.0,0.0,0.0,0.0,0.0,2288.0,0.0,2740,0.0,1110.0,0.0,4880,0.0,0.0,0.0,0.0,6890,5659,0.0,0.0,14400.0,3950,0.0,0.0,780.0,0.0
42,0.0,614,535,0.0,0.0,135.0,10550.0,0.0,0.0,690.0,3797.0,835.0,1442,0.0,0.0,0.0,0.0,0.0,0.0,2222.0,0.0,2800,0.0,1115.0,0.0,4800,0.0,0.0,0.0,0.0,6900,5522,0.0,0.0,14800.0,3875,0.0,0.0,785.0,0.0
42,0.0,614,525,0.0,0.0,135.0,10150.0,0.0,0.0,680.0,3847.0,835.0,1498,0.0,0.0,0.0,0.0,0.0,0.0,2288.0,0.0,2730,0.0,1080.0,0.0,4700,0.0,0.0,0.0,0.0,6900,5319,0.0,0.0,14500.0,3615,0.0,0.0,770.0,0.0
41,0.0,603,500,0.0,0.0,140.0,9870.0,0.0,0.0,685.0,3837.0,835.0,1507,0.0,0.0,0.0,0.0,0.0,0.0,2266.0,0.0,2698,0.0,1070.0,0.0,4700,0.0,0.0,0.0,0.0,7020,5390,0.0,0.0,14000.0,3650,0.0,0.0,785.0,0.0
44,0.0,613,530,0.0,0.0,145.0,9550.0,0.0,0.0,689.0,3887.0,850.0,1509,0.0,0.0,0.0,0.0,0.0,0.0,2209.0,0.0,2690,0.0,1060.0,0.0,4732,0.0,0.0,0.0,0.0,7040,5495,0.0,0.0,13460.0,3920,0.0,0.0,755.0,0.0
42,0.0,606,530,0.0,0.0,135.0,9550.0,0.0,0.0,686.0,4007.0,850.0,1529,0.0,0.0,0.0,0.0,0.0,0.0,2218.0,0.0,2620,0.0,1025.0,0.0,4760,0.0,0.0,0.0,0.0,6960,5797,0.0,0.0,13500.0,3975,0.0,0.0,785.0,0.0
42,0.0,606,550,0.0,0.0,135.0,9560.0,0.0,0.0,685.0,4097.0,865.0,1543,0.0,0.0,0.0,0.0,0.0,0.0,2200.0,0.0,2900,0.0,1005.0,0.0,4780,0.0,0.0,0.0,0.0,6950,6071,0.0,0.0,13380.0,3750,0.0,0.0,780.0,0.0
45,0.0,603,550,0.0,0.0,150.0,9570.0,0.0,0.0,685.0,4117.0,860.0,1551,0.0,0.0,0.0,0.0,0.0,0.0,2209.0,0.0,2980,0.0,1010.0,0.0,4804,0.0,0.0,0.0,0.0,6942,5907,0.0,0.0,13220.0,3830,0.0,0.0,790.0,0.0
45,0.0,638,555,0.0,0.0,140.0,9500.0,0.0,0.0,685.0,4117.0,855.0,1605,0.0,0.0,0.0,0.0,0.0,0.0,2182.0,0.0,2920,0.0,1050.0,0.0,4800,0.0,0.0,0.0,0.0,7650,5896,0.0,0.0,13800.0,4010,0.0,0.0,810.0,0.0
46,0.0,653,555,0.0,0.0,165.0,9350.0,0.0,0.0,710.0,4097.0,870.0,1613,0.0,0.0,0.0,0.0,0.0,0.0,2077.0,0.0,2928,0.0,1075.0,0.0,4796,0.0,0.0,0.0,0.0,7930,5989,0.0,0.0,14400.0,4160,0.0,0.0,815.0,0.0
46,0.0,650,585,0.0,0.0,168.0,9210.0,0.0,0.0,710.0,3922.0,900.0,1596,0.0,0.0,0.0,0.0,0.0,0.0,1936.0,0.0,2920,0.0,1090.0,0.0,4704,0.0,0.0,0.0,0.0,7680,5934,0.0,0.0,14340.0,4005,0.0,0.0,840.0,0.0
45,0.0,656,590,0.0,0.0,170.0,9200.0,0.0,0.0,710.0,3917.0,880.0,1627,0.0,0.0,0.0,0.0,0.0,0.0,1980.0,0.0,2900,0.0,1085.0,0.0,4700,0.0,0.0,0.0,0.0,8050,5780,0.0,0.0,15000.0,3970,0.0,0.0,845.0,0.0
40,0.0,681,600,0.0,0.0,185.0,9050.0,0.0,0.0,710.0,3937.0,875.0,1594,0.0,0.0,0.0,0.0,0.0,0.0,2050.0,0.0,2900,0.0,1090.0,0.0,4704,0.0,0.0,0.0,0.0,7800,5769,0.0,0.0,14960.0,3900,0.0,0.0,875.0,0.0
45,0.0,681,580,0.0,0.0,200.0,8480.0,0.0,0.0,730.0,4002.0,880.0,1580,0.0,0.0,0.0,0.0,0.0,0.0,2112.0,0.0,2860,0.0,1080.0,0.0,4716,0.0,0.0,0.0,0.0,7700,5698,0.0,0.0,14780.0,3880,0.0,0.0,885.0,0.0
43,0.0,675,580,0.0,0.0,190.0,8750.0,0.0,0.0,752.0,4067.0,860.0,1582,0.0,0.0,0.0,0.0,0.0,0.0,2222.0,0.0,2840,0.0,1080.0,0.0,4680,0.0,0.0,0.0,0.0,8000,5632,0.0,0.0,14880.0,3900,0.0,0.0,925.0,0.0
43,0.0,688,580,0.0,0.0,190.0,8850.0,0.0,0.0,760.0,4197.0,855.0,1577,0.0,0.0,0.0,0.0,0.0,0.0,2134.0,0.0,2850,0.0,1080.0,0.0,4636,0.0,0.0,0.0,0.0,7850,5769,0.0,0.0,14360.0,3965,0.0,0.0,950.0,0.0
45,0.0,688,580,0.0,0.0,190.0,9050.0,0.0,0.0,770.0,4207.0,860.0,1566,0.0,0.0,0.0,0.0,0.0,0.0,2050.0,0.0,2930,0.0,1085.0,0.0,4640,0.0,0.0,0.0,0.0,7800,5962,0.0,0.0,13780.0,3805,0.0,0.0,900.0,0.0
44,0.0,688,600,0.0,0.0,185.0,9720.0,0.0,0.0,770.0,4227.0,833.0,1574,0.0,0.0,0.0,0.0,0.0,0.0,2130.0,0.0,2980,0.0,1100.0,0.0,4708,0.0,0.0,0.0,0.0,7810,6016,0.0,0.0,13840.0,3910,0.0,0.0,840.0,0.0
40,0.0,688,600,0.0,0.0,195.0,9300.0,0.0,0.0,800.0,4297.0,820.0,1521,0.0,0.0,0.0,0.0,0.0,0.0,2200.0,0.0,3030,0.0,1095.0,0.0,4900,0.0,0.0,0.0,0.0,7840,6044,0.0,0.0,14180.0,3935,0.0,0.0,870.0,0.0
40,0.0,708,600,0.0,0.0,200.0,9370.0,0.0,0.0,780.0,4147.0,840.0,1543,0.0,0.0,0.0,0.0,0.0,0.0,2420.0,0.0,3010,0.0,1090.0,0.0,5096,0.0,0.0,0.0,0.0,7740,6137,0.0,0.0,14460.0,4000,0.0,0.0,900.0,0.0
40,0.0,700,600,0.0,0.0,200.0,10050.0,0.0,0.0,770.0,4117.0,840.0,1568,0.0,0.0,0.0,0.0,0.0,0.0,2618.0,0.0,3054,0.0,1090.0,0.0,5120,0.0,0.0,0.0,0.0,7600,6341,0.0,0.0,14600.0,4080,0.0,0.0,930.0,0.0
40,0.0,708,650,0.0,0.0,190.0,10700.0,0.0,0.0,770.0,4117.0,855.0,1622,0.0,0.0,0.0,0.0,0.0,0.0,2486.0,0.0,3100,0.0,1100.0,0.0,5340,0.0,0.0,0.0,0.0,7450,6621,0.0,0.0,14900.0,4045,0.0,0.0,1000.0,0.0
40,0.0,675,600,0.0,0.0,205.0,10430.0,0.0,0.0,770.0,4167.0,870.0,1638,0.0,0.0,0.0,0.0,0.0,0.0,2640.0,0.0,3010,0.0,1115.0,0.0,5180,0.0,0.0,0.0,0.0,7730,6808,0.0,0.0,14800.0,4100,0.0,0.0,1030.0,0.0
36,0.0,713,600,0.0,0.0,200.0,10800.0,0.0,0.0,755.0,4217.0,880.0,1613,0.0,0.0,0.0,0.0,0.0,0.0,2970.0,0.0,2960,0.0,1120.0,0.0,5056,0.0,0.0,0.0,0.0,8010,6731,0.0,0.0,14740.0,4130,0.0,0.0,1100.0,0.0
36,0.0,740,600,0.0,0.0,195.0,10580.0,0.0,0.0,755.0,4307.0,870.0,1596,0.0,0.0,0.0,0.0,0.0,0.0,2948.0,0.0,3040,0.0,1100.0,0.0,5104,0.0,0.0,0.0,0.0,8050,6813,0.0,0.0,14460.0,4150,0.0,0.0,1000.0,0.0
38,0.0,713,625,0.0,0.0,192.0,11250.0,0.0,0.0,760.0,4442.0,875.0,1543,0.0,0.0,0.0,0.0,0.0,0.0,2904.0,0.0,3060,0.0,1100.0,0.0,5200,0.0,0.0,0.0,0.0,8110,7115,0.0,0.0,14100.0,4190,0.0,0.0,970.0,0.0
42,0.0,709,625,0.0,0.0,189.0,12560.0,0.0,0.0,740.0,4547.0,875.0,1543,0.0,0.0,0.0,0.0,0.0,0.0,2992.0,0.0,3060,0.0,1115.0,0.0,5120,0.0,0.0,0.0,0.0,8050,7280,0.0,0.0,14300.0,4270,0.0,0.0,970.0,0.0
45,0.0,750,625,0.0,0.0,180.0,12350.0,0.0,0.0,740.0,4547.0,895.0,1543,0.0,0.0,0.0,0.0,0.0,0.0,2992.0,0.0,2980,0.0,1115.0,0.0,5000,0.0,0.0,0.0,0.0,8050,7368,0.0,0.0,14320.0,4470,0.0,0.0,1000.0,0.0
46,0.0,750,625,0.0,0.0,180.0,12200.0,0.0,0.0,740.0,4547.0,880.0,1543,0.0,0.0,0.0,0.0,0.0,0.0,2992.0,0.0,2980,0.0,1115.0,0.0,5000,0.0,0.0,0.0,0.0,8050,7368,0.0,0.0,14300.0,4470,0.0,0.0,1000.0,0.0
46,0.0,750,625,0.0,0.0,175.0,12000.0,0.0,0.0,740.0,4607.0,860.0,1580,0.0,0.0,0.0,0.0,0.0,0.0,2922.0,0.0,2980,0.0,1205.0,0.0,5000,0.0,0.0,0.0,0.0,8120,7368,0.0,0.0,14500.0,4470,0.0,0.0,1000.0,0.0
46,0.0,738,625,0.0,0.0,175.0,12000.0,0.0,0.0,750.0,4847.0,831.0,1608,0.0,0.0,0.0,0.0,0.0,0.0,2974.0,0.0,3026,0.0,1260.0,0.0,5008,0.0,0.0,0.0,0.0,8100,7390,0.0,0.0,14500.0,4750,0.0,0.0,1030.0,0.0
45,0.0,750,625,0.0,0.0,175.0,12000.0,0.0,0.0,775.0,5007.0,831.0,1591,0.0,0.0,0.0,0.0,0.0,0.0,2904.0,0.0,3060,0.0,1340.0,0.0,4996,0.0,0.0,0.0,0.0,7540,7495,0.0,0.0,14500.0,5080,0.0,0.0,1040.0,0.0
45,0.0,741,625,0.0,0.0,175.0,12150.0,0.0,0.0,780.0,5097.0,831.0,1560,0.0,0.0,0.0,0.0,0.0,0.0,2926.0,0.0,3070,0.0,1300.0,0.0,5100,0.0,0.0,0.0,0.0,7400,7621,0.0,0.0,15200.0,5000,0.0,0.0,1050.0,0.0
45,0.0,744,625,0.0,0.0,200.0,12280.0,0.0,0.0,780.0,4997.0,830.0,1574,0.0,0.0,0.0,0.0,0.0,0.0,2904.0,0.0,3110,0.0,1300.0,0.0,5120,0.0,0.0,0.0,0.0,7570,7703,0.0,0.0,15580.0,5060,0.0,0.0,1225.0,0.0
50,0.0,763,625,0.0,0.0,205.0,12000.0,0.0,0.0,780.0,4907.0,830.0,1571,0.0,0.0,0.0,0.0,0.0,0.0,2948.0,0.0,3150,0.0,1290.0,0.0,4992,0.0,0.0,0.0,0.0,7350,8077,0.0,0.0,15300.0,5610,0.0,0.0,1210.0,0.0
55,0.0,775,625,0.0,0.0,232.0,12300.0,0.0,0.0,770.0,5037.0,810.0,1571,0.0,0.0,0.0,0.0,0.0,0.0,3036.0,0.0,3220,0.0,1290.0,0.0,4840,0.0,0.0,0.0,0.0,7720,7610,0.0,0.0,14960.0,5500,0.0,0.0,1170.0,0.0
70,0.0,800,600,0.0,0.0,215.0,12400.0,0.0,0.0,768.0,5097.0,790.0,1571,0.0,0.0,0.0,0.0,0.0,0.0,3256.0,0.0,3290,0.0,1290.0,0.0,4908,0.0,0.0,0.0,0.0,7630,7445,0.0,0.0,14920.0,5210,0.0,0.0,1160.0,0.0
60,0.0,809,575,0.0,0.0,200.0,12290.0,0.0,0.0,755.0,4947.0,815.0,1599,0.0,0.0,0.0,0.0,0.0,0.0,3476.0,0.0,3140,0.0,1265.0,0.0,4968,0.0,0.0,0.0,0.0,7720,7516,0.0,0.0,14800.0,5060,0.0,0.0,1180.0,0.0
55,0.0,835,575,0.0,0.0,200.0,13200.0,0.0,0.0,720.0,4947.0,800.0,1599,0.0,0.0,0.0,0.0,0.0,0.0,3476.0,0.0,3150,0.0,1265.0,0.0,4980,0.0,0.0,0.0,0.0,7720,7473,0.0,0.0,14700.0,5010,0.0,0.0,1195.0,0.0
55,0.0,835,535,0.0,0.0,215.0,13960.0,0.0,0.0,720.0,4847.0,805.0,1599,0.0,0.0,0.0,0.0,0.0,0.0,3353.0,0.0,3150,0.0,1230.0,0.0,4980,0.0,0.0,0.0,0.0,7750,7473,0.0,0.0,14920.0,5010,0.0,0.0,1195.0,0.0
55,0.0,806,535,0.0,0.0,210.0,14150.0,0.0,0.0,710.0,4847.0,780.0,1605,0.0,0.0,0.0,0.0,0.0,0.0,3256.0,0.0,3160,0.0,1225.0,0.0,4896,0.0,0.0,0.0,0.0,7940,7308,0.0,0.0,15000.0,5000,0.0,0.0,1195.0,0.0
55,0.0,825,535,0.0,0.0,228.0,14150.0,0.0,0.0,685.0,4852.0,800.0,1608,0.0,0.0,0.0,0.0,0.0,0.0,3432.0,0.0,3140,0.0,1225.0,0.0,4876,0.0,0.0,0.0,0.0,8080,7780,0.0,0.0,15000.0,5100,0.0,0.0,1195.0,0.0
50,0.0,821,535,0.0,0.0,228.0,13250.0,0.0,0.0,675.0,4852.0,800.0,1608,0.0,0.0,0.0,0.0,0.0,0.0,3432.0,0.0,2990,0.0,1225.0,0.0,4880,0.0,0.0,0.0,0.0,8080,8214,0.0,0.0,14500.0,5100,0.0,0.0,1045.0,0.0
59,0.0,821,535,0.0,0.0,208.0,12850.0,0.0,0.0,675.0,4917.0,790.0,1633,0.0,0.0,0.0,0.0,0.0,0.0,3300.0,0.0,2990,0.0,1230.0,0.0,4880,0.0,0.0,0.0,0.0,7700,8214,0.0,0.0,14420.0,5100,0.0,0.0,1045.0,0.0
59,0.0,775,535,0.0,0.0,218.0,13400.0,0.0,0.0,710.0,4897.0,790.0,1571,0.0,0.0,0.0,0.0,0.0,0.0,3326.0,0.0,3090,0.0,1230.0,0.0,4892,0.0,0.0,0.0,0.0,7400,8005,0.0,0.0,14400.0,5350,0.0,0.0,970.0,0.0
63,0.0,763,525,0.0,0.0,240.0,13400.0,0.0,0.0,690.0,4897.0,800.0,1574,0.0,0.0,0.0,0.0,0.0,0.0,3291.0,0.0,3000,0.0,1195.0,0.0,4860,0.0,0.0,0.0,0.0,7200,7753,0.0,0.0,14400.0,5110,0.0,0.0,971.0,0.0
63,0.0,756,500,0.0,0.0,240.0,13000.0,0.0,0.0,720.0,4937.0,800.0,1582,0.0,0.0,0.0,0.0,0.0,0.0,3216.0,0.0,3000,0.0,1140.0,0.0,4952,0.0,0.0,0.0,0.0,7000,7830,0.0,0.0,14600.0,5100,0.0,0.0,965.0,0.0
65,0.0,738,500,0.0,0.0,220.0,12780.0,0.0,0.0,730.0,4972.0,790.0,1571,0.0,0.0,0.0,0.0,0.0,0.0,3243.0,0.0,2985,0.0,1120.0,0.0,5008,0.0,0.0,0.0,0.0,7200,7637,0.0,0.0,14440.0,4980,0.0,0.0,945.0,0.0
64,0.0,719,500,0.0,0.0,215.0,12730.0,0.0,0.0,740.0,4997.0,790.0,1619,0.0,0.0,0.0,0.0,0.0,0.0,3344.0,0.0,2870,0.0,1160.0,0.0,5012,0.0,0.0,0.0,0.0,7400,7725,0.0,0.0,14240.0,4940,0.0,0.0,970.0,0.0
61,0.0,756,500,0.0,0.0,220.0,12500.0,0.0,0.0,772.0,4922.0,800.0,1571,0.0,0.0,0.0,0.0,0.0,0.0,3388.0,0.0,2800,0.0,1180.0,0.0,4960,0.0,0.0,0.0,0.0,6750,7747,0.0,0.0,14100.0,4920,0.0,0.0,1010.0,0.0
61,0.0,731,500,0.0,0.0,205.0,13020.0,0.0,0.0,787.0,4897.0,820.0,1557,0.0,0.0,0.0,0.0,0.0,0.0,3344.0,0.0,2700,0.0,1200.0,0.0,4940,0.0,0.0,0.0,0.0,6990,7582,0.0,0.0,14260.0,4580,0.0,0.0,1045.0,0.0
61,0.0,748,460,0.0,0.0,210.0,13500.0,0.0,0.0,785.0,4922.0,820.0,1515,0.0,0.0,0.0,0.0,0.0,0.0,3300.0,0.0,2810,0.0,1150.0,0.0,4952,0.0,0.0,0.0,0.0,6900,7335,0.0,0.0,14260.0,4900,0.0,0.0,1050.0,0.0
61,0.0,750,500,0.0,0.0,205.0,13810.0,0.0,0.0,800.0,4947.0,840.0,1518,0.0,0.0,0.0,0.0,0.0,0.0,3344.0,0.0,2660,0.0,1160.0,0.0,4940,0.0,0.0,0.0,0.0,7170,7126,0.0,0.0,13840.0,4800,0.0,0.0,1050.0,0.0
70,0.0,756,490,0.0,0.0,190.0,13550.0,0.0,0.0,800.0,4947.0,830.0,1557,0.0,0.0,0.0,0.0,0.0,0.0,3309.0,0.0,2875,0.0,1190.0,0.0,5080,0.0,0.0,0.0,0.0,7250,7033,0.0,0.0,14100.0,4800,0.0,0.0,1055.0,0.0
75,0.0,756,490,0.0,0.0,183.0,13400.0,0.0,0.0,797.0,4947.0,840.0,1571,0.0,0.0,0.0,0.0,0.0,0.0,3168.0,0.0,2900,0.0,1175.0,0.0,5180,0.0,0.0,0.0,0.0,7100,6945,0.0,0.0,15020.0,4840,0.0,0.0,1070.0,0.0
100,0.0,763,490,0.0,0.0,225.0,13650.0,0.0,0.0,790.0,4947.0,860.0,1540,0.0,0.0,0.0,0.0,0.0,0.0,3168.0,0.0,2900,0.0,1170.0,0.0,5400,0.0,0.0,0.0,0.0,7000,7005,0.0,0.0,15100.0,4960,0.0,0.0,1080.0,0.0
94,0.0,756,525,0.0,0.0,220.0,13620.0,0.0,0.0,785.0,4962.0,890.0,1526,0.0,0.0,0.0,0.0,0.0,0.0,3168.0,0.0,2860,0.0,1175.0,0.0,5360,0.0,0.0,0.0,0.0,6950,6868,0.0,0.0,15660.0,4845,0.0,0.0,1050.0,0.0
71,0.0,763,525,0.0,0.0,249.0,13690.0,0.0,0.0,794.0,4997.0,925.0,1507,0.0,0.0,0.0,0.0,0.0,0.0,3045.0,0.0,2900,0.0,1210.0,0.0,5260,0.0,0.0,0.0,0.0,6800,6813,0.0,0.0,15960.0,4820,0.0,0.0,1065.0,0.0
75,0.0,766,525,0.0,0.0,212.0,13700.0,0.0,0.0,802.0,4947.0,925.0,1453,0.0,0.0,0.0,0.0,0.0,0.0,2948.0,0.0,2900,0.0,1210.0,0.0,5200,0.0,0.0,0.0,0.0,6800,6808,808.0,0.0,15500.0,4820,0.0,0.0,1075.0,0.0
90,0.0,768,510,0.0,0.0,240.0,13950.0,0.0,0.0,790.0,4947.0,915.0,1411,0.0,0.0,0.0,0.0,0.0,0.0,2842.0,0.0,2950,0.0,1190.0,0.0,5160,0.0,0.0,0.0,0.0,6650,6736,779.0,0.0,15400.0,4710,0.0,0.0,1060.0,0.0
86,0.0,769,510,0.0,0.0,230.0,13940.0,0.0,0.0,800.0,4927.0,915.0,1406,0.0,0.0,0.0,0.0,0.0,0.0,2640.0,0.0,2840,0.0,1135.0,0.0,5100,0.0,0.0,0.0,0.0,6100,6742,734.0,0.0,15300.0,4610,0.0,0.0,1050.0,0.0
80,0.0,713,510,0.0,0.0,224.0,13700.0,0.0,0.0,750.0,4897.0,910.0,1436,0.0,0.0,0.0,0.0,0.0,0.0,2640.0,0.0,2700,0.0,1160.0,0.0,5000,0.0,0.0,0.0,0.0,6400,6484,782.0,0.0,14720.0,4300,0.0,0.0,1030.0,0.0
78,0.0,713,500,0.0,0.0,240.0,13500.0,0.0,0.0,730.0,4887.0,850.0,1459,0.0,0.0,0.0,0.0,0.0,0.0,2640.0,0.0,2625,0.0,1160.0,0.0,4936,0.0,0.0,0.0,0.0,6250,6654,854.0,0.0,14080.0,4175,0.0,0.0,1000.0,0.0
68,0.0,688,510,0.0,0.0,250.0,12870.0,0.0,0.0,735.0,4847.0,860.0,1431,0.0,0.0,0.0,0.0,0.0,0.0,2552.0,0.0,2700,0.0,1150.0,0.0,4980,0.0,0.0,0.0,0.0,6300,6786,836.0,0.0,13000.0,4100,0.0,0.0,1025.0,0.0
60,0.0,675,510,0.0,0.0,230.0,12980.0,0.0,0.0,690.0,4747.0,820.0,1459,0.0,0.0,0.0,0.0,0.0,0.0,2552.0,0.0,2700,0.0,1150.0,0.0,4940,0.0,0.0,0.0,0.0,6510,6758,876.0,0.0,13000.0,4040,0.0,0.0,1020.0,0.0
60,0.0,646,510,0.0,0.0,235.0,12800.0,0.0,0.0,700.0,4747.0,850.0,1535,0.0,0.0,0.0,0.0,0.0,0.0,2508.0,0.0,2700,0.0,1150.0,0.0,4920,0.0,0.0,0.0,0.0,6700,6698,876.0,0.0,13800.0,4025,0.0,0.0,1050.0,0.0
55,0.0,650,510,0.0,0.0,248.0,12250.0,0.0,0.0,705.0,4722.0,850.0,1509,0.0,0.0,0.0,0.0,0.0,0.0,2455.0,0.0,2720,0.0,1170.0,0.0,4912,0.0,0.0,0.0,0.0,6750,6484,846.0,0.0,13700.0,3900,0.0,0.0,1060.0,0.0
56,0.0,650,510,0.0,0.0,248.0,12250.0,0.0,0.0,705.0,4697.0,835.0,1479,0.0,0.0,0.0,0.0,0.0,0.0,2350.0,0.0,2700,0.0,1150.0,0.0,5000,0.0,0.0,0.0,0.0,6650,6330,871.0,0.0,14020.0,3770,0.0,0.0,1075.0,0.0
50,0.0,649,510,0.0,0.0,245.0,12200.0,0.0,0.0,705.0,4667.0,840.0,1487,0.0,0.0,0.0,0.0,0.0,0.0,2187.0,0.0,2780,0.0,1140.0,0.0,5160,0.0,0.0,0.0,0.0,6650,6154,833.0,0.0,14640.0,3590,0.0,0.0,1100.0,0.0
55,0.0,644,510,0.0,0.0,245.0,12000.0,0.0,0.0,670.0,4477.0,845.0,1481,0.0,0.0,0.0,0.0,0.0,0.0,2284.0,0.0,2805,0.0,1140.0,0.0,5200,0.0,0.0,0.0,0.0,6950,5879,803.0,0.0,14540.0,3640,0.0,0.0,1100.0,0.0
82,0.0,675,510,0.0,0.0,265.0,11900.0,0.0,0.0,650.0,4197.0,855.0,1420,0.0,0.0,0.0,0.0,0.0,0.0,2112.0,0.0,2775,0.0,1150.0,0.0,5140,0.0,0.0,0.0,0.0,6870,5934,774.0,0.0,14720.0,3680,0.0,0.0,1080.0,0.0
80,0.0,638,510,0.0,0.0,280.0,11600.0,0.0,0.0,610.0,4227.0,880.0,1431,0.0,0.0,0.0,0.0,0.0,0.0,2077.0,0.0,2625,0.0,1090.0,0.0,4984,0.0,0.0,0.0,0.0,6700,5604,774.0,0.0,15040.0,3400,0.0,0.0,1050.0,0.0
85,0.0,675,510,0.0,0.0,330.0,12130.0,0.0,0.0,600.0,4097.0,900.0,1459,0.0,0.0,0.0,0.0,0.0,0.0,1918.0,0.0,2725,0.0,1080.0,0.0,4916,0.0,0.0,0.0,0.0,6300,5577,755.0,0.0,14500.0,3350,0.0,0.0,1045.0,0.0
80,0.0,625,510,0.0,0.0,324.0,11600.0,0.0,0.0,558.0,4037.0,860.0,1417,0.0,0.0,0.0,0.0,0.0,0.0,1848.0,0.0,2620,0.0,1070.0,0.0,4860,0.0,0.0,0.0,0.0,6200,5456,714.0,0.0,14120.0,3100,0.0,0.0,1045.0,0.0
53,0.0,613,500,0.0,0.0,260.0,11400.0,0.0,0.0,540.0,4037.0,830.0,1417,0.0,0.0,0.0,0.0,0.0,0.0,1848.0,0.0,2560,0.0,1070.0,0.0,4720,0.0,0.0,0.0,0.0,6200,5220,714.0,0.0,13440.0,3275,0.0,0.0,1020.0,0.0
79,0.0,613,490,0.0,0.0,285.0,11090.0,0.0,0.0,540.0,4297.0,800.0,1431,0.0,0.0,0.0,0.0,0.0,0.0,2024.0,0.0,2560,0.0,1150.0,0.0,4720,0.0,0.0,0.0,0.0,6420,5220,786.0,0.0,13060.0,3275,0.0,0.0,1020.0,0.0
79,0.0,619,490,0.0,0.0,315.0,10900.0,0.0,0.0,610.0,4262.0,790.0,1431,0.0,0.0,0.0,0.0,0.0,0.0,1936.0,0.0,2775,0.0,1130.0,0.0,4840,0.0,0.0,0.0,0.0,6500,5577,796.0,0.0,12700.0,3250,0.0,0.0,1000.0,0.0
78,0.0,621,490,0.0,0.0,300.0,10900.0,0.0,0.0,575.0,3947.0,795.0,1389,0.0,0.0,0.0,0.0,0.0,0.0,1927.0,0.0,2800,0.0,1050.0,0.0,4848,0.0,0.0,0.0,0.0,7350,5495,773.0,0.0,12700.0,3130,0.0,0.0,960.0,0.0
84,0.0,613,490,0.0,0.0,300.0,11350.0,0.0,0.0,550.0,3777.0,795.0,1358,0.0,0.0,0.0,0.0,0.0,0.0,1936.0,0.0,2820,0.0,980.0,0.0,4796,0.0,0.0,0.0,0.0,6310,5451,744.0,0.0,13100.0,3010,0.0,0.0,900.0,0.0
100,0.0,600,490,0.0,0.0,300.0,11350.0,0.0,0.0,520.0,4197.0,795.0,1362,0.0,0.0,0.0,0.0,0.0,0.0,1945.0,0.0,2660,0.0,925.0,0.0,4600,0.0,0.0,0.0,0.0,6230,5192,747.0,0.0,13460.0,2890,0.0,0.0,905.0,0.0
90,0.0,594,490,0.0,0.0,265.0,11450.0,0.0,0.0,510.0,4197.0,780.0,1431,0.0,0.0,0.0,0.0,0.0,0.0,1936.0,0.0,2750,0.0,920.0,0.0,4848,0.0,0.0,0.0,0.0,6400,5192,820.0,0.0,13100.0,3000,0.0,0.0,890.0,0.0
100,0.0,588,490,0.0,0.0,290.0,11250.0,0.0,0.0,530.0,4177.0,745.0,1352,0.0,0.0,0.0,0.0,0.0,0.0,2112.0,0.0,2750,0.0,900.0,0.0,4960,0.0,0.0,0.0,0.0,6140,5275,814.0,0.0,12680.0,3360,0.0,0.0,950.0,0.0
116,0.0,599,450,0.0,0.0,287.0,11400.0,0.0,0.0,535.0,3847.0,740.0,1284,0.0,0.0,0.0,0.0,0.0,0.0,2024.0,0.0,2745,0.0,900.0,0.0,4720,0.0,0.0,0.0,0.0,5970,5324,816.0,0.0,12800.0,3480,0.0,0.0,935.0,0.0
115,0.0,575,450,0.0,0.0,275.0,11200.0,0.0,0.0,535.0,3847.0,770.0,1255,0.0,0.0,0.0,0.0,0.0,0.0,1971.0,0.0,2615,0.0,910.0,0.0,4660,0.0,0.0,0.0,0.0,6300,5302,774.0,0.0,13400.0,3530,0.0,0.0,940.0,0.0
200,0.0,613,450,0.0,0.0,275.0,11100.0,0.0,0.0,500.0,3897.0,790.0,1270,0.0,0.0,0.0,0.0,0.0,0.0,2200.0,0.0,2550,0.0,950.0,0.0,4620,0.0,0.0,0.0,0.0,6450,5549,774.0,0.0,13800.0,3450,0.0,0.0,950.0,0.0
249,0.0,631,475,0.0,0.0,260.0,11000.0,0.0,0.0,440.0,3832.0,785.0,1275,0.0,0.0,0.0,0.0,0.0,0.0,2332.0,0.0,2530,0.0,930.0,0.0,4600,0.0,0.0,0.0,0.0,7190,5495,761.0,0.0,13600.0,3435,0.0,0.0,950.0,0.0
240,0.0,700,475,0.0,0.0,260.0,11600.0,0.0,0.0,450.0,3797.0,735.0,1277,0.0,0.0,0.0,0.0,0.0,0.0,2429.0,0.0,2385,0.0,950.0,0.0,4580,0.0,0.0,0.0,0.0,8000,5681,757.0,0.0,12460.0,3525,0.0,0.0,980.0,0.0
200,0.0,806,475,0.0,0.0,266.0,11950.0,0.0,0.0,500.0,3698.0,725.0,1263,0.0,0.0,0.0,0.0,0.0,0.0,2772.0,0.0,2340,0.0,930.0,0.0,4640,0.0,0.0,0.0,0.0,7800,6071,782.0,0.0,12700.0,3700,0.0,0.0,985.0,0.0
160,0.0,856,450,0.0,0.0,268.0,12700.0,0.0,0.0,450.0,3588.0,745.0,1291,0.0,0.0,0.0,0.0,0.0,0.0,2913.0,0.0,2300,0.0,935.0,0.0,4780,0.0,0.0,0.0,0.0,8400,6566,757.0,0.0,12260.0,4000,0.0,0.0,1010.0,0.0
230,0.0,938,440,0.0,0.0,285.0,14050.0,0.0,0.0,440.0,3688.0,700.0,1375,0.0,0.0,0.0,0.0,0.0,0.0,3018.0,0.0,2130,0.0,950.0,0.0,4812,0.0,0.0,0.0,0.0,8400,7176,795.0,0.0,12300.0,4275,0.0,0.0,1070.0,0.0
205,0.0,938,440,0.0,0.0,300.0,15100.0,0.0,0.0,445.0,3897.0,707.0,1420,0.0,0.0,0.0,0.0,0.0,0.0,2904.0,0.0,2230,0.0,970.0,0.0,4980,0.0,0.0,0.0,0.0,8100,6896,799.0,0.0,12300.0,4300,0.0,0.0,1125.0,0.0
270,0.0,875,425,0.0,0.0,315.0,16500.0,0.0,0.0,445.0,3947.0,710.0,1394,0.0,0.0,0.0,0.0,0.0,0.0,2842.0,0.0,2200,0.0,980.0,0.0,5120,0.0,0.0,0.0,0.0,7950,6742,799.0,0.0,11900.0,4300,0.0,0.0,1105.0,0.0
272,0.0,813,415,0.0,0.0,330.0,15000.0,0.0,0.0,440.0,3847.0,708.0,1375,0.0,0.0,0.0,0.0,0.0,0.0,2983.0,0.0,2190,0.0,960.0,0.0,5100,0.0,0.0,0.0,0.0,8150,6593,786.0,0.0,11980.0,4300,0.0,0.0,1090.0,0.0
250,0.0,819,415,0.0,0.0,310.0,14150.0,0.0,0.0,490.0,3987.0,709.0,1361,0.0,0.0,0.0,0.0,0.0,0.0,2904.0,0.0,2180,0.0,1000.0,0.0,4992,0.0,0.0,0.0,0.0,8150,6582,763.0,0.0,11800.0,4305,0.0,0.0,1080.0,0.0
290,0.0,800,410,0.0,0.0,350.0,13250.0,0.0,0.0,465.0,4022.0,710.0,1382,0.0,0.0,0.0,0.0,0.0,0.0,2922.0,0.0,2300,0.0,1000.0,0.0,4900,0.0,0.0,0.0,0.0,7990,6429,782.0,0.0,11860.0,4300,0.0,0.0,1100.0,0.0
290,0.0,813,400,0.0,0.0,345.0,14000.0,0.0,0.0,480.0,4272.0,705.0,1428,0.0,0.0,0.0,0.0,0.0,0.0,2992.0,0.0,2500,0.0,1050.0,0.0,4916,0.0,0.0,0.0,0.0,7950,6170,842.0,0.0,11860.0,4325,0.0,0.0,1150.0,0.0
269,0.0,806,400,0.0,0.0,345.0,13750.0,0.0,0.0,470.0,4497.0,705.0,1467,0.0,0.0,0.0,0.0,0.0,0.0,3098.0,0.0,2610,0.0,1100.0,0.0,4932,0.0,0.0,0.0,0.0,8040,6236,854.0,0.0,12080.0,4300,0.0,0.0,1120.0,0.0
269,0.0,850,400,0.0,0.0,330.0,13650.0,0.0,0.0,454.0,4422.0,710.0,1484,0.0,0.0,0.0,0.0,0.0,0.0,3080.0,0.0,2600,0.0,1115.0,0.0,4980,0.0,0.0,0.0,0.0,8400,6258,880.0,0.0,12700.0,4230,0.0,0.0,1055.0,0.0
275,0.0,875,400,0.0,0.0,320.0,14000.0,0.0,0.0,475.0,4197.0,750.0,1445,0.0,0.0,0.0,0.0,0.0,0.0,3102.0,0.0,2575,0.0,1115.0,0.0,4940,0.0,0.0,0.0,0.0,8520,6319,888.0,0.0,13400.0,4250,0.0,0.0,1030.0,0.0
286,0.0,875,400,0.0,0.0,320.0,14400.0,0.0,0.0,410.0,3967.0,770.0,1414,0.0,0.0,0.0,0.0,0.0,0.0,3014.0,0.0,2360,0.0,1090.0,0.0,4800,0.0,0.0,0.0,0.0,8200,6126,880.0,0.0,13580.0,4200,0.0,0.0,1010.0,0.0
270,0.0,856,400,0.0,0.0,345.0,14700.0,0.0,0.0,405.0,3937.0,770.0,1392,0.0,0.0,0.0,0.0,0.0,0.0,2922.0,0.0,2295,0.0,1070.0,0.0,4760,0.0,0.0,0.0,0.0,8100,6236,846.0,0.0,14000.0,4050,0.0,0.0,1000.0,0.0
265,0.0,844,400,0.0,0.0,370.0,14950.0,0.0,0.0,395.0,3822.0,740.0,1382,0.0,0.0,0.0,0.0,0.0,0.0,2631.0,0.0,2310,0.0,1040.0,0.0,4824,0.0,0.0,0.0,0.0,7600,6352,825.0,0.0,13600.0,3900,0.0,0.0,1000.0,0.0
230,0.0,806,400,0.0,0.0,365.0,14800.0,0.0,0.0,401.0,3723.0,730.0,1375,0.0,0.0,0.0,0.0,0.0,0.0,2710.0,0.0,2335,0.0,1000.0,0.0,4824,0.0,0.0,0.0,0.0,7420,6456,799.0,0.0,13200.0,3900,0.0,0.0,1010.0,0.0
285,0.0,798,400,0.0,0.0,330.0,14250.0,0.0,0.0,390.0,3498.0,720.0,1382,0.0,0.0,0.0,0.0,0.0,0.0,2596.0,0.0,2320,0.0,980.0,0.0,4840,0.0,0.0,0.0,0.0,7300,6181,769.0,0.0,12640.0,3820,0.0,0.0,1000.0,0.0
285,0.0,800,350,0.0,0.0,350.0,13650.0,0.0,0.0,385.0,3523.0,701.0,1375,0.0,0.0,0.0,0.0,0.0,0.0,2631.0,0.0,2275,0.0,1000.0,0.0,4820,0.0,0.0,0.0,0.0,7300,6055,752.0,0.0,12200.0,3620,0.0,0.0,1000.0,0.0
289,0.0,775,350,0.0,0.0,365.0,13350.0,0.0,0.0,374.0,3548.0,680.0,1431,0.0,0.0,0.0,0.0,0.0,0.0,2455.0,0.0,2330,0.0,970.0,0.0,4836,0.0,0.0,0.0,0.0,7760,6060,780.0,0.0,12000.0,3625,0.0,0.0,1020.0,0.0
260,0.0,788,375,0.0,0.0,351.0,12820.0,0.0,0.0,355.0,3797.0,650.0,1434,0.0,0.0,0.0,0.0,0.0,0.0,2376.0,0.0,2350,0.0,960.0,0.0,4900,0.0,0.0,0.0,0.0,8350,6126,808.0,0.0,12000.0,3680,0.0,0.0,1030.0,0.0
258,0.0,831,375,0.0,0.0,360.0,12910.0,0.0,0.0,355.0,3743.0,620.0,1368,0.0,0.0,0.0,0.0,0.0,0.0,2367.0,0.0,2425,0.0,985.0,0.0,5000,0.0,0.0,0.0,0.0,8350,6126,825.0,0.0,12000.0,3825,0.0,0.0,1025.0,0.0
250,0.0,863,375,0.0,0.0,394.0,13050.0,0.0,0.0,380.0,3688.0,645.0,1327,0.0,0.0,0.0,0.0,0.0,0.0,2350.0,0.0,2350,0.0,970.0,0.0,4980,0.0,0.0,0.0,0.0,8200,5989,812.0,0.0,11800.0,3825,0.0,0.0,1150.0,0.0
255,0.0,850,375,0.0,0.0,425.0,13150.0,0.0,0.0,380.0,3548.0,650.0,1293,0.0,0.0,0.0,0.0,0.0,0.0,2332.0,0.0,2375,0.0,990.0,0.0,4960,0.0,0.0,0.0,0.0,8020,5632,837.0,0.0,12100.0,3650,0.0,0.0,1000.0,0.0
250,0.0,849,375,0.0,0.0,365.0,12950.0,0.0,0.0,390.0,3488.0,665.0,1257,0.0,0.0,0.0,0.0,0.0,0.0,2288.0,0.0,2420,0.0,950.0,0.0,4960,0.0,0.0,0.0,0.0,7800,5687,795.0,0.0,12400.0,3600,0.0,0.0,990.0,0.0
260,0.0,848,375,0.0,0.0,350.0,12700.0,0.0,0.0,385.0,3498.0,700.0,1206,0.0,0.0,0.0,0.0,0.0,0.0,2486.0,0.0,2300,0.0,945.0,0.0,4864,0.0,0.0,0.0,0.0,7800,5549,765.0,0.0,12540.0,3400,0.0,0.0,930.0,0.0
280,0.0,846,375,0.0,0.0,352.0,12850.0,0.0,0.0,385.0,3478.0,690.0,1236,0.0,0.0,0.0,0.0,0.0,0.0,2464.0,0.0,2215,0.0,920.0,0.0,4820,0.0,0.0,0.0,0.0,7900,5440,762.0,0.0,12820.0,3320,0.0,0.0,935.0,0.0
280,0.0,846,375,0.0,0.0,365.0,13440.0,0.0,0.0,375.0,3478.0,700.0,1236,0.0,0.0,0.0,0.0,0.0,0.0,2464.0,0.0,2170,0.0,920.0,0.0,4760,0.0,0.0,0.0,0.0,7900,5379,762.0,0.0,12360.0,3200,0.0,0.0,930.0,0.0
285,0.0,846,325,0.0,0.0,350.0,13600.0,0.0,0.0,375.0,3148.0,680.0,1209,0.0,0.0,0.0,0.0,0.0,0.0,2402.0,0.0,2170,0.0,900.0,0.0,4760,0.0,0.0,0.0,0.0,7780,5379,677.0,0.0,11700.0,3200,0.0,0.0,930.0,0.0
285,0.0,825,325,0.0,0.0,370.0,13850.0,0.0,0.0,350.0,3198.0,660.0,1240,0.0,0.0,0.0,0.0,0.0,0.0,2380.0,0.0,2025,0.0,885.0,0.0,4500,0.0,0.0,0.0,0.0,7850,4945,706.0,0.0,11000.0,2825,0.0,0.0,940.0,0.0
275,0.0,805,325,0.0,0.0,381.0,13850.0,0.0,0.0,330.0,3098.0,640.0,1239,0.0,0.0,0.0,0.0,0.0,0.0,2372.0,0.0,2150,0.0,850.0,0.0,4560,0.0,0.0,0.0,0.0,8050,4879,672.0,0.0,11000.0,2950,0.0,0.0,905.0,0.0
265,0.0,825,325,0.0,0.0,381.0,13380.0,0.0,0.0,330.0,3138.0,640.0,1347,0.0,0.0,0.0,0.0,0.0,0.0,2534.0,0.0,2175,0.0,860.0,0.0,4400,0.0,0.0,0.0,0.0,8600,4560,680.0,0.0,10000.0,2800,0.0,0.0,885.0,0.0
245,0.0,840,300,0.0,0.0,390.0,13200.0,0.0,0.0,320.0,3008.0,580.0,1288,0.0,0.0,0.0,0.0,0.0,0.0,2464.0,0.0,2150,0.0,850.0,0.0,4400,0.0,0.0,0.0,0.0,8600,4698,678.0,0.0,10140.0,2850,0.0,0.0,925.0,0.0
250,0.0,844,300,0.0,0.0,375.0,12500.0,0.0,0.0,315.0,3088.0,580.0,1319,0.0,0.0,0.0,0.0,0.0,0.0,2684.0,0.0,2000,0.0,851.0,0.0,4400,0.0,0.0,0.0,0.0,8900,4643,677.0,0.0,10000.0,2700,0.0,0.0,900.0,0.0
230,0.0,856,275,0.0,0.0,360.0,12800.0,0.0,0.0,320.0,3098.0,580.0,1347,0.0,0.0,0.0,0.0,0.0,0.0,2750.0,0.0,2080,0.0,851.0,0.0,4440,0.0,0.0,0.0,0.0,9040,4615,680.0,0.0,10420.0,2675,0.0,0.0,915.0,0.0
250,0.0,875,275,0.0,0.0,360.0,12550.0,0.0,0.0,300.0,3098.0,635.0,1347,0.0,0.0,0.0,0.0,0.0,0.0,2578.0,0.0,2020,0.0,800.0,0.0,4680,0.0,0.0,0.0,0.0,9220,4890,672.0,0.0,10440.0,2825,0.0,0.0,915.0,0.0
280,0.0,981,275,0.0,0.0,370.0,12600.0,0.0,0.0,290.0,2848.0,600.0,1234,0.0,0.0,0.0,0.0,0.0,0.0,2548.0,0.0,1980,0.0,815.0,0.0,4712,0.0,0.0,0.0,0.0,9250,4945,598.0,0.0,11180.0,2700,0.0,0.0,915.0,0.0
280,0.0,975,275,0.0,0.0,410.0,12650.0,0.0,0.0,295.0,2908.0,630.0,1170,0.0,0.0,0.0,0.0,0.0,0.0,2552.0,0.0,1880,0.0,850.0,0.0,4460,0.0,0.0,0.0,0.0,9010,4670,582.0,0.0,11000.0,2440,0.0,0.0,910.0,0.0
275,0.0,913,275,0.0,0.0,425.0,12520.0,0.0,0.0,295.0,2978.0,630.0,1156,0.0,0.0,0.0,0.0,0.0,0.0,2376.0,0.0,1850,0.0,865.0,0.0,4260,0.0,0.0,0.0,0.0,8920,4588,582.0,0.0,10260.0,2580,0.0,0.0,905.0,0.0
275,0.0,888,285,0.0,0.0,426.0,12450.0,0.0,0.0,300.0,2838.0,585.0,1066,0.0,0.0,0.0,0.0,0.0,0.0,2090.0,0.0,1890,0.0,800.0,0.0,4160,0.0,0.0,0.0,0.0,8200,4643,531.0,0.0,9490.0,2690,0.0,0.0,900.0,0.0
265,0.0,838,285,0.0,0.0,395.0,12110.0,0.0,0.0,300.0,2548.0,570.0,982,0.0,0.0,0.0,0.0,0.0,0.0,2178.0,0.0,1775,0.0,800.0,0.0,3880,0.0,0.0,0.0,0.0,8200,4368,519.0,0.0,9490.0,2415,0.0,0.0,800.0,0.0
265,0.0,788,285,0.0,0.0,400.0,11900.0,0.0,0.0,300.0,2398.0,550.0,1017,0.0,0.0,0.0,0.0,0.0,0.0,1980.0,0.0,1550,0.0,750.0,0.0,3460,0.0,0.0,0.0,0.0,8200,4451,510.0,0.0,9800.0,2520,0.0,0.0,650.0,0.0
200,0.0,738,285,0.0,0.0,395.0,11200.0,0.0,0.0,272.0,2498.0,560.0,1024,0.0,0.0,0.0,0.0,0.0,0.0,2244.0,0.0,1450,0.0,750.0,0.0,3000,0.0,0.0,0.0,0.0,8000,4176,493.0,0.0,9400.0,2520,0.0,0.0,550.0,0.0
230,0.0,763,285,0.0,0.0,370.0,11050.0,0.0,0.0,315.0,2648.0,500.0,1066,0.0,0.0,0.0,0.0,0.0,0.0,2420.0,0.0,1350,0.0,700.0,0.0,2996,0.0,0.0,0.0,0.0,8050,4451,459.0,0.0,9000.0,2700,0.0,0.0,560.0,0.0
230,0.0,756,290,0.0,0.0,350.0,10800.0,0.0,0.0,291.0,2498.0,475.0,1122,0.0,0.0,0.0,0.0,0.0,0.0,2508.0,0.0,1260,0.0,710.0,0.0,2892,0.0,0.0,0.0,0.0,8100,4505,459.0,0.0,8600.0,2850,0.0,0.0,530.0,0.0
230,0.0,788,290,0.0,0.0,341.0,11000.0,0.0,0.0,295.0,2548.0,420.0,1010,0.0,0.0,0.0,0.0,0.0,0.0,2464.0,0.0,1300,0.0,695.0,0.0,2912,0.0,0.0,0.0,0.0,8200,4670,434.0,0.0,8350.0,2865,0.0,0.0,550.0,0.0
230,0.0,813,290,0.0,0.0,360.0,11150.0,0.0,0.0,290.0,2523.0,430.0,993,0.0,0.0,0.0,0.0,0.0,0.0,2728.0,0.0,1315,0.0,730.0,0.0,2936,0.0,0.0,0.0,0.0,8720,4720,412.0,0.0,7940.0,2650,0.0,0.0,550.0,0.0
230,0.0,894,325,0.0,0.0,400.0,11290.0,0.0,0.0,300.0,2533.0,416.0,982,0.0,0.0,0.0,0.0,0.0,0.0,3282.0,0.0,1310,0.0,780.0,0.0,2864,0.0,0.0,0.0,0.0,9200,4978,415.0,0.0,7950.0,2600,0.0,0.0,550.0,0.0
230,0.0,938,325,0.0,0.0,400.0,11200.0,0.0,0.0,315.0,2498.0,420.0,996,0.0,0.0,0.0,0.0,0.0,0.0,3260.0,0.0,1320,0.0,800.0,0.0,2828,0.0,0.0,0.0,0.0,9400,5192,400.0,0.0,7200.0,2800,0.0,0.0,555.0,0.0
198,0.0,1001,320,0.0,0.0,380.0,12600.0,0.0,0.0,315.0,2398.0,440.0,954,0.0,0.0,0.0,0.0,0.0,0.0,3098.0,0.0,1375,0.0,790.0,0.0,2800,0.0,0.0,0.0,0.0,8710,5275,380.0,0.0,7100.0,3200,0.0,0.0,555.0,0.0
200,0.0,994,325,0.0,0.0,370.0,13300.0,0.0,0.0,315.0,2199.0,400.0,926,0.0,0.0,0.0,0.0,0.0,0.0,3432.0,0.0,1370,0.0,765.0,0.0,2788,0.0,0.0,0.0,0.0,8770,5055,340.0,0.0,7150.0,3100,0.0,0.0,550.0,0.0
200,0.0,981,325,0.0,0.0,380.0,13600.0,0.0,0.0,320.0,1869.0,395.0,926,0.0,0.0,0.0,0.0,0.0,0.0,3784.0,0.0,1265,0.0,725.0,0.0,2660,0.0,0.0,0.0,0.0,8800,5115,327.0,0.0,8350.0,2725,0.0,0.0,541.0,0.0
200,0.0,1013,325,0.0,0.0,370.0,13000.0,0.0,0.0,320.0,2024.0,390.0,948,0.0,0.0,0.0,0.0,0.0,0.0,3520.0,0.0,1050,0.0,789.0,0.0,2500,0.0,0.0,0.0,0.0,8850,5082,369.0,0.0,8300.0,2500,0.0,0.0,485.0,0.0
220,0.0,1025,300,0.0,0.0,395.0,13750.0,0.0,0.0,310.0,2099.0,390.0,954,0.0,0.0,0.0,0.0,0.0,0.0,3467.0,0.0,1095,0.0,800.0,0.0,2600,0.0,0.0,0.0,0.0,9200,5165,383.0,0.0,8410.0,2525,0.0,0.0,485.0,0.0
220,0.0,1031,300,0.0,0.0,400.0,14880.0,0.0,0.0,310.0,2099.0,390.0,982,0.0,0.0,0.0,0.0,0.0,0.0,3388.0,0.0,1135,0.0,805.0,0.0,2768,0.0,0.0,0.0,0.0,9300,5055,421.0,0.0,8030.0,2590,0.0,0.0,510.0,0.0
225,0.0,1025,300,0.0,0.0,391.0,13850.0,0.0,0.0,305.0,1999.0,390.0,979,0.0,0.0,0.0,0.0,0.0,0.0,3353.0,0.0,1265,0.0,795.0,0.0,3000,0.0,0.0,0.0,0.0,9000,5000,425.0,0.0,8000.0,2725,0.0,0.0,525.0,0.0
225,0.0,975,300,0.0,0.0,400.0,13850.0,0.0,0.0,303.0,1899.0,400.0,943,0.0,0.0,0.0,0.0,0.0,0.0,3168.0,0.0,1260,0.0,750.0,0.0,2936,0.0,0.0,0.0,0.0,8750,4835,446.0,0.0,7990.0,2415,0.0,0.0,520.0,0.0
225,0.0,963,300,0.0,0.0,400.0,13400.0,0.0,0.0,300.0,1749.0,415.0,905,0.0,0.0,0.0,0.0,0.0,0.0,3212.0,0.0,1330,0.0,755.0,0.0,3020,0.0,0.0,0.0,0.0,8500,4725,446.0,0.0,8600.0,2375,0.0,0.0,520.0,0.0
220,0.0,948,290,0.0,0.0,395.0,13840.0,0.0,0.0,280.0,1839.0,420.0,962,0.0,0.0,0.0,0.0,0.0,0.0,2992.0,0.0,1320,0.0,730.0,0.0,2996,0.0,0.0,0.0,0.0,8500,4698,475.0,0.0,8450.0,2310,0.0,0.0,525.0,0.0
220,0.0,931,290,0.0,0.0,400.0,13400.0,0.0,0.0,290.0,1909.0,415.0,1046,0.0,0.0,0.0,0.0,0.0,0.0,2834.0,0.0,1415,0.0,740.0,0.0,3220,0.0,0.0,0.0,0.0,8540,4725,509.0,0.0,8350.0,2505,0.0,0.0,525.0,0.0
220,0.0,869,290,0.0,0.0,350.0,13850.0,0.0,0.0,297.0,1909.0,400.0,1046,0.0,0.0,0.0,0.0,0.0,0.0,2834.0,0.0,1500,0.0,740.0,0.0,3460,0.0,0.0,0.0,0.0,8540,4698,509.0,0.0,8200.0,2550,0.0,0.0,525.0,0.0
219,0.0,869,290,0.0,0.0,243.0,12850.0,0.0,0.0,297.0,1999.0,390.0,1087,0.0,0.0,0.0,0.0,0.0,0.0,3265.0,0.0,1500,0.0,745.0,0.0,3460,0.0,0.0,0.0,0.0,8940,4698,480.0,0.0,8650.0,2550,0.0,0.0,525.0,0.0
219,0.0,906,290,0.0,0.0,244.0,12600.0,0.0,0.0,297.0,2099.0,400.0,1089,0.0,0.0,0.0,0.0,0.0,0.0,3300.0,0.0,1430,0.0,745.0,0.0,3444,0.0,0.0,0.0,0.0,9250,4725,496.0,0.0,9260.0,2510,0.0,0.0,540.0,0.0
219,0.0,918,290,0.0,0.0,235.0,12600.0,0.0,0.0,307.0,1999.0,435.0,1010,0.0,0.0,0.0,0.0,0.0,0.0,3520.0,0.0,1425,0.0,710.0,0.0,3540,0.0,0.0,0.0,0.0,9150,4670,463.0,0.0,9260.0,2700,0.0,0.0,575.0,0.0
219,0.0,938,290,0.0,0.0,235.0,14630.0,0.0,0.0,308.0,1844.0,435.0,996,0.0,0.0,0.0,0.0,0.0,0.0,3458.0,0.0,1310,0.0,710.0,0.0,3556,0.0,0.0,0.0,0.0,8600,4615,448.0,0.0,9240.0,2750,0.0,0.0,600.0,0.0
200,0.0,906,290,0.0,0.0,240.0,14600.0,0.0,0.0,275.0,1844.0,438.0,983,0.0,0.0,0.0,0.0,0.0,0.0,3652.0,0.0,1210,0.0,710.0,0.0,3560,0.0,0.0,0.0,0.0,8600,4610,432.0,0.0,9550.0,2695,0.0,0.0,625.0,0.0
200,0.0,944,290,0.0,0.0,220.0,15630.0,0.0,0.0,260.0,1874.0,445.0,1006,0.0,0.0,0.0,0.0,0.0,0.0,4281.0,0.0,1145,0.0,710.0,0.0,3360,0.0,0.0,0.0,0.0,8610,4478,408.0,0.0,9520.0,2385,0.0,0.0,605.0,0.0
200,0.0,950,290,0.0,0.0,250.0,15400.0,0.0,0.0,255.0,1949.0,450.0,1079,0.0,0.0,0.0,0.0,0.0,0.0,4444.0,0.0,1040,0.0,715.0,0.0,3200,0.0,0.0,0.0,0.0,8600,4753,435.0,0.0,9500.0,2400,0.0,0.0,600.0,0.0
210,0.0,963,290,0.0,0.0,275.0,16370.0,0.0,0.0,270.0,2024.0,440.0,1094,0.0,0.0,0.0,0.0,0.0,0.0,4272.0,0.0,1035,0.0,715.0,0.0,3340,0.0,0.0,0.0,0.0,8400,5000,463.0,0.0,8550.0,2370,0.0,0.0,620.0,0.0
200,0.0,913,290,0.0,0.0,305.0,17780.0,0.0,0.0,260.0,2338.0,440.0,1087,0.0,0.0,0.0,0.0,0.0,0.0,4356.0,0.0,1070,0.0,710.0,0.0,3400,0.0,0.0,0.0,0.0,7950,5385,478.0,0.0,8300.0,2400,0.0,0.0,660.0,0.0
200,0.0,825,290,0.0,0.0,300.0,17200.0,0.0,0.0,260.0,2179.0,425.0,1063,0.0,0.0,0.0,0.0,0.0,0.0,4426.0,0.0,1105,0.0,705.0,0.0,3380,0.0,0.0,0.0,0.0,7900,5275,437.0,0.0,8300.0,2440,0.0,0.0,670.0,0.0
200,0.0,831,300,0.0,0.0,300.0,16260.0,0.0,0.0,255.0,2189.0,412.0,1059,0.0,0.0,0.0,0.0,0.0,0.0,4312.0,0.0,1115,0.0,715.0,0.0,3192,0.0,0.0,0.0,0.0,7920,5220,441.0,0.0,8550.0,2375,0.0,0.0,665.0,0.0
200,0.0,813,300,0.0,0.0,300.0,16820.0,0.0,0.0,250.0,2348.0,405.0,1066,0.0,0.0,0.0,0.0,0.0,0.0,4039.0,0.0,1150,0.0,740.0,0.0,3200,0.0,0.0,0.0,0.0,7900,5357,446.0,0.0,8700.0,2400,0.0,0.0,670.0,0.0
200,0.0,794,300,0.0,0.0,300.0,17600.0,0.0,0.0,260.0,2313.0,395.0,1094,0.0,0.0,0.0,0.0,0.0,0.0,3740.0,0.0,1320,0.0,740.0,0.0,3280,0.0,0.0,0.0,0.0,7800,5495,463.0,0.0,8400.0,2490,0.0,0.0,690.0,0.0
200,0.0,781,300,0.0,0.0,300.0,17000.0,0.0,0.0,270.0,2398.0,355.0,1122,0.0,0.0,0.0,0.0,0.0,0.0,3652.0,0.0,1400,0.0,760.0,0.0,3252,0.0,0.0,0.0,0.0,7750,5357,498.0,0.0,8800.0,2475,0.0,0.0,690.0,0.0
200,0.0,788,300,0.0,0.0,280.0,15900.0,0.0,0.0,270.0,2558.0,350.0,1052,0.0,0.0,0.0,0.0,0.0,0.0,3740.0,0.0,1465,0.0,820.0,0.0,3320,0.0,0.0,0.0,0.0,7800,5412,536.0,0.0,9450.0,2595,0.0,0.0,690.0,0.0
200,0.0,781,300,0.0,0.0,275.0,15050.0,0.0,0.0,280.0,2788.0,350.0,1115,0.0,0.0,0.0,0.0,0.0,0.0,3784.0,0.0,1470,0.0,910.0,0.0,3400,0.0,0.0,0.0,0.0,7900,5033,604.0,0.0,9370.0,2800,0.0,0.0,695.0,0.0
200,0.0,788,300,0.0,0.0,285.0,14650.0,0.0,0.0,280.0,2598.0,395.0,1066,0.0,0.0,0.0,0.0,0.0,0.0,3520.0,0.0,1535,0.0,925.0,0.0,3520,0.0,0.0,0.0,0.0,7650,5143,598.0,0.0,9490.0,3190,0.0,0.0,700.0,0.0
200,0.0,750,280,0.0,0.0,280.0,14750.0,0.0,0.0,292.0,2483.0,435.0,1087,0.0,0.0,0.0,0.0,0.0,0.0,3414.0,0.0,1550,0.0,920.0,0.0,3520,0.0,0.0,0.0,0.0,7800,4973,612.0,0.0,9580.0,3110,0.0,0.0,700.0,0.0
180,0.0,750,270,0.0,0.0,285.0,14850.0,0.0,0.0,345.0,2249.0,475.0,1094,0.0,0.0,0.0,0.0,0.0,0.0,3256.0,0.0,1620,0.0,920.0,0.0,3660,0.0,0.0,0.0,0.0,7900,5132,595.0,0.0,10340.0,3180,0.0,0.0,750.0,0.0
200,0.0,763,270,0.0,0.0,300.0,14600.0,0.0,0.0,400.0,2129.0,525.0,1122,0.0,0.0,0.0,0.0,0.0,0.0,3124.0,0.0,1620,0.0,835.0,0.0,3716,0.0,0.0,0.0,0.0,7900,5110,578.0,0.0,10280.0,2900,0.0,0.0,710.0,0.0
205,0.0,781,270,0.0,0.0,295.0,14650.0,0.0,0.0,400.0,1999.0,518.0,1100,0.0,0.0,0.0,0.0,0.0,0.0,3234.0,0.0,1630,0.0,820.0,0.0,3720,0.0,0.0,0.0,0.0,8240,5022,557.0,0.0,10900.0,2925,0.0,0.0,730.0,0.0
235,0.0,794,270,0.0,0.0,255.0,14750.0,0.0,0.0,385.0,1959.0,514.0,1089,0.0,0.0,0.0,0.0,0.0,0.0,3133.0,0.0,1660,0.0,790.0,0.0,3696,0.0,0.0,0.0,0.0,8200,4984,561.0,0.0,10800.0,2810,0.0,0.0,730.0,0.0
245,0.0,781,270,0.0,0.0,260.0,14210.0,0.0,0.0,378.0,1944.0,510.0,1162,0.0,0.0,0.0,0.0,0.0,0.0,3388.0,0.0,1640,0.0,800.0,0.0,3640,0.0,0.0,0.0,0.0,8200,4956,595.0,0.0,10600.0,2810,0.0,0.0,740.0,0.0
255,0.0,781,270,0.0,0.0,260.0,14320.0,0.0,0.0,391.0,1914.0,515.0,1164,0.0,0.0,0.0,0.0,0.0,0.0,3511.0,0.0,1735,0.0,800.0,0.0,3780,0.0,0.0,0.0,0.0,8350,4973,599.0,0.0,10440.0,2850,0.0,0.0,750.0,0.0
250,0.0,769,275,0.0,0.0,250.0,14250.0,0.0,0.0,379.0,2049.0,500.0,1136,0.0,0.0,0.0,0.0,0.0,0.0,3560.0,0.0,1715,0.0,820.0,0.0,3840,0.0,0.0,0.0,0.0,8450,4973,599.0,0.0,10600.0,2760,0.0,0.0,785.0,0.0
235,0.0,769,275,0.0,0.0,215.0,14700.0,0.0,0.0,360.0,2144.0,515.0,1136,0.0,0.0,0.0,0.0,0.0,0.0,3432.0,0.0,1690,0.0,880.0,0.0,3940,0.0,0.0,0.0,0.0,8500,4989,617.0,0.0,11000.0,2800,0.0,0.0,825.0,0.0
230,0.0,764,275,0.0,0.0,230.0,14680.0,0.0,0.0,363.0,2224.0,535.0,1192,0.0,0.0,0.0,0.0,0.0,0.0,3238.0,0.0,1690,0.0,890.0,0.0,4160,0.0,0.0,0.0,0.0,8640,5016,646.0,0.0,10800.0,2745,0.0,0.0,830.0,0.0
225,0.0,744,275,0.0,0.0,230.0,14500.0,0.0,0.0,410.0,2224.0,565.0,1213,0.0,0.0,0.0,0.0,0.0,0.0,2992.0,0.0,1815,0.0,900.0,0.0,4332,0.0,0.0,0.0,0.0,8360,5247,634.0,0.0,10960.0,2800,0.0,0.0,905.0,0.0
275,0.0,719,275,0.0,0.0,230.0,14250.0,0.0,0.0,400.0,2278.0,550.0,1248,0.0,0.0,0.0,0.0,0.0,0.0,2904.0,0.0,1765,0.0,960.0,0.0,4292,0.0,0.0,0.0,0.0,8360,5363,646.0,0.0,11200.0,3040,0.0,0.0,910.0,0.0
300,0.0,756,300,0.0,0.0,230.0,14000.0,0.0,0.0,394.0,2229.0,575.0,1248,0.0,0.0,0.0,0.0,0.0,0.0,2869.0,0.0,1895,0.0,1050.0,0.0,4360,0.0,0.0,0.0,0.0,7900,5324,650.0,0.0,11220.0,3130,0.0,0.0,925.0,0.0
300,0.0,763,310,0.0,0.0,215.0,13650.0,0.0,0.0,365.0,2293.0,675.0,1220,0.0,0.0,0.0,0.0,0.0,0.0,2891.0,0.0,1790,0.0,1050.0,0.0,4260,0.0,0.0,0.0,0.0,7900,5220,639.0,0.0,11600.0,2900,0.0,0.0,930.0,0.0
300,0.0,788,325,0.0,0.0,210.0,13490.0,0.0,0.0,360.0,2268.0,665.0,1185,0.0,0.0,0.0,0.0,0.0,0.0,2816.0,0.0,1750,0.0,1010.0,0.0,4400,0.0,0.0,0.0,0.0,7800,5165,628.0,0.0,12040.0,3020,0.0,0.0,953.0,0.0
270,0.0,778,325,0.0,0.0,210.0,13500.0,0.0,0.0,360.0,2244.0,658.0,1195,0.0,0.0,0.0,0.0,0.0,0.0,2772.0,0.0,1690,0.0,985.0,0.0,4272,0.0,0.0,0.0,0.0,7870,5000,606.0,0.0,12260.0,2990,0.0,0.0,961.0,0.0
260,0.0,775,330,0.0,0.0,225.0,13550.0,0.0,0.0,350.0,2224.0,580.0,1213,0.0,0.0,0.0,0.0,0.0,0.0,2816.0,0.0,1595,0.0,980.0,0.0,4020,0.0,0.0,0.0,0.0,7870,4962,624.0,0.0,12040.0,3000,0.0,0.0,965.0,0.0
250,0.0,775,330,0.0,0.0,210.0,13400.0,0.0,0.0,345.0,2049.0,560.0,1192,0.0,0.0,0.0,0.0,0.0,0.0,2983.0,0.0,1590,0.0,970.0,0.0,3980,0.0,0.0,0.0,0.0,8000,5055,592.0,0.0,12000.0,3000,0.0,0.0,965.0,0.0
250,0.0,775,320,0.0,0.0,220.0,13200.0,0.0,0.0,310.0,2019.0,570.0,1212,0.0,0.0,0.0,0.0,0.0,0.0,3344.0,0.0,1530,0.0,966.0,0.0,3892,0.0,0.0,0.0,0.0,8100,5022,578.0,0.0,12000.0,3000,0.0,0.0,940.0,0.0
230,0.0,791,310,0.0,0.0,210.0,13220.0,0.0,0.0,301.0,2199.0,570.0,1220,0.0,0.0,0.0,0.0,0.0,0.0,3168.0,0.0,1490,0.0,970.0,0.0,3856,0.0,0.0,0.0,0.0,8200,5082,582.0,0.0,11940.0,3100,0.0,0.0,930.0,0.0
240,0.0,788,300,0.0,0.0,220.0,13200.0,0.0,0.0,320.0,2199.0,575.0,1232,0.0,0.0,0.0,0.0,0.0,0.0,3194.0,0.0,1515,0.0,980.0,0.0,3840,0.0,0.0,0.0,0.0,8200,5044,591.0,0.0,11640.0,3130,0.0,0.0,931.0,0.0
240,0.0,763,300,0.0,0.0,220.0,14000.0,0.0,0.0,305.0,2209.0,570.0,1218,0.0,0.0,0.0,0.0,0.0,0.0,3331.0,0.0,1550,0.0,990.0,0.0,3836,0.0,0.0,0.0,0.0,8600,5027,563.0,0.0,11500.0,2900,0.0,0.0,930.0,0.0
245,0.0,831,300,0.0,0.0,220.0,13700.0,0.0,0.0,305.0,2268.0,580.0,1226,0.0,0.0,0.0,0.0,0.0,0.0,3498.0,0.0,1500,0.0,990.0,0.0,3824,0.0,0.0,0.0,0.0,9050,5005,553.0,0.0,11420.0,2900,0.0,0.0,880.0,0.0
260,0.0,879,300,0.0,0.0,225.0,13750.0,0.0,0.0,310.0,2268.0,600.0,1201,0.0,0.0,0.0,0.0,0.0,0.0,3300.0,0.0,1450,0.0,975.0,0.0,3920,0.0,0.0,0.0,0.0,8990,4989,574.0,0.0,11700.0,3020,0.0,0.0,730.0,0.0
300,0.0,891,300,0.0,0.0,245.0,13850.0,0.0,0.0,291.0,2199.0,615.0,1234,0.0,0.0,0.0,0.0,0.0,0.0,3278.0,0.0,1505,0.0,990.0,0.0,4020,0.0,0.0,0.0,0.0,9130,4984,612.0,0.0,11700.0,2935,0.0,0.0,790.0,0.0
300,0.0,906,300,0.0,0.0,270.0,14300.0,0.0,0.0,295.0,2079.0,620.0,1229,0.0,0.0,0.0,0.0,0.0,0.0,3410.0,0.0,1570,0.0,990.0,0.0,4260,0.0,0.0,0.0,0.0,9240,4984,616.0,0.0,11900.0,2795,0.0,0.0,800.0,0.0
300,0.0,919,300,0.0,0.0,290.0,14000.0,0.0,0.0,292.0,1999.0,640.0,1241,0.0,0.0,0.0,0.0,0.0,0.0,3410.0,0.0,1570,0.0,970.0,0.0,4272,0.0,0.0,0.0,0.0,9300,4945,617.0,0.0,12080.0,2640,0.0,0.0,765.0,0.0
305,0.0,925,300,0.0,0.0,295.0,13950.0,0.0,0.0,280.0,2019.0,630.0,1227,0.0,0.0,0.0,0.0,0.0,0.0,3410.0,0.0,1500,0.0,990.0,0.0,4240,0.0,0.0,0.0,0.0,9300,5000,615.0,0.0,12000.0,2475,0.0,0.0,720.0,0.0
300,0.0,931,290,0.0,0.0,340.0,13950.0,0.0,0.0,280.0,1989.0,630.0,1232,0.0,0.0,0.0,0.0,0.0,0.0,3221.0,0.0,1500,0.0,970.0,0.0,4220,0.0,0.0,0.0,0.0,9170,4995,610.0,0.0,11960.0,2450,0.0,0.0,720.0,0.0
305,0.0,938,290,0.0,0.0,323.0,13750.0,0.0,0.0,285.0,2099.0,600.0,1215,0.0,0.0,0.0,0.0,599.0,0.0,3256.0,0.0,1470,0.0,960.0,0.0,4200,0.0,0.0,0.0,0.0,9200,4989,595.0,0.0,11900.0,2310,0.0,0.0,730.0,0.0
314,0.0,976,280,0.0,0.0,325.0,13800.0,0.0,0.0,285.0,2024.0,560.0,1176,0.0,0.0,0.0,0.0,567.0,0.0,2992.0,0.0,1415,0.0,935.0,0.0,4180,0.0,0.0,0.0,0.0,8920,5011,547.0,0.0,12000.0,2215,0.0,0.0,727.0,0.0
305,0.0,956,290,0.0,0.0,340.0,13800.0,0.0,0.0,260.0,2024.0,560.0,1178,0.0,0.0,0.0,0.0,576.0,0.0,2873.0,0.0,1300,0.0,960.0,0.0,3996,0.0,0.0,0.0,0.0,8940,4901,536.0,0.0,11960.0,2200,0.0,0.0,700.0,0.0
300,0.0,928,290,0.0,0.0,325.0,13900.0,0.0,0.0,270.0,2049.0,550.0,1118,0.0,0.0,0.0,0.0,570.0,0.0,2772.0,0.0,1300,0.0,955.0,0.0,4008,0.0,0.0,0.0,0.0,8850,4973,527.0,0.0,11660.0,2400,0.0,0.0,695.0,0.0
290,0.0,899,290,0.0,0.0,320.0,12970.0,0.0,0.0,280.0,1999.0,550.0,1087,0.0,0.0,0.0,0.0,578.0,0.0,2798.0,0.0,1290,0.0,905.0,0.0,3936,0.0,0.0,0.0,0.0,8710,4945,511.0,0.0,11100.0,2350,0.0,0.0,625.0,0.0
280,0.0,838,290,0.0,0.0,330.0,12440.0,0.0,0.0,280.0,1999.0,545.0,1079,0.0,0.0,0.0,0.0,578.0,0.0,2798.0,0.0,1300,0.0,900.0,0.0,3780,0.0,0.0,0.0,0.0,8710,4835,508.0,0.0,11180.0,2325,0.0,0.0,600.0,0.0
280,0.0,875,290,0.0,0.0,335.0,12050.0,0.0,0.0,285.0,1999.0,545.0,1066,0.0,0.0,0.0,0.0,581.0,0.0,3265.0,0.0,1300,0.0,890.0,0.0,3720,0.0,0.0,0.0,0.0,8870,4835,492.0,0.0,10800.0,2330,0.0,0.0,600.0,0.0
320,0.0,926,290,0.0,0.0,320.0,11850.0,0.0,0.0,285.0,2029.0,525.0,1066,0.0,0.0,0.0,0.0,583.0,0.0,3212.0,0.0,1290,0.0,865.0,0.0,3580,0.0,0.0,0.0,0.0,8750,5000,503.0,0.0,10060.0,2300,0.0,0.0,580.0,0.0
300,0.0,938,290,0.0,0.0,300.0,11900.0,0.0,0.0,280.0,2109.0,520.0,1094,0.0,0.0,0.0,0.0,586.0,0.0,3194.0,0.0,1350,0.0,860.0,0.0,3540,0.0,0.0,0.0,0.0,8500,4973,508.0,0.0,9700.0,2400,0.0,0.0,592.0,0.0
300,0.0,931,290,0.0,0.0,300.0,12200.0,0.0,0.0,282.0,2209.0,520.0,1077,0.0,0.0,0.0,0.0,582.0,0.0,3168.0,0.0,1390,0.0,850.0,0.0,3588,0.0,0.0,0.0,0.0,8350,4780,504.0,0.0,9560.0,2370,0.0,0.0,625.0,0.0
298,0.0,963,290,0.0,0.0,343.0,11950.0,0.0,0.0,275.0,2189.0,515.0,1038,0.0,0.0,0.0,0.0,578.0,0.0,2904.0,0.0,1400,0.0,780.0,0.0,3600,0.0,0.0,0.0,0.0,8490,4637,499.0,0.0,9800.0,2350,0.0,0.0,645.0,0.0
298,0.0,976,290,0.0,0.0,345.0,12200.0,0.0,0.0,270.0,2239.0,550.0,1042,0.0,0.0,0.0,0.0,579.0,0.0,2904.0,0.0,1425,0.0,780.0,0.0,3580,0.0,0.0,0.0,0.0,8720,4615,493.0,0.0,9950.0,2150,0.0,0.0,645.0,0.0
290,0.0,988,290,0.0,0.0,331.0,11930.0,0.0,0.0,270.0,2239.0,600.0,1042,0.0,0.0,0.0,0.0,579.0,0.0,2904.0,0.0,1420,0.0,780.0,0.0,3580,0.0,0.0,0.0,0.0,8720,4643,493.0,0.0,10000.0,2200,0.0,0.0,650.0,0.0
290,0.0,988,290,0.0,0.0,335.0,11950.0,0.0,0.0,270.0,2318.0,550.0,1066,0.0,0.0,0.0,0.0,571.0,0.0,2974.0,0.0,1420,0.0,780.0,0.0,3580,0.0,0.0,0.0,0.0,8600,4643,475.0,0.0,9940.0,2200,0.0,0.0,650.0,0.0
290,0.0,963,290,0.0,0.0,325.0,12380.0,0.0,0.0,260.0,2398.0,550.0,1084,0.0,0.0,0.0,0.0,569.0,0.0,2904.0,0.0,1415,0.0,790.0,0.0,3600,0.0,0.0,0.0,0.0,8200,4588,474.0,0.0,9650.0,2200,0.0,0.0,715.0,0.0
285,0.0,925,290,0.0,0.0,325.0,12380.0,0.0,0.0,260.0,2398.0,536.0,1103,0.0,0.0,0.0,0.0,579.0,0.0,3080.0,0.0,1430,0.0,780.0,0.0,3584,0.0,0.0,0.0,0.0,8130,4588,502.0,0.0,9650.0,2190,0.0,0.0,700.0,0.0
285,0.0,913,290,0.0,0.0,325.0,12950.0,0.0,0.0,265.0,2348.0,536.0,1150,0.0,0.0,0.0,0.0,590.0,0.0,2992.0,0.0,1500,0.0,790.0,0.0,3596,0.0,0.0,0.0,0.0,7950,4555,507.0,0.0,9450.0,2220,0.0,0.0,700.0,0.0
285,0.0,900,315,0.0,0.0,340.0,12390.0,0.0,0.0,270.0,2298.0,536.0,1131,0.0,0.0,0.0,0.0,588.0,0.0,2860.0,0.0,1530,0.0,795.0,0.0,3612,0.0,0.0,0.0,0.0,7700,4505,510.0,0.0,9360.0,2220,0.0,0.0,710.0,0.0
285,0.0,914,315,0.0,0.0,325.0,12050.0,0.0,0.0,260.0,2298.0,545.0,1139,0.0,0.0,0.0,0.0,592.0,0.0,2904.0,0.0,1525,0.0,780.0,0.0,3600,0.0,0.0,0.0,0.0,7700,4451,520.0,0.0,9400.0,2225,0.0,0.0,740.0,0.0
285,0.0,925,315,0.0,0.0,315.0,11650.0,0.0,0.0,260.0,2298.0,560.0,1139,0.0,0.0,0.0,0.0,592.0,0.0,2904.0,0.0,1600,0.0,780.0,0.0,3620,0.0,0.0,0.0,0.0,7700,4527,520.0,0.0,9450.0,2240,0.0,0.0,758.0,0.0
285,0.0,925,315,0.0,0.0,310.0,11150.0,0.0,0.0,260.0,2348.0,550.0,1164,0.0,0.0,0.0,0.0,580.0,0.0,2926.0,0.0,1600,0.0,780.0,0.0,3620,0.0,0.0,0.0,0.0,7800,4527,540.0,0.0,9700.0,2240,0.0,0.0,758.0,0.0
285,0.0,938,315,0.0,0.0,300.0,11400.0,0.0,0.0,260.0,2343.0,550.0,1190,0.0,0.0,0.0,0.0,584.0,0.0,2904.0,0.0,1705,0.0,745.0,0.0,3828,0.0,0.0,0.0,0.0,8050,4560,555.0,0.0,9670.0,2275,0.0,0.0,788.0,0.0
285,0.0,975,315,0.0,0.0,309.0,11400.0,0.0,0.0,285.0,2298.0,560.0,1199,0.0,0.0,0.0,0.0,590.0,0.0,2838.0,0.0,1775,0.0,795.0,0.0,3996,0.0,0.0,0.0,0.0,8000,4555,557.0,0.0,9670.0,2220,0.0,0.0,800.0,0.0
285,0.0,1000,315,0.0,0.0,309.0,11550.0,0.0,0.0,300.0,2298.0,560.0,1198,0.0,0.0,0.0,0.0,585.0,0.0,2860.0,0.0,1800,0.0,820.0,0.0,4032,0.0,0.0,0.0,0.0,8070,4555,546.0,0.0,10000.0,2210,0.0,0.0,775.0,0.0
285,0.0,1000,315,0.0,0.0,290.0,11550.0,0.0,0.0,290.0,2298.0,563.0,1198,0.0,0.0,0.0,0.0,585.0,0.0,2860.0,0.0,1800,0.0,820.0,0.0,4000,0.0,0.0,0.0,0.0,8070,4555,546.0,0.0,9940.0,2225,0.0,0.0,775.0,0.0
285,0.0,1000,315,0.0,0.0,282.0,11790.0,0.0,0.0,290.0,2298.0,570.0,1164,0.0,0.0,0.0,0.0,577.0,0.0,2926.0,0.0,1800,0.0,825.0,0.0,4000,0.0,0.0,0.0,0.0,7800,4555,536.0,0.0,10200.0,2225,0.0,0.0,775.0,0.0
285,0.0,988,315,0.0,0.0,305.0,11460.0,0.0,0.0,278.0,2293.0,575.0,1166,0.0,0.0,0.0,0.0,577.0,0.0,2926.0,0.0,1800,0.0,815.0,0.0,3920,0.0,0.0,0.0,0.0,7700,4522,546.0,0.0,10020.0,2220,0.0,0.0,758.0,0.0
290,0.0,975,315,0.0,0.0,325.0,11460.0,0.0,0.0,275.0,2338.0,575.0,1234,0.0,0.0,0.0,0.0,579.0,0.0,3076.0,0.0,1800,0.0,840.0,0.0,3944,0.0,0.0,0.0,0.0,7940,4511,620.0,0.0,10020.0,2200,0.0,0.0,750.0,0.0
301,0.0,1019,315,0.0,0.0,325.0,11590.0,0.0,0.0,300.0,2348.0,575.0,1268,0.0,0.0,0.0,0.0,587.0,0.0,3036.0,0.0,1950,0.0,845.0,0.0,4168,0.0,0.0,0.0,0.0,8000,4560,621.0,0.0,10200.0,2300,0.0,0.0,790.0,0.0
300,0.0,1025,315,0.0,0.0,325.0,11640.0,0.0,0.0,305.0,2393.0,575.0,1296,0.0,0.0,0.0,0.0,584.0,0.0,3128.0,0.0,1840,0.0,850.0,0.0,4200,0.0,0.0,0.0,0.0,8600,4560,657.0,0.0,10620.0,2295,0.0,0.0,820.0,0.0
329,0.0,1075,315,0.0,0.0,325.0,12050.0,0.0,0.0,310.0,2448.0,540.0,1305,0.0,0.0,0.0,0.0,577.0,0.0,3124.0,0.0,1880,0.0,850.0,0.0,4200,0.0,0.0,0.0,0.0,8800,4451,655.0,0.0,11660.0,2310,0.0,0.0,815.0,0.0
310,0.0,1113,315,0.0,0.0,310.0,12700.0,0.0,0.0,314.0,2428.0,550.0,1284,0.0,0.0,0.0,0.0,548.0,0.0,3036.0,0.0,1870,0.0,840.0,0.0,4240,0.0,0.0,0.0,0.0,9200,4560,642.0,0.0,11720.0,2430,0.0,0.0,825.0,0.0
300,0.0,1163,315,0.0,0.0,311.0,12850.0,0.0,0.0,310.0,2348.0,560.0,1192,0.0,0.0,0.0,0.0,501.0,0.0,3036.0,0.0,1845,0.0,765.0,0.0,4240,0.0,0.0,0.0,0.0,8910,4753,594.0,0.0,12100.0,2500,0.0,0.0,825.0,0.0
299,0.0,1144,315,0.0,0.0,335.0,12740.0,0.0,0.0,290.0,2358.0,580.0,1206,0.0,0.0,0.0,0.0,505.0,0.0,3102.0,0.0,1700,0.0,790.0,0.0,4100,0.0,0.0,0.0,0.0,8760,4758,582.0,0.0,11920.0,2400,0.0,0.0,830.0,0.0
298,0.0,1144,315,0.0,0.0,345.0,13180.0,0.0,0.0,290.0,2398.0,585.0,1234,0.0,0.0,0.0,0.0,485.0,0.0,3256.0,0.0,1740,0.0,770.0,0.0,4160,0.0,0.0,0.0,0.0,8650,5000,553.0,0.0,11860.0,2400,0.0,0.0,850.0,0.0
298,0.0,1115,320,0.0,0.0,340.0,13080.0,0.0,0.0,283.0,2493.0,578.0,1278,0.0,0.0,0.0,0.0,485.0,0.0,3194.0,0.0,1615,0.0,790.0,0.0,4100,0.0,0.0,0.0,0.0,8500,4984,582.0,0.0,11280.0,2335,0.0,0.0,820.0,0.0
290,0.0,1125,320,0.0,0.0,312.0,12850.0,0.0,0.0,289.0,2488.0,540.0,1303,0.0,0.0,0.0,0.0,482.0,0.0,3256.0,0.0,1720,0.0,780.0,0.0,4120,0.0,0.0,0.0,0.0,8450,4945,604.0,0.0,11000.0,2360,0.0,0.0,825.0,0.0
300,0.0,1125,320,0.0,0.0,325.0,13500.0,0.0,0.0,265.0,2398.0,525.0,1307,0.0,0.0,0.0,0.0,474.0,0.0,3102.0,0.0,1715,0.0,770.0,0.0,4120,0.0,0.0,0.0,0.0,8470,4890,588.0,0.0,10740.0,2355,0.0,0.0,826.0,0.0
310,0.0,1125,320,0.0,0.0,340.0,13330.0,0.0,0.0,260.0,2298.0,500.0,1291,0.0,0.0,0.0,0.0,460.0,0.0,3102.0,0.0,1705,0.0,750.0,0.0,4100,0.0,0.0,0.0,0.0,8710,4808,581.0,0.0,11060.0,2325,0.0,0.0,835.0,0.0
300,0.0,1131,320,0.0,0.0,335.0,13280.0,0.0,0.0,253.0,2278.0,535.0,1234,0.0,0.0,0.0,0.0,491.0,0.0,3058.0,0.0,1700,0.0,750.0,0.0,4104,0.0,0.0,0.0,0.0,8500,4764,563.0,0.0,11360.0,2290,0.0,0.0,835.0,0.0
300,0.0,1138,320,0.0,0.0,345.0,12800.0,0.0,0.0,260.0,2278.0,540.0,1232,0.0,0.0,0.0,0.0,493.0,0.0,3054.0,0.0,1675,0.0,750.0,0.0,4084,0.0,0.0,0.0,0.0,8550,4786,575.0,0.0,11300.0,2250,0.0,0.0,840.0,0.0
300,0.0,1138,320,0.0,0.0,336.0,12750.0,0.0,0.0,260.0,2179.0,541.0,1240,0.0,0.0,0.0,0.0,492.0,0.0,3098.0,0.0,1680,0.0,765.0,0.0,4060,0.0,0.0,0.0,0.0,8750,4725,566.0,0.0,11240.0,2200,0.0,0.0,820.0,0.0
300,0.0,1170,320,0.0,0.0,345.0,12500.0,0.0,0.0,265.0,2199.0,542.0,1270,0.0,0.0,0.0,0.0,495.0,0.0,3230.0,0.0,1675,0.0,791.0,0.0,4088,0.0,0.0,0.0,0.0,9200,4720,594.0,0.0,11040.0,2190,0.0,0.0,815.0,0.0
315,0.0,1200,320,0.0,0.0,340.0,12520.0,0.0,0.0,290.0,2348.0,546.0,1291,0.0,0.0,0.0,0.0,496.0,0.0,3133.0,0.0,1820,0.0,780.0,0.0,4200,0.0,0.0,0.0,0.0,9200,4747,604.0,0.0,11100.0,2175,0.0,0.0,820.0,0.0
325,0.0,1188,320,0.0,0.0,330.0,12500.0,0.0,0.0,312.0,2398.0,560.0,1324,0.0,0.0,0.0,0.0,500.0,0.0,3282.0,0.0,1905,0.0,780.0,0.0,4280,0.0,0.0,0.0,0.0,8950,4698,619.0,0.0,11180.0,2135,0.0,0.0,825.0,0.0
332,0.0,1188,320,0.0,0.0,330.0,12270.0,0.0,0.0,333.0,2423.0,586.0,1333,0.0,0.0,0.0,0.0,490.0,0.0,3375.0,0.0,1895,0.0,780.0,0.0,4300,0.0,0.0,0.0,0.0,8800,4725,612.0,0.0,11800.0,2140,0.0,0.0,830.0,0.0
375,0.0,1175,290,0.0,0.0,330.0,11900.0,0.0,0.0,342.0,2413.0,615.0,1333,0.0,0.0,0.0,0.0,485.0,0.0,3388.0,0.0,1895,0.0,750.0,0.0,4360,0.0,0.0,0.0,0.0,8850,4615,603.0,0.0,12320.0,2120,0.0,0.0,830.0,0.0
375,0.0,1219,290,0.0,0.0,330.0,12230.0,0.0,0.0,320.0,2398.0,656.0,1316,0.0,0.0,0.0,0.0,483.0,0.0,3234.0,0.0,1850,0.0,740.0,0.0,4368,0.0,0.0,0.0,0.0,8950,4588,606.0,0.0,12240.0,2125,0.0,0.0,820.0,0.0
375,0.0,1225,300,0.0,0.0,335.0,12200.0,0.0,0.0,320.0,2408.0,680.0,1316,0.0,0.0,0.0,0.0,480.0,0.0,3212.0,0.0,1795,0.0,750.0,0.0,4352,0.0,0.0,0.0,0.0,8890,4533,609.0,0.0,12300.0,2080,0.0,0.0,815.0,0.0
375,0.0,1228,275,0.0,0.0,345.0,12200.0,0.0,0.0,295.0,2438.0,680.0,1319,0.0,0.0,0.0,0.0,465.0,0.0,3247.0,0.0,1840,0.0,776.0,0.0,4364,0.0,0.0,0.0,0.0,8680,4615,602.0,0.0,12400.0,2100,0.0,0.0,821.0,0.0
375,0.0,1228,275,0.0,0.0,345.0,12120.0,0.0,0.0,296.0,2398.0,665.0,1324,0.0,0.0,0.0,0.0,459.0,0.0,3230.0,0.0,1975,0.0,790.0,0.0,4400,0.0,0.0,0.0,0.0,8800,4687,608.0,0.0,12520.0,2075,0.0,0.0,820.0,0.0
375,0.0,1211,275,0.0,0.0,365.0,12040.0,0.0,0.0,315.0,2298.0,619.0,1293,0.0,0.0,0.0,0.0,465.0,0.0,3177.0,0.0,2050,0.0,800.0,0.0,4344,0.0,0.0,0.0,0.0,8710,4808,607.0,0.0,12740.0,2075,0.0,0.0,830.0,0.0
375,0.0,1205,320,0.0,0.0,380.0,12200.0,0.0,0.0,302.0,2204.0,575.0,1271,0.0,0.0,0.0,0.0,462.0,0.0,3062.0,0.0,1975,0.0,790.0,0.0,4364,0.0,0.0,0.0,0.0,8700,4945,609.0,0.0,12900.0,2110,0.0,0.0,830.0,0.0
375,0.0,1188,320,0.0,0.0,385.0,12200.0,0.0,0.0,305.0,2234.0,580.0,1296,0.0,0.0,0.0,0.0,455.0,0.0,2983.0,0.0,1810,0.0,810.0,0.0,4428,0.0,0.0,0.0,0.0,9100,5000,625.0,0.0,12920.0,2060,0.0,0.0,835.0,0.0
410,0.0,1168,320,0.0,0.0,370.0,12250.0,0.0,0.0,315.0,2254.0,600.0,1291,0.0,0.0,0.0,0.0,461.0,0.0,2983.0,0.0,1760,0.0,850.0,0.0,4480,0.0,0.0,0.0,0.0,9400,5192,629.0,0.0,12860.0,2110,0.0,0.0,845.0,0.0
405,0.0,1181,300,0.0,0.0,350.0,12110.0,0.0,0.0,322.0,2249.0,610.0,1299,0.0,0.0,0.0,0.0,460.0,0.0,2992.0,0.0,1645,0.0,855.0,0.0,4536,0.0,0.0,0.0,0.0,9200,5341,618.0,0.0,12800.0,2170,0.0,0.0,850.0,0.0
440,0.0,1213,275,0.0,0.0,350.0,12100.0,0.0,0.0,318.0,2209.0,605.0,1302,0.0,0.0,0.0,0.0,460.0,0.0,2926.0,0.0,1600,0.0,855.0,0.0,4528,0.0,0.0,0.0,0.0,9080,5269,603.0,0.0,13080.0,2160,0.0,0.0,850.0,0.0
435,0.0,1238,275,0.0,0.0,350.0,12050.0,0.0,0.0,330.0,2184.0,605.0,1299,0.0,0.0,0.0,0.0,450.0,0.0,2948.0,0.0,1590,0.0,860.0,0.0,4560,0.0,0.0,0.0,0.0,8980,5330,603.0,0.0,12800.0,2300,0.0,0.0,850.0,0.0
500,0.0,1231,275,0.0,0.0,360.0,12050.0,0.0,0.0,350.0,2159.0,604.0,1316,0.0,0.0,0.0,0.0,460.0,0.0,3036.0,0.0,1625,0.0,860.0,0.0,4564,0.0,0.0,0.0,0.0,8980,5313,605.0,0.0,12380.0,2400,0.0,0.0,810.0,0.0
570,0.0,1263,255,0.0,0.0,355.0,11950.0,0.0,0.0,365.0,2204.0,600.0,1277,0.0,0.0,0.0,0.0,461.0,0.0,2992.0,0.0,1650,0.0,870.0,0.0,4596,0.0,0.0,0.0,0.0,9120,5363,590.0,0.0,12320.0,2410,0.0,0.0,830.0,0.0
500,0.0,1325,275,0.0,0.0,362.0,12050.0,0.0,0.0,377.0,2249.0,610.0,1319,0.0,0.0,0.0,0.0,461.0,0.0,3018.0,0.0,1605,0.0,900.0,0.0,4660,0.0,0.0,0.0,0.0,9420,5302,602.0,0.0,12420.0,2340,0.0,0.0,835.0,0.0
500,0.0,1358,275,0.0,0.0,362.0,12150.0,0.0,0.0,390.0,2363.0,635.0,1321,0.0,0.0,0.0,0.0,455.0,0.0,2992.0,0.0,1600,0.0,950.0,0.0,4712,0.0,0.0,0.0,0.0,9680,5286,616.0,0.0,12380.0,2385,0.0,0.0,835.0,0.0
495,0.0,1410,275,0.0,0.0,345.0,12200.0,0.0,0.0,400.0,2358.0,650.0,1333,0.0,0.0,0.0,0.0,450.0,0.0,2983.0,0.0,1655,0.0,940.0,0.0,4768,0.0,0.0,0.0,0.0,9850,5176,581.0,0.0,12340.0,2465,0.0,0.0,880.0,0.0
494,0.0,1413,290,0.0,0.0,355.0,11700.0,0.0,0.0,410.0,2398.0,665.0,1333,0.0,0.0,0.0,0.0,440.0,0.0,2974.0,0.0,1725,0.0,890.0,0.0,4748,0.0,0.0,0.0,0.0,10000,5247,564.0,0.0,12540.0,2460,0.0,0.0,900.0,0.0
494,0.0,1413,290,0.0,0.0,370.0,11490.0,0.0,0.0,404.0,2398.0,690.0,1341,0.0,0.0,0.0,0.0,442.0,0.0,2922.0,0.0,1770,0.0,875.0,0.0,4760,0.0,0.0,0.0,0.0,10180,5286,557.0,0.0,12800.0,2450,0.0,0.0,910.0,0.0
495,0.0,1390,290,0.0,0.0,390.0,11450.0,0.0,0.0,380.0,2408.0,740.0,1403,0.0,0.0,0.0,0.0,445.0,0.0,2922.0,0.0,1760,0.0,865.0,0.0,4748,0.0,0.0,0.0,0.0,10500,5308,568.0,0.0,12860.0,2415,0.0,0.0,905.0,0.0
530,0.0,1395,290,0.0,0.0,390.0,11380.0,0.0,0.0,420.0,2433.0,800.0,1389,0.0,0.0,0.0,0.0,447.0,0.0,3036.0,0.0,1665,0.0,865.0,0.0,4800,0.0,0.0,0.0,0.0,10200,5440,579.0,0.0,12600.0,2425,0.0,0.0,900.0,0.0
570,0.0,1403,290,0.0,0.0,400.0,11300.0,0.0,0.0,450.0,2533.0,795.0,1406,0.0,0.0,0.0,0.0,450.0,0.0,3238.0,0.0,1700,0.0,870.0,0.0,4940,0.0,0.0,0.0,0.0,10480,5489,587.0,0.0,12540.0,2405,0.0,0.0,895.0,0.0
620,0.0,1405,290,0.0,0.0,435.0,11450.0,0.0,0.0,475.0,2473.0,770.0,1411,0.0,0.0,0.0,0.0,450.0,0.0,3300.0,0.0,1715,0.0,875.0,0.0,5120,0.0,0.0,0.0,0.0,10360,5615,581.0,0.0,12580.0,2470,0.0,0.0,905.0,0.0
710,0.0,1385,290,0.0,0.0,430.0,11910.0,0.0,0.0,490.0,2488.0,760.0,1411,0.0,0.0,0.0,0.0,485.0,0.0,3432.0,0.0,1710,0.0,910.0,0.0,5096,0.0,0.0,0.0,0.0,10300,5582,569.0,0.0,12600.0,2585,0.0,0.0,900.0,0.0
760,0.0,1403,290,0.0,0.0,440.0,12100.0,0.0,0.0,485.0,2553.0,750.0,1333,0.0,0.0,0.0,0.0,475.0,0.0,3454.0,0.0,1760,0.0,935.0,0.0,5000,0.0,0.0,0.0,0.0,10100,5621,560.0,0.0,13020.0,2820,0.0,0.0,890.0,0.0
765,0.0,1373,300,0.0,0.0,419.0,12500.0,0.0,0.0,498.0,2648.0,745.0,1361,0.0,0.0,0.0,0.0,483.0,0.0,3564.0,0.0,1770,0.0,935.0,0.0,5064,0.0,0.0,0.0,0.0,10100,5549,541.0,0.0,13560.0,2880,0.0,0.0,900.0,0.0
680,0.0,1353,300,0.0,0.0,420.0,12510.0,0.0,0.0,500.0,2733.0,761.0,1366,0.0,0.0,0.0,0.0,500.0,0.0,3476.0,0.0,1760,0.0,920.0,0.0,4956,0.0,0.0,0.0,0.0,9950,5412,534.0,0.0,14160.0,2885,0.0,0.0,890.0,0.0
680,0.0,1333,290,0.0,0.0,420.0,12760.0,0.0,0.0,487.0,3023.0,786.0,1347,0.0,0.0,0.0,0.0,570.0,0.0,3573.0,0.0,1700,0.0,935.0,0.0,4920,0.0,0.0,0.0,0.0,9850,5440,541.0,0.0,14320.0,2860,0.0,0.0,870.0,0.0
660,0.0,1343,290,0.0,0.0,410.0,13050.0,0.0,0.0,495.0,2908.0,795.0,1347,0.0,0.0,0.0,0.0,595.0,0.0,3582.0,0.0,1720,0.0,945.0,0.0,4920,0.0,0.0,0.0,0.0,10000,5571,545.0,0.0,14420.0,2900,0.0,0.0,862.0,0.0
710,0.0,1325,290,0.0,0.0,400.0,13050.0,0.0,0.0,500.0,2848.0,800.0,1366,0.0,0.0,0.0,0.0,590.0,0.0,3388.0,0.0,1705,0.0,950.0,0.0,4860,0.0,0.0,0.0,0.0,9920,5742,544.0,0.0,14500.0,3040,0.0,0.0,885.0,0.0
715,0.0,1325,290,0.0,0.0,405.0,13650.0,0.0,0.0,500.0,2938.0,800.0,1403,0.0,0.0,0.0,0.0,584.0,0.0,3212.0,0.0,1700,0.0,980.0,0.0,4880,0.0,0.0,0.0,0.0,10180,5813,547.0,0.0,14500.0,2960,0.0,0.0,888.0,0.0
715,0.0,1350,290,0.0,0.0,425.0,13400.0,0.0,0.0,505.0,2923.0,810.0,1403,0.0,0.0,0.0,0.0,572.0,0.0,3212.0,0.0,1750,0.0,1000.0,0.0,4860,0.0,0.0,0.0,0.0,10180,6121,541.0,0.0,14480.0,3020,0.0,0.0,930.0,0.0
700,0.0,1350,325,0.0,0.0,430.0,12900.0,0.0,0.0,505.0,2923.0,795.0,1417,0.0,0.0,0.0,0.0,556.0,0.0,3142.0,0.0,1745,0.0,1000.0,0.0,4880,0.0,0.0,0.0,0.0,10260,6264,544.0,0.0,13940.0,2900,0.0,0.0,1010.0,0.0
680,0.0,1383,305,0.0,0.0,410.0,12590.0,0.0,0.0,510.0,2958.0,790.0,1450,0.0,0.0,0.0,0.0,545.0,0.0,3124.0,0.0,1705,0.0,1005.0,0.0,4820,0.0,0.0,0.0,0.0,10320,6121,550.0,0.0,13920.0,2900,0.0,0.0,955.0,0.0
680,0.0,1363,300,0.0,0.0,420.0,12540.0,0.0,0.0,510.0,2958.0,795.0,1450,0.0,0.0,0.0,0.0,545.0,0.0,3124.0,0.0,1730,0.0,1005.0,0.0,4900,0.0,0.0,0.0,0.0,10320,6291,550.0,0.0,13780.0,2930,0.0,0.0,965.0,0.0
945,0.0,1363,300,0.0,0.0,415.0,12250.0,0.0,0.0,510.0,2973.0,800.0,1487,0.0,0.0,0.0,0.0,531.0,0.0,3216.0,0.0,1730,0.0,1000.0,0.0,4900,0.0,0.0,0.0,0.0,10280,6291,534.0,0.0,13660.0,2930,0.0,0.0,965.0,0.0
945,0.0,1358,300,0.0,0.0,420.0,12150.0,0.0,0.0,510.0,2908.0,785.0,1453,0.0,0.0,0.0,0.0,530.0,0.0,3256.0,0.0,1710,0.0,950.0,0.0,4852,0.0,0.0,0.0,0.0,10140,6264,523.0,0.0,13660.0,2980,0.0,0.0,960.0,0.0
910,0.0,1350,325,0.0,0.0,430.0,12150.0,0.0,0.0,505.0,2948.0,770.0,1473,0.0,0.0,0.0,0.0,545.0,0.0,3304.0,0.0,1740,0.0,921.0,0.0,4792,0.0,0.0,0.0,0.0,10120,5989,524.0,0.0,13660.0,2950,0.0,0.0,925.0,0.0
855,0.0,1345,350,0.0,0.0,430.0,12250.0,0.0,0.0,510.0,3048.0,770.0,1481,0.0,0.0,0.0,0.0,554.0,0.0,3256.0,0.0,1770,0.0,920.0,0.0,4880,0.0,0.0,0.0,0.0,9900,6044,510.0,0.0,13840.0,3000,0.0,0.0,950.0,0.0
960,0.0,1340,350,0.0,0.0,440.0,12050.0,0.0,0.0,510.0,2998.0,765.0,1431,0.0,0.0,0.0,0.0,533.0,0.0,3256.0,0.0,1760,0.0,920.0,0.0,4872,0.0,0.0,0.0,0.0,9880,6181,507.0,0.0,14040.0,2955,0.0,0.0,951.0,0.0
965,0.0,1340,350,0.0,0.0,440.0,12300.0,0.0,0.0,530.0,2998.0,770.0,1450,0.0,0.0,0.0,0.0,535.0,0.0,3234.0,0.0,1760,0.0,915.0,0.0,4716,0.0,0.0,0.0,0.0,10020,6247,513.0,0.0,14660.0,2965,0.0,0.0,970.0,0.0
960,0.0,1345,350,0.0,0.0,430.0,11900.0,0.0,0.0,510.0,2998.0,800.0,1417,0.0,0.0,0.0,0.0,534.0,0.0,3128.0,0.0,1765,0.0,900.0,0.0,4608,0.0,0.0,0.0,0.0,9800,5797,502.0,0.0,14100.0,3050,0.0,0.0,970.0,0.0
945,0.0,1325,350,0.0,0.0,425.0,11900.0,0.0,0.0,510.0,3048.0,810.0,1399,0.0,0.0,0.0,0.0,530.0,0.0,3168.0,0.0,1750,0.0,880.0,0.0,4580,0.0,0.0,0.0,0.0,9800,5879,504.0,0.0,13740.0,3050,0.0,0.0,960.0,0.0
915,0.0,1328,350,0.0,0.0,415.0,12200.0,0.0,0.0,510.0,3048.0,806.0,1399,0.0,0.0,0.0,0.0,530.0,0.0,3168.0,0.0,1730,0.0,880.0,0.0,4564,0.0,0.0,0.0,0.0,9800,6082,504.0,0.0,13700.0,3030,0.0,0.0,960.0,0.0
900,0.0,1328,350,0.0,0.0,445.0,12400.0,0.0,0.0,510.0,3048.0,806.0,1399,0.0,0.0,0.0,0.0,530.0,0.0,3168.0,0.0,1730,0.0,880.0,0.0,4564,0.0,0.0,0.0,0.0,9800,6082,504.0,0.0,13760.0,3030,0.0,0.0,960.0,0.0
900,0.0,1328,350,0.0,0.0,435.0,12380.0,0.0,0.0,510.0,3053.0,800.0,1411,0.0,0.0,0.0,0.0,513.0,0.0,3098.0,0.0,1730,0.0,890.0,0.0,4564,0.0,0.0,0.0,0.0,9680,6082,502.0,0.0,13680.0,3030,0.0,0.0,960.0,0.0
900,0.0,1298,350,0.0,0.0,421.0,12380.0,0.0,0.0,515.0,3178.0,800.0,1442,0.0,0.0,0.0,0.0,513.0,0.0,3208.0,0.0,1720,0.0,899.0,0.0,4580,0.0,0.0,0.0,0.0,9300,6209,483.0,0.0,13680.0,3100,0.0,0.0,945.0,0.0
900,0.0,1273,335,0.0,0.0,421.0,12380.0,0.0,0.0,517.0,3098.0,800.0,1417,0.0,0.0,0.0,0.0,505.0,0.0,3164.0,0.0,1680,0.0,899.0,0.0,4516,0.0,0.0,0.0,0.0,9400,6407,481.0,0.0,13680.0,3120,0.0,0.0,980.0,0.0
880,0.0,1300,340,0.0,0.0,421.0,12240.0,0.0,0.0,520.0,3168.0,800.0,1397,0.0,0.0,0.0,0.0,516.0,0.0,3124.0,0.0,1700,0.0,900.0,0.0,4500,0.0,0.0,0.0,0.0,10200,6648,486.0,0.0,13520.0,3100,0.0,0.0,985.0,0.0
865,0.0,1375,340,0.0,0.0,413.0,12400.0,0.0,0.0,520.0,3178.0,800.0,1403,0.0,0.0,0.0,0.0,534.0,0.0,3199.0,0.0,1710,0.0,900.0,0.0,4532,0.0,0.0,0.0,0.0,10500,6918,501.0,0.0,12940.0,3085,0.0,0.0,980.0,0.0
780,0.0,1390,340,0.0,0.0,410.0,12300.0,0.0,0.0,510.0,3248.0,800.0,1411,0.0,0.0,0.0,0.0,542.0,0.0,3190.0,0.0,1700,0.0,920.0,0.0,4560,0.0,0.0,0.0,0.0,10640,6841,510.0,0.0,12520.0,3095,0.0,0.0,990.0,0.0
700,0.0,1463,340,0.0,0.0,412.0,12150.0,0.0,0.0,515.0,3323.0,800.0,1403,0.0,0.0,0.0,0.0,545.0,0.0,3168.0,0.0,1700,0.0,930.0,0.0,4640,0.0,0.0,0.0,0.0,10680,7011,530.0,0.0,12700.0,3250,0.0,0.0,1065.0,0.0
690,0.0,1500,340,0.0,0.0,410.0,12450.0,0.0,0.0,520.0,3398.0,780.0,1408,0.0,0.0,0.0,0.0,558.0,0.0,3208.0,0.0,1715,0.0,925.0,0.0,4700,0.0,0.0,0.0,0.0,11400,7198,544.0,0.0,12940.0,3450,0.0,0.0,1010.0,0.0
775,0.0,1640,375,0.0,0.0,420.0,12600.0,0.0,0.0,520.0,3418.0,790.0,1375,0.0,0.0,0.0,0.0,570.0,0.0,3476.0,0.0,1660,0.0,900.0,0.0,4720,0.0,0.0,0.0,0.0,12200,7555,574.0,0.0,13300.0,3980,0.0,0.0,990.0,0.0
730,0.0,1805,375,0.0,0.0,435.0,12580.0,0.0,0.0,510.0,3418.0,794.0,1392,0.0,0.0,0.0,0.0,569.0,0.0,3472.0,0.0,1650,0.0,880.0,0.0,4760,0.0,0.0,0.0,0.0,12240,8203,592.0,0.0,13360.0,4110,0.0,0.0,955.0,0.0
730,0.0,1833,350,0.0,0.0,445.0,13000.0,0.0,0.0,515.0,3198.0,796.0,1375,0.0,0.0,0.0,0.0,559.0,0.0,3300.0,0.0,1680,0.0,880.0,0.0,4808,0.0,0.0,0.0,0.0,12600,8159,552.0,0.0,13300.0,4175,0.0,0.0,980.0,0.0
750,0.0,1800,350,0.0,0.0,460.0,14090.0,0.0,0.0,510.0,3128.0,800.0,1333,0.0,0.0,0.0,0.0,556.0,0.0,3194.0,0.0,1665,0.0,856.0,0.0,4740,0.0,0.0,0.0,0.0,11940,8297,544.0,0.0,13060.0,4040,0.0,0.0,965.0,0.0
700,0.0,1765,350,0.0,0.0,480.0,14100.0,0.0,0.0,510.0,3148.0,800.0,1319,0.0,0.0,0.0,0.0,552.0,0.0,3256.0,0.0,1710,0.0,860.0,0.0,4740,0.0,0.0,0.0,0.0,11900,7912,544.0,0.0,13020.0,3860,0.0,0.0,925.0,0.0
685,0.0,1750,350,0.0,0.0,491.0,13900.0,0.0,0.0,510.0,3148.0,815.0,1309,0.0,0.0,0.0,0.0,560.0,0.0,3234.0,0.0,1780,0.0,875.0,0.0,4740,0.0,0.0,0.0,0.0,12200,7577,542.0,0.0,13300.0,3820,0.0,0.0,935.0,0.0
675,0.0,1750,350,0.0,0.0,540.0,13320.0,0.0,0.0,520.0,3148.0,815.0,1333,0.0,0.0,0.0,0.0,575.0,0.0,3278.0,0.0,1780,0.0,870.0,0.0,4640,0.0,0.0,0.0,0.0,11900,8044,542.0,0.0,13460.0,3810,0.0,0.0,935.0,0.0
675,0.0,1750,350,0.0,0.0,625.0,13140.0,0.0,0.0,521.0,3148.0,820.0,1333,0.0,0.0,0.0,0.0,575.0,0.0,3278.0,0.0,1810,0.0,870.0,0.0,4596,0.0,0.0,0.0,0.0,11900,8099,542.0,0.0,13620.0,3800,0.0,0.0,925.0,0.0
690,0.0,1750,350,0.0,0.0,595.0,13150.0,0.0,0.0,521.0,3138.0,825.0,1378,0.0,0.0,0.0,0.0,592.0,0.0,3256.0,0.0,1810,0.0,844.0,0.0,4596,0.0,0.0,0.0,0.0,12000,8099,553.0,0.0,13500.0,3800,0.0,0.0,925.0,0.0
690,0.0,1758,350,0.0,0.0,580.0,13060.0,0.0,0.0,520.0,3198.0,830.0,1397,0.0,0.0,0.0,0.0,587.0,0.0,3238.0,0.0,1850,0.0,816.0,0.0,4620,0.0,0.0,0.0,0.0,11200,8236,557.0,0.0,13800.0,3910,0.0,0.0,930.0,0.0
705,0.0,1725,350,0.0,0.0,550.0,13060.0,0.0,0.0,520.0,3198.0,835.0,1394,0.0,0.0,0.0,0.0,597.0,0.0,3322.0,0.0,1850,0.0,821.0,0.0,4620,0.0,0.0,0.0,0.0,11100,8335,570.0,0.0,13800.0,3980,0.0,0.0,930.0,0.0
709,0.0,1730,350,0.0,0.0,550.0,13200.0,0.0,0.0,516.0,3138.0,835.0,1352,0.0,0.0,0.0,0.0,598.0,0.0,3379.0,0.0,1850,0.0,835.0,0.0,4700,0.0,0.0,0.0,0.0,10820,8637,544.0,0.0,13800.0,4300,0.0,0.0,965.0,0.0
709,0.0,1738,350,0.0,0.0,550.0,13650.0,0.0,0.0,516.0,3128.0,820.0,1347,0.0,0.0,0.0,0.0,595.0,0.0,3432.0,0.0,1900,0.0,855.0,0.0,4752,0.0,0.0,0.0,0.0,10860,8505,546.0,0.0,13760.0,4300,0.0,0.0,950.0,0.0
709,0.0,1740,350,0.0,0.0,564.0,14300.0,0.0,0.0,530.0,3148.0,800.0,1284,0.0,0.0,0.0,0.0,587.0,0.0,3300.0,0.0,1970,0.0,850.0,0.0,4860,0.0,0.0,0.0,0.0,10680,8423,537.0,0.0,13300.0,4300,0.0,0.0,950.0,0.0
710,0.0,1725,350,0.0,0.0,560.0,14550.0,0.0,0.0,535.0,3168.0,825.0,1251,0.0,0.0,0.0,0.0,610.0,0.0,3432.0,0.0,2030,0.0,845.0,0.0,4760,0.0,0.0,0.0,0.0,11000,8121,550.0,0.0,12980.0,4060,0.0,0.0,970.0,0.0
690,0.0,1713,350,0.0,0.0,540.0,14150.0,0.0,0.0,546.0,2998.0,825.0,1268,0.0,0.0,0.0,0.0,601.0,0.0,3260.0,0.0,2080,0.0,855.0,0.0,4740,0.0,0.0,0.0,0.0,11300,8269,557.0,0.0,12840.0,4045,0.0,0.0,980.0,0.0
690,0.0,1725,475,0.0,0.0,520.0,14050.0,0.0,0.0,520.0,2938.0,820.0,1340,0.0,0.0,0.0,0.0,610.0,0.0,3260.0,0.0,2065,0.0,860.0,0.0,4760,0.0,0.0,0.0,0.0,11200,8126,565.0,0.0,13140.0,4000,0.0,0.0,1000.0,0.0
690,0.0,1753,455,0.0,0.0,485.0,14600.0,0.0,0.0,525.0,2968.0,850.0,1373,0.0,0.0,0.0,0.0,603.0,0.0,2112.0,0.0,2110,0.0,865.0,0.0,4780,0.0,0.0,0.0,0.0,10800,7907,558.0,0.0,13260.0,3990,0.0,0.0,1015.0,0.0
690,0.0,1763,450,0.0,0.0,490.0,13950.0,0.0,0.0,525.0,2958.0,850.0,1352,0.0,0.0,0.0,0.0,601.0,0.0,2138.0,0.0,2130,0.0,855.0,0.0,4852,0.0,0.0,0.0,0.0,10700,7725,553.0,0.0,13800.0,4000,0.0,0.0,1000.0,0.0
650,0.0,1725,450,0.0,0.0,485.0,13360.0,0.0,0.0,529.0,2998.0,830.0,1347,0.0,0.0,0.0,0.0,601.0,0.0,2169.0,0.0,2020,0.0,835.0,0.0,4800,0.0,0.0,0.0,0.0,10900,7670,554.0,0.0,13900.0,3900,0.0,0.0,1000.0,0.0
649,0.0,1725,450,0.0,0.0,475.0,13600.0,0.0,0.0,510.0,2998.0,830.0,1351,0.0,0.0,0.0,0.0,590.0,0.0,2042.0,0.0,1965,0.0,810.0,0.0,4740,0.0,0.0,0.0,0.0,11100,7995,544.0,0.0,14240.0,3900,0.0,0.0,1020.0,0.0
634,0.0,1760,450,0.0,0.0,485.0,13450.0,0.0,0.0,490.0,2983.0,835.0,1293,0.0,0.0,0.0,0.0,580.0,0.0,2042.0,0.0,2050,0.0,780.0,0.0,4660,0.0,0.0,0.0,0.0,11000,8077,524.0,0.0,14140.0,3740,0.0,0.0,990.0,0.0
600,0.0,1725,450,0.0,0.0,485.0,13500.0,0.0,0.0,490.0,2988.0,840.0,1291,0.0,0.0,0.0,0.0,590.0,0.0,1954.0,0.0,2010,0.0,790.0,0.0,4540,0.0,0.0,0.0,0.0,11360,8214,516.0,0.0,13680.0,3720,0.0,0.0,950.0,0.0
589,0.0,1750,450,0.0,0.0,480.0,13550.0,0.0,0.0,470.0,2948.0,835.0,1277,0.0,0.0,0.0,0.0,583.0,0.0,1822.0,0.0,1980,0.0,785.0,0.0,4520,0.0,0.0,0.0,0.0,11820,8489,508.0,0.0,13760.0,3650,0.0,0.0,950.0,0.0
589,0.0,1775,450,0.0,0.0,470.0,13450.0,0.0,0.0,480.0,2908.0,840.0,1282,0.0,0.0,0.0,0.0,600.0,0.0,1822.0,0.0,1935,0.0,781.0,0.0,4520,0.0,0.0,0.0,0.0,12620,8489,514.0,0.0,13500.0,3480,0.0,0.0,930.0,0.0
590,0.0,1775,450,0.0,0.0,440.0,13400.0,0.0,0.0,460.0,2818.0,830.0,1288,0.0,0.0,0.0,0.0,605.0,0.0,1826.0,0.0,1920,0.0,800.0,0.0,4460,0.0,0.0,0.0,0.0,12400,8626,514.0,0.0,13380.0,3600,0.0,0.0,930.0,0.0
589,0.0,1835,425,0.0,0.0,415.0,12600.0,0.0,0.0,459.0,2848.0,815.0,1286,0.0,0.0,0.0,0.0,618.0,0.0,1681.0,0.0,1950,0.0,800.0,0.0,4508,0.0,0.0,0.0,0.0,12400,9005,519.0,0.0,12800.0,3805,0.0,0.0,880.0,0.0
600,0.0,1953,425,0.0,0.0,420.0,12900.0,0.0,0.0,450.0,2848.0,820.0,1265,0.0,0.0,0.0,0.0,615.0,0.0,1773.0,0.0,1915,0.0,780.0,0.0,4484,0.0,0.0,0.0,0.0,12300,8489,512.0,0.0,12340.0,3770,0.0,0.0,901.0,0.0
590,0.0,1950,425,0.0,0.0,419.0,12650.0,0.0,0.0,452.0,2873.0,865.0,1263,0.0,0.0,0.0,0.0,610.0,0.0,1734.0,0.0,1870,0.0,770.0,0.0,4404,0.0,0.0,0.0,0.0,12240,8324,503.0,0.0,12480.0,3600,0.0,0.0,900.0,0.0
580,0.0,1885,425,0.0,0.0,420.0,12000.0,0.0,0.0,465.0,2843.0,890.0,1257,0.0,0.0,0.0,0.0,612.0,0.0,1707.0,0.0,1840,0.0,780.0,0.0,4396,0.0,0.0,0.0,0.0,11680,8104,505.0,0.0,12380.0,3500,0.0,0.0,910.0,0.0
570,0.0,1860,405,0.0,0.0,480.0,12100.0,0.0,0.0,475.0,2823.0,900.0,1241,0.0,0.0,0.0,0.0,600.0,0.0,1720.0,0.0,1835,0.0,770.0,0.0,4400,0.0,0.0,0.0,0.0,11460,7753,498.0,0.0,12020.0,3545,0.0,0.0,920.0,0.0
580,0.0,1868,405,0.0,0.0,490.0,11900.0,0.0,0.0,490.0,2873.0,918.0,1257,0.0,0.0,0.0,0.0,614.0,0.0,1725.0,0.0,1915,0.0,775.0,0.0,4492,0.0,0.0,0.0,0.0,11600,7764,502.0,0.0,12240.0,3495,0.0,0.0,916.0,0.0
580,0.0,1888,400,0.0,0.0,465.0,11700.0,0.0,0.0,520.0,2883.0,905.0,1361,0.0,0.0,0.0,0.0,640.0,0.0,1681.0,0.0,1760,0.0,768.0,0.0,4460,0.0,0.0,0.0,0.0,12080,7731,513.0,0.0,12240.0,3600,0.0,0.0,918.0,0.0
559,0.0,2013,400,0.0,0.0,450.0,12250.0,0.0,0.0,570.0,2883.0,905.0,1361,0.0,0.0,0.0,0.0,640.0,0.0,1681.0,0.0,1920,0.0,768.0,0.0,4700,0.0,0.0,0.0,0.0,12080,7967,513.0,0.0,12480.0,3655,0.0,0.0,945.0,0.0
555,0.0,2013,400,0.0,0.0,447.0,12210.0,0.0,0.0,570.0,2958.0,900.0,1422,0.0,0.0,0.0,0.0,620.0,0.0,1628.0,0.0,1920,0.0,765.0,0.0,4700,0.0,0.0,0.0,0.0,12300,7967,514.0,0.0,12500.0,3655,0.0,0.0,945.0,0.0
555,0.0,2105,400,0.0,0.0,450.0,12040.0,0.0,0.0,574.0,3118.0,910.0,1393,0.0,0.0,0.0,0.0,635.0,0.0,1624.0,0.0,1900,0.0,770.0,0.0,4888,0.0,0.0,0.0,0.0,12440,8159,529.0,0.0,12700.0,3845,0.0,0.0,1025.0,0.0
585,0.0,2075,400,0.0,0.0,435.0,12040.0,0.0,0.0,480.0,3323.0,890.0,1408,0.0,0.0,0.0,0.0,631.0,0.0,1584.0,0.0,1965,0.0,784.0,0.0,4880,0.0,0.0,0.0,0.0,12900,7967,541.0,0.0,12700.0,3955,0.0,0.0,1015.0,0.0
590,0.0,2073,405,0.0,0.0,435.0,12040.0,0.0,0.0,515.0,3298.0,890.0,1394,0.0,0.0,0.0,0.0,631.0,0.0,1575.0,0.0,2020,0.0,840.0,0.0,4848,0.0,0.0,0.0,0.0,13220,8159,545.0,0.0,12800.0,4000,0.0,0.0,1000.0,0.0
585,0.0,2083,410,0.0,0.0,450.0,12050.0,0.0,0.0,505.0,3323.0,890.0,1403,0.0,0.0,0.0,0.0,642.0,0.0,1646.0,0.0,1990,0.0,810.0,0.0,4864,0.0,0.0,0.0,0.0,13700,8407,542.0,0.0,13320.0,3975,0.0,0.0,1000.0,0.0
592,0.0,2025,410,0.0,0.0,485.0,11980.0,0.0,0.0,490.0,3398.0,880.0,1400,0.0,0.0,0.0,0.0,625.0,0.0,1685.0,0.0,2010,0.0,805.0,0.0,4800,0.0,0.0,0.0,0.0,13900,8527,544.0,0.0,13400.0,4125,0.0,0.0,995.0,0.0
590,0.0,1988,410,0.0,0.0,480.0,11610.0,0.0,0.0,480.0,3398.0,885.0,1361,0.0,0.0,0.0,0.0,650.0,0.0,1760.0,0.0,2020,0.0,805.0,0.0,4680,0.0,0.0,0.0,0.0,14260,8736,538.0,0.0,13660.0,3950,0.0,0.0,990.0,0.0
590,0.0,2025,415,0.0,0.0,470.0,11510.0,0.0,0.0,480.0,3448.0,870.0,1344,0.0,0.0,0.0,0.0,670.0,0.0,1756.0,0.0,2025,0.0,805.0,0.0,4692,0.0,0.0,0.0,0.0,14460,8841,531.0,0.0,13820.0,4050,0.0,0.0,995.0,0.0
575,0.0,2025,415,0.0,0.0,500.0,11500.0,0.0,0.0,490.0,3398.0,860.0,1344,0.0,0.0,0.0,0.0,671.0,0.0,1760.0,0.0,2050,0.0,805.0,0.0,4752,0.0,0.0,0.0,0.0,14580,8703,550.0,0.0,13800.0,4040,0.0,0.0,980.0,0.0
565,0.0,2035,425,0.0,0.0,515.0,11710.0,0.0,0.0,480.0,3398.0,855.0,1344,0.0,0.0,0.0,0.0,671.0,0.0,1760.0,0.0,2075,0.0,805.0,0.0,4708,0.0,0.0,0.0,0.0,14580,8599,550.0,0.0,13520.0,4045,0.0,0.0,975.0,0.0
555,0.0,2035,425,0.0,0.0,491.0,11800.0,0.0,0.0,480.0,3153.0,830.0,1376,0.0,0.0,0.0,0.0,699.0,0.0,1813.0,0.0,2075,0.0,805.0,0.0,4708,0.0,0.0,0.0,0.0,13880,8599,550.0,0.0,13200.0,4045,0.0,0.0,975.0,0.0
555,0.0,2063,425,0.0,0.0,497.0,11750.0,0.0,0.0,457.0,3208.0,855.0,1453,0.0,0.0,0.0,0.0,690.0,0.0,1782.0,0.0,2120,0.0,810.0,0.0,4792,0.0,0.0,0.0,0.0,13400,8082,550.0,0.0,13240.0,4200,0.0,0.0,950.0,0.0
535,0.0,2113,425,0.0,0.0,494.0,11750.0,0.0,0.0,470.0,3323.0,880.0,1490,0.0,0.0,0.0,0.0,700.0,0.0,1795.0,0.0,2130,0.0,816.0,0.0,4900,0.0,0.0,0.0,0.0,13320,7802,583.0,0.0,13240.0,4210,0.0,0.0,985.0,0.0
531,0.0,2050,425,0.0,0.0,494.0,11680.0,0.0,0.0,475.0,3448.0,880.0,1498,0.0,0.0,0.0,0.0,696.0,0.0,1734.0,0.0,2260,0.0,816.0,0.0,5104,0.0,0.0,0.0,0.0,13200,7830,594.0,0.0,13040.0,4250,0.0,0.0,1005.0,0.0
530,0.0,2000,425,0.0,0.0,485.0,11700.0,0.0,0.0,450.0,3513.0,900.0,1493,0.0,0.0,0.0,0.0,695.0,0.0,1672.0,0.0,2290,0.0,816.0,0.0,5120,0.0,0.0,0.0,0.0,13480,7593,581.0,0.0,13400.0,4265,0.0,0.0,1020.0,0.0
510,0.0,2015,425,0.0,0.0,459.0,11600.0,0.0,0.0,442.0,3558.0,900.0,1459,0.0,0.0,0.0,0.0,695.0,0.0,1778.0,0.0,2185,0.0,840.0,0.0,5072,0.0,0.0,0.0,0.0,13400,7302,566.0,0.0,13680.0,4200,0.0,0.0,1000.0,0.0
512,0.0,2000,415,0.0,0.0,450.0,11550.0,0.0,0.0,435.0,3598.0,900.0,1389,0.0,0.0,0.0,0.0,690.0,0.0,1778.0,0.0,2000,0.0,850.0,0.0,5000,0.0,0.0,0.0,0.0,13140,7522,564.0,0.0,14200.0,4160,0.0,0.0,1000.0,0.0
520,0.0,1950,415,0.0,0.0,450.0,11500.0,0.0,0.0,440.0,3588.0,900.0,1376,0.0,0.0,0.0,0.0,709.0,0.0,1782.0,0.0,2015,0.0,840.0,0.0,4900,0.0,0.0,0.0,0.0,13440,7610,563.0,0.0,14160.0,4190,0.0,0.0,995.0,0.0
520,0.0,1928,415,0.0,0.0,450.0,11970.0,0.0,0.0,450.0,3588.0,905.0,1364,0.0,0.0,0.0,0.0,710.0,0.0,1822.0,0.0,1975,0.0,840.0,0.0,4904,0.0,0.0,0.0,0.0,13400,7637,570.0,0.0,14000.0,4225,0.0,0.0,995.0,0.0
511,0.0,1850,400,0.0,0.0,445.0,12250.0,0.0,0.0,435.0,3623.0,905.0,1414,0.0,0.0,0.0,0.0,715.0,0.0,1822.0,0.0,1930,0.0,832.0,0.0,4956,0.0,0.0,0.0,0.0,14080,7615,587.0,0.0,13860.0,4225,0.0,0.0,1010.0,0.0
510,0.0,1898,375,0.0,0.0,440.0,12850.0,0.0,0.0,444.0,3688.0,905.0,1470,0.0,0.0,0.0,0.0,721.0,0.0,1892.0,0.0,1995,0.0,840.0,0.0,5060,0.0,0.0,0.0,0.0,14620,7747,609.0,0.0,14000.0,4305,0.0,0.0,1020.0,0.0
510,0.0,2050,375,0.0,0.0,445.0,13000.0,0.0,0.0,445.0,3688.0,900.0,1445,0.0,0.0,0.0,0.0,747.0,0.0,1918.0,0.0,2000,0.0,840.0,0.0,5096,0.0,0.0,0.0,0.0,15020,8033,617.0,0.0,13840.0,4430,0.0,0.0,1095.0,0.0
530,0.0,2190,375,0.0,0.0,455.0,13000.0,0.0,0.0,435.0,3698.0,905.0,1484,0.0,0.0,0.0,0.0,749.0,0.0,1883.0,0.0,2110,0.0,840.0,0.0,4984,0.0,0.0,0.0,0.0,14780,8066,625.0,0.0,13600.0,4490,0.0,0.0,1090.0,0.0
530,0.0,2308,350,0.0,0.0,484.0,13150.0,0.0,0.0,400.0,3658.0,905.0,1442,0.0,0.0,0.0,0.0,742.0,0.0,1830.0,0.0,2190,0.0,840.0,0.0,4980,0.0,0.0,0.0,0.0,14500,8236,628.0,0.0,14000.0,4830,0.0,0.0,1120.0,0.0
530,0.0,2238,345,0.0,0.0,495.0,13300.0,0.0,0.0,425.0,3598.0,902.0,1397,0.0,0.0,0.0,0.0,751.0,0.0,1676.0,0.0,2140,0.0,840.0,0.0,4840,0.0,0.0,0.0,0.0,14300,8297,618.0,0.0,14360.0,4680,0.0,0.0,1180.0,0.0
515,0.0,2213,345,0.0,0.0,520.0,13350.0,0.0,0.0,428.0,3563.0,900.0,1354,0.0,0.0,0.0,0.0,758.0,0.0,1672.0,0.0,2110,0.0,825.0,0.0,4788,0.0,0.0,0.0,0.0,14400,8187,602.0,0.0,14660.0,4590,0.0,0.0,1085.0,0.0
510,0.0,2190,345,0.0,0.0,535.0,13000.0,0.0,0.0,430.0,3488.0,904.0,1335,0.0,0.0,0.0,0.0,748.0,0.0,1610.0,0.0,2160,0.0,820.0,0.0,4820,0.0,0.0,0.0,0.0,14520,8214,595.0,0.0,14640.0,4530,0.0,0.0,1090.0,0.0
520,0.0,2225,345,0.0,0.0,540.0,12390.0,0.0,0.0,410.0,3448.0,890.0,1352,0.0,0.0,0.0,0.0,778.0,0.0,1610.0,0.0,2175,0.0,820.0,0.0,4860,0.0,0.0,0.0,0.0,14560,8275,603.0,0.0,14400.0,4495,0.0,0.0,1150.0,0.0
525,0.0,2250,340,0.0,0.0,555.0,12750.0,0.0,0.0,405.0,3308.0,858.0,1347,0.0,0.0,0.0,0.0,744.0,0.0,1602.0,0.0,2180,0.0,810.0,0.0,4840,0.0,0.0,0.0,0.0,14800,8379,587.0,0.0,14180.0,4495,0.0,0.0,1170.0,0.0
525,0.0,2188,340,0.0,0.0,565.0,12960.0,0.0,0.0,390.0,3318.0,850.0,1362,0.0,0.0,0.0,0.0,750.0,0.0,1540.0,0.0,2110,0.0,800.0,0.0,4712,0.0,0.0,0.0,0.0,15040,8418,602.0,0.0,13960.0,4495,0.0,0.0,1080.0,0.0
520,0.0,2208,340,0.0,0.0,590.0,12720.0,0.0,0.0,430.0,3288.0,865.0,1375,0.0,0.0,0.0,0.0,750.0,0.0,1483.0,0.0,2190,0.0,805.0,0.0,4712,0.0,0.0,0.0,0.0,14800,8418,604.0,0.0,14000.0,4530,0.0,0.0,1160.0,0.0
520,0.0,2238,340,0.0,0.0,580.0,12250.0,0.0,0.0,410.0,3123.0,885.0,1368,0.0,0.0,0.0,0.0,750.0,0.0,1536.0,0.0,2160,0.0,790.0,0.0,4712,0.0,0.0,0.0,0.0,14780,8434,589.0,0.0,13740.0,4665,0.0,0.0,1160.0,0.0
520,0.0,2413,350,0.0,0.0,550.0,12070.0,0.0,0.0,380.0,3073.0,870.0,1358,0.0,0.0,0.0,0.0,753.0,0.0,1527.0,0.0,2150,0.0,790.0,0.0,4700,0.0,0.0,0.0,0.0,14900,8407,578.0,0.0,13840.0,4575,0.0,0.0,1160.0,0.0
520,0.0,2538,360,0.0,0.0,550.0,11850.0,0.0,0.0,380.0,3033.0,875.0,1348,0.0,0.0,0.0,0.0,750.0,0.0,1478.0,0.0,2185,0.0,785.0,0.0,4740,0.0,0.0,0.0,0.0,14800,8407,580.0,0.0,13420.0,4675,0.0,0.0,1155.0,0.0
520,0.0,2465,425,0.0,0.0,535.0,12010.0,0.0,0.0,390.0,2963.0,870.0,1310,0.0,0.0,0.0,0.0,739.0,0.0,1417.0,0.0,2170,0.0,770.0,0.0,4720,0.0,0.0,0.0,0.0,14720,8352,580.0,0.0,13000.0,4600,0.0,0.0,1160.0,0.0
480,0.0,2463,475,0.0,0.0,600.0,12120.0,0.0,0.0,385.0,3028.0,870.0,1305,0.0,0.0,0.0,0.0,725.0,0.0,1412.0,0.0,2130,0.0,775.0,0.0,4560,0.0,0.0,0.0,0.0,15440,8225,578.0,0.0,13100.0,4600,0.0,0.0,1160.0,0.0
485,0.0,2555,500,0.0,0.0,575.0,11950.0,0.0,0.0,393.0,3048.0,870.0,1359,0.0,0.0,0.0,0.0,730.0,0.0,1452.0,0.0,2135,0.0,785.0,0.0,4540,0.0,0.0,0.0,0.0,15120,8280,570.0,0.0,12980.0,4595,0.0,0.0,1160.0,0.0
500,0.0,2573,500,0.0,0.0,560.0,12300.0,0.0,0.0,395.0,2973.0,869.0,1349,0.0,0.0,0.0,0.0,714.0,0.0,1417.0,0.0,2110,0.0,760.0,0.0,4600,0.0,0.0,0.0,0.0,14940,8286,564.0,0.0,12940.0,4595,0.0,0.0,1150.0,0.0
500,0.0,2525,500,0.0,0.0,560.0,12650.0,0.0,0.0,390.0,3038.0,860.0,1369,0.0,0.0,0.0,0.0,729.0,0.0,1421.0,0.0,2020,0.0,650.0,0.0,4568,0.0,0.0,0.0,0.0,14940,8434,580.0,0.0,13160.0,4430,0.0,0.0,1115.0,0.0
475,0.0,2500,525,0.0,0.0,575.0,12850.0,0.0,0.0,400.0,3048.0,865.0,1389,0.0,0.0,0.0,0.0,733.0,0.0,1434.0,0.0,2030,0.0,540.0,0.0,4624,0.0,0.0,0.0,0.0,14900,8462,580.0,0.0,13480.0,4590,0.0,0.0,1120.0,0.0
475,0.0,2480,525,0.0,0.0,555.0,12620.0,0.0,0.0,400.0,2998.0,850.0,1349,0.0,0.0,0.0,0.0,725.0,0.0,1487.0,0.0,2040,0.0,600.0,0.0,4720,0.0,0.0,0.0,0.0,14800,8462,570.0,0.0,13480.0,4585,0.0,0.0,1115.0,0.0
490,0.0,2463,525,0.0,0.0,550.0,12550.0,0.0,0.0,400.0,3153.0,830.0,1361,0.0,0.0,0.0,0.0,715.0,0.0,1571.0,0.0,2055,0.0,610.0,0.0,4780,0.0,0.0,0.0,0.0,14620,8626,567.0,0.0,13400.0,4550,0.0,0.0,1115.0,0.0
490,0.0,2453,525,0.0,0.0,520.0,12460.0,0.0,0.0,400.0,3118.0,799.0,1358,0.0,0.0,0.0,0.0,722.0,0.0,1619.0,0.0,2090,0.0,600.0,0.0,4860,0.0,0.0,0.0,0.0,14080,8747,548.0,0.0,13500.0,4580,0.0,0.0,1125.0,0.0
490,0.0,2453,500,0.0,0.0,520.0,12520.0,0.0,0.0,398.0,3203.0,797.0,1345,0.0,0.0,0.0,0.0,732.0,0.0,1619.0,0.0,2060,0.0,600.0,0.0,4800,0.0,0.0,0.0,0.0,14300,8846,540.0,0.0,13400.0,4700,0.0,0.0,1090.0,0.0
470,0.0,2450,500,0.0,0.0,500.0,13140.0,0.0,0.0,401.0,3238.0,793.0,1330,0.0,0.0,0.0,0.0,730.0,0.0,1698.0,0.0,2100,0.0,600.0,0.0,4740,0.0,0.0,0.0,0.0,14640,8978,557.0,0.0,13320.0,4765,0.0,0.0,1070.0,0.0
445,0.0,2455,500,0.0,0.0,520.0,13150.0,0.0,0.0,410.0,3138.0,780.0,1285,0.0,0.0,0.0,0.0,725.0,0.0,1760.0,0.0,2170,0.0,605.0,0.0,4712,0.0,0.0,0.0,0.0,14680,9286,540.0,0.0,13060.0,4850,0.0,0.0,1180.0,0.0
419,0.0,2500,500,0.0,0.0,526.0,13250.0,0.0,0.0,417.0,3148.0,770.0,1268,0.0,0.0,0.0,0.0,726.0,0.0,1804.0,0.0,2135,0.0,610.0,0.0,4580,0.0,0.0,0.0,0.0,14520,9505,541.0,0.0,13100.0,5030,0.0,0.0,1090.0,0.0
399,0.0,2425,500,0.0,0.0,510.0,13850.0,0.0,0.0,418.0,3148.0,761.0,1268,0.0,0.0,0.0,0.0,726.0,0.0,1804.0,0.0,2050,0.0,610.0,0.0,4504,0.0,0.0,0.0,0.0,14520,9560,541.0,0.0,13160.0,4980,0.0,0.0,1100.0,0.0
400,0.0,2425,525,0.0,0.0,540.0,14150.0,0.0,0.0,418.0,3138.0,805.0,1197,0.0,0.0,0.0,0.0,703.0,0.0,1971.0,0.0,2050,0.0,630.0,0.0,4504,0.0,0.0,0.0,0.0,14400,9560,539.0,0.0,12940.0,4980,0.0,0.0,1100.0,0.0
400,0.0,2395,525,0.0,0.0,545.0,14150.0,0.0,0.0,412.0,3118.0,810.0,1246,0.0,0.0,0.0,0.0,706.0,0.0,2077.0,0.0,2010,0.0,650.0,0.0,4400,0.0,0.0,0.0,0.0,14700,9599,542.0,0.0,12940.0,4780,0.0,0.0,1080.0,0.0
400,0.0,2460,500,0.0,0.0,552.0,14150.0,0.0,0.0,410.0,3118.0,815.0,1209,0.0,0.0,0.0,0.0,710.0,0.0,2156.0,0.0,2010,0.0,655.0,0.0,4360,0.0,0.0,0.0,0.0,14700,9654,537.0,0.0,12940.0,4630,0.0,0.0,1090.0,0.0
410,0.0,2488,500,0.0,0.0,552.0,15350.0,0.0,0.0,411.0,3098.0,815.0,1192,0.0,0.0,0.0,0.0,697.0,0.0,2072.0,0.0,1980,0.0,650.0,0.0,4400,0.0,0.0,0.0,0.0,14280,10038,530.0,0.0,12740.0,4725,0.0,0.0,1075.0,0.0
418,0.0,2458,510,0.0,0.0,551.0,16100.0,0.0,0.0,413.0,3078.0,800.0,1195,0.0,0.0,0.0,0.0,704.0,0.0,1901.0,0.0,1960,0.0,645.0,0.0,4440,0.0,0.0,0.0,0.0,14260,10126,534.0,0.0,12740.0,4800,0.0,0.0,1070.0,0.0
410,0.0,2448,510,0.0,0.0,548.0,16150.0,0.0,0.0,408.0,3138.0,805.0,1260,0.0,0.0,0.0,0.0,700.0,0.0,1857.0,0.0,2050,0.0,660.0,0.0,4480,0.0,0.0,0.0,0.0,13900,10000,541.0,0.0,12740.0,4790,0.0,0.0,1080.0,0.0
401,0.0,2388,525,0.0,0.0,530.0,16000.0,0.0,0.0,415.0,3138.0,820.0,1295,0.0,0.0,0.0,0.0,705.0,0.0,1980.0,0.0,2075,0.0,645.0,0.0,4540,0.0,0.0,0.0,0.0,13760,9907,540.0,0.0,12480.0,4510,0.0,0.0,1095.0,0.0
400,0.0,2413,525,0.0,0.0,548.0,15620.0,0.0,0.0,413.0,3138.0,865.0,1305,0.0,0.0,0.0,0.0,720.0,0.0,1883.0,0.0,2065,0.0,655.0,0.0,4580,0.0,0.0,0.0,0.0,13740,9973,527.0,0.0,12540.0,4490,0.0,0.0,1090.0,0.0
390,0.0,2330,525,0.0,0.0,515.0,15950.0,0.0,0.0,416.0,2998.0,869.0,1302,0.0,0.0,0.0,0.0,710.0,0.0,1936.0,0.0,1980,0.0,655.0,0.0,4500,0.0,0.0,0.0,0.0,14000,9863,521.0,0.0,12700.0,4545,0.0,0.0,1100.0,0.0
355,0.0,2400,525,0.0,0.0,505.0,16200.0,0.0,0.0,418.0,3098.0,857.0,1299,0.0,0.0,0.0,0.0,710.0,0.0,1839.0,0.0,2000,0.0,665.0,0.0,4456,0.0,0.0,0.0,0.0,13880,9714,517.0,0.0,12780.0,4580,0.0,0.0,1100.0,0.0
362,0.0,2385,525,0.0,0.0,530.0,15500.0,0.0,0.0,425.0,3068.0,853.0,1263,0.0,0.0,0.0,0.0,713.0,0.0,1769.0,0.0,2000,0.0,696.0,0.0,4440,0.0,0.0,0.0,0.0,14200,9687,513.0,0.0,12500.0,4570,0.0,0.0,1130.0,0.0
390,0.0,2450,505,0.0,0.0,522.0,15580.0,0.0,0.0,440.0,3088.0,850.0,1275,0.0,0.0,0.0,0.0,721.0,0.0,1773.0,0.0,2005,0.0,660.0,0.0,4372,0.0,0.0,0.0,0.0,14500,9626,527.0,0.0,12520.0,4480,0.0,0.0,1115.0,0.0
400,0.0,2450,525,0.0,0.0,515.0,14940.0,0.0,0.0,455.0,3118.0,835.0,1270,0.0,0.0,0.0,0.0,755.0,0.0,1786.0,0.0,2005,0.0,650.0,0.0,4356,0.0,0.0,0.0,0.0,13940,9538,543.0,0.0,12400.0,4500,0.0,0.0,1105.0,0.0
445,0.0,2438,525,0.0,0.0,515.0,14660.0,0.0,0.0,460.0,3123.0,820.0,1279,0.0,0.0,0.0,0.0,740.0,0.0,1848.0,0.0,2015,0.0,650.0,0.0,4372,0.0,0.0,0.0,0.0,13900,9313,542.0,0.0,12480.0,4365,0.0,0.0,1110.0,0.0
505,0.0,2463,525,0.0,0.0,515.0,14860.0,0.0,0.0,450.0,3028.0,840.0,1243,0.0,0.0,0.0,0.0,735.0,0.0,1896.0,0.0,1995,0.0,670.0,0.0,4384,0.0,0.0,0.0,0.0,14000,9214,542.0,0.0,12360.0,4300,0.0,0.0,1120.0,0.0
516,0.0,2588,525,0.0,0.0,485.0,14750.0,0.0,0.0,435.0,2963.0,840.0,1223,0.0,0.0,0.0,0.0,725.0,0.0,1848.0,0.0,1950,0.0,665.0,0.0,4376,0.0,0.0,0.0,0.0,13840,9203,524.0,0.0,12420.0,4340,0.0,0.0,1090.0,0.0
503,0.0,2438,525,0.0,0.0,465.0,15150.0,0.0,0.0,440.0,2958.0,860.0,1215,0.0,0.0,0.0,0.0,720.0,0.0,1866.0,0.0,1900,0.0,685.0,0.0,4240,0.0,0.0,0.0,0.0,13780,9198,540.0,0.0,12480.0,4420,0.0,0.0,1120.0,0.0
495,0.0,2388,525,0.0,0.0,465.0,15350.0,0.0,0.0,445.0,2958.0,855.0,1184,0.0,0.0,0.0,0.0,709.0,0.0,1848.0,0.0,1905,0.0,670.0,0.0,4180,0.0,0.0,0.0,0.0,13500,9176,527.0,0.0,12300.0,4400,0.0,0.0,1135.0,0.0
455,0.0,2375,525,0.0,0.0,465.0,15250.0,0.0,0.0,435.0,2958.0,855.0,1204,0.0,0.0,0.0,0.0,696.0,0.0,1813.0,0.0,1880,0.0,665.0,0.0,4200,0.0,0.0,0.0,0.0,13400,9176,534.0,0.0,12100.0,4340,0.0,0.0,1045.0,0.0
460,0.0,2325,525,0.0,0.0,465.0,15450.0,0.0,0.0,440.0,2968.0,855.0,1187,0.0,0.0,0.0,0.0,685.0,0.0,1822.0,0.0,1870,0.0,670.0,0.0,4152,0.0,0.0,0.0,0.0,13100,9137,534.0,0.0,12300.0,4370,0.0,0.0,1110.0,0.0
474,0.0,2338,500,0.0,0.0,475.0,15350.0,0.0,0.0,435.0,3003.0,855.0,1136,0.0,0.0,0.0,0.0,678.0,0.0,1808.0,0.0,1865,0.0,670.0,0.0,4100,0.0,0.0,0.0,0.0,13120,9148,531.0,0.0,12200.0,4395,0.0,0.0,1060.0,0.0
470,0.0,2288,500,0.0,0.0,475.0,15600.0,0.0,0.0,435.0,3003.0,869.0,1105,0.0,0.0,0.0,0.0,660.0,0.0,1830.0,0.0,1850,0.0,670.0,0.0,4096,0.0,0.0,0.0,0.0,13200,9286,514.0,0.0,12020.0,4395,0.0,0.0,1080.0,0.0
460,0.0,2310,500,0.0,0.0,500.0,16100.0,0.0,0.0,435.0,3003.0,860.0,1146,0.0,0.0,0.0,0.0,638.0,0.0,1822.0,0.0,1800,0.0,685.0,0.0,4000,0.0,0.0,0.0,0.0,13140,9341,510.0,0.0,11860.0,4400,0.0,0.0,1010.0,0.0
440,0.0,2313,500,0.0,0.0,500.0,16190.0,0.0,0.0,427.0,3008.0,870.0,1147,0.0,0.0,0.0,0.0,635.0,0.0,1734.0,0.0,1825,0.0,700.0,0.0,4160,0.0,0.0,0.0,0.0,13600,9148,502.0,0.0,11600.0,4285,0.0,0.0,950.0,0.0
445,0.0,2325,500,0.0,0.0,520.0,16350.0,0.0,0.0,410.0,3018.0,857.0,1125,0.0,0.0,0.0,0.0,625.0,0.0,1698.0,0.0,1910,0.0,700.0,0.0,4160,0.0,0.0,0.0,0.0,14400,8945,493.0,0.0,11400.0,4275,0.0,0.0,990.0,0.0
445,0.0,2373,500,0.0,0.0,520.0,16700.0,0.0,0.0,400.0,3018.0,850.0,1133,0.0,0.0,0.0,0.0,662.0,0.0,1742.0,0.0,1935,0.0,700.0,0.0,4088,0.0,0.0,0.0,0.0,15000,8654,499.0,0.0,11500.0,4350,0.0,0.0,980.0,0.0
440,0.0,2438,500,0.0,0.0,505.0,16500.0,0.0,0.0,400.0,3003.0,845.0,1128,0.0,0.0,0.0,0.0,685.0,0.0,1716.0,0.0,1975,0.0,685.0,0.0,4096,0.0,0.0,0.0,0.0,15100,8610,513.0,0.0,11560.0,4445,0.0,0.0,1010.0,0.0
440,0.0,2433,500,0.0,0.0,520.0,16550.0,0.0,0.0,390.0,3028.0,830.0,1126,0.0,0.0,0.0,0.0,660.0,0.0,1716.0,0.0,1985,0.0,684.0,0.0,4072,0.0,0.0,0.0,0.0,15340,8599,505.0,0.0,11600.0,4625,0.0,0.0,1040.0,0.0
421,0.0,2418,500,0.0,0.0,520.0,16610.0,0.0,0.0,417.0,3013.0,810.0,1111,0.0,0.0,0.0,0.0,651.0,0.0,1716.0,0.0,1945,0.0,675.0,0.0,4020,0.0,0.0,0.0,0.0,15300,8484,497.0,0.0,11980.0,4545,0.0,0.0,1050.0,0.0
420,0.0,2420,500,0.0,0.0,520.0,16600.0,0.0,0.0,412.0,3033.0,820.0,1111,0.0,0.0,0.0,0.0,645.0,0.0,1663.0,0.0,1930,0.0,670.0,0.0,3992,0.0,0.0,0.0,0.0,15260,8341,507.0,0.0,11900.0,4530,0.0,0.0,1045.0,0.0
439,0.0,2335,500,0.0,0.0,520.0,16140.0,0.0,0.0,413.0,3003.0,810.0,1072,0.0,0.0,0.0,0.0,635.0,0.0,1795.0,0.0,1915,0.0,670.0,0.0,3960,0.0,0.0,0.0,0.0,15360,8352,486.0,0.0,11700.0,4505,0.0,0.0,1060.0,0.0
450,0.0,2350,500,0.0,0.0,510.0,15700.0,0.0,0.0,375.0,2983.0,800.0,1052,0.0,0.0,0.0,0.0,615.0,0.0,1835.0,0.0,1920,0.0,650.0,0.0,3820,0.0,0.0,0.0,0.0,15700,8363,473.0,0.0,11660.0,4390,0.0,0.0,1020.0,0.0
448,0.0,2425,500,0.0,0.0,505.0,15150.0,0.0,0.0,375.0,3008.0,800.0,1077,0.0,0.0,0.0,0.0,625.0,0.0,1804.0,0.0,1880,0.0,650.0,0.0,3720,0.0,0.0,0.0,0.0,15300,8676,489.0,0.0,11560.0,4300,0.0,0.0,973.0,0.0
499,0.0,2400,500,0.0,0.0,500.0,15750.0,0.0,0.0,400.0,3008.0,800.0,1077,0.0,0.0,0.0,0.0,625.0,0.0,1804.0,0.0,1875,0.0,650.0,0.0,3696,0.0,0.0,0.0,0.0,15300,8824,489.0,0.0,11500.0,4270,0.0,0.0,1000.0,0.0
500,0.0,2400,500,0.0,0.0,600.0,16600.0,0.0,0.0,400.0,2998.0,790.0,1080,0.0,0.0,0.0,0.0,630.0,0.0,2147.0,0.0,1875,0.0,660.0,0.0,3696,0.0,0.0,0.0,0.0,15600,8824,491.0,0.0,11200.0,4270,0.0,0.0,1000.0,0.0
500,0.0,2450,500,0.0,0.0,610.0,16450.0,0.0,0.0,410.0,2873.0,780.0,1077,0.0,0.0,0.0,0.0,615.0,0.0,2754.0,0.0,1905,0.0,637.0,0.0,3700,0.0,0.0,0.0,0.0,16500,9588,502.0,0.0,11180.0,4250,0.0,0.0,1010.0,0.0
485,0.0,2523,500,0.0,0.0,635.0,16450.0,0.0,0.0,405.0,2868.0,800.0,1080,0.0,0.0,0.0,0.0,630.0,0.0,2609.0,0.0,1850,0.0,636.0,0.0,3728,0.0,0.0,0.0,0.0,16500,9725,519.0,0.0,11180.0,4450,0.0,0.0,1000.0,0.0
465,0.0,2563,500,0.0,0.0,635.0,18550.0,0.0,0.0,405.0,2848.0,800.0,1122,0.0,0.0,0.0,0.0,655.0,0.0,2442.0,0.0,1900,0.0,650.0,0.0,3700,0.0,0.0,0.0,0.0,15920,9473,527.0,0.0,11180.0,4530,0.0,0.0,1000.0,0.0
435,0.0,2588,500,0.0,0.0,630.0,20910.0,0.0,0.0,415.0,2838.0,800.0,1208,0.0,0.0,0.0,0.0,665.0,0.0,2627.0,0.0,1920,0.0,640.0,0.0,3900,0.0,0.0,0.0,0.0,15500,9236,536.0,0.0,11080.0,4620,0.0,0.0,990.0,0.0
419,0.0,2575,540,0.0,0.0,655.0,19750.0,0.0,0.0,420.0,2898.0,800.0,1233,0.0,0.0,0.0,0.0,699.0,0.0,2878.0,0.0,1925,0.0,645.0,0.0,4000,0.0,0.0,0.0,0.0,15760,9253,560.0,0.0,11500.0,4700,0.0,0.0,990.0,0.0
420,0.0,2625,480,0.0,0.0,675.0,18900.0,0.0,0.0,465.0,2898.0,795.0,1234,0.0,0.0,0.0,0.0,700.0,0.0,3260.0,0.0,1940,0.0,650.0,0.0,4332,0.0,0.0,0.0,0.0,15760,9368,570.0,0.0,11760.0,4835,0.0,0.0,1070.0,0.0
420,0.0,2633,480,0.0,0.0,685.0,19300.0,0.0,0.0,448.0,2883.0,790.0,1229,0.0,0.0,0.0,0.0,679.0,0.0,3146.0,0.0,2020,0.0,650.0,0.0,4268,0.0,0.0,0.0,0.0,15620,9632,580.0,0.0,11740.0,4800,0.0,0.0,1115.0,0.0
395,0.0,2573,480,0.0,0.0,685.0,19860.0,0.0,0.0,439.0,2918.0,799.0,1229,0.0,0.0,0.0,0.0,700.0,0.0,3203.0,0.0,2010,0.0,645.0,0.0,4300,0.0,0.0,0.0,0.0,16040,9632,587.0,0.0,11700.0,4600,0.0,0.0,1120.0,0.0
429,0.0,2688,545,0.0,0.0,675.0,20250.0,0.0,0.0,415.0,3098.0,805.0,1270,0.0,0.0,0.0,0.0,706.0,0.0,3124.0,0.0,2070,0.0,640.0,0.0,4336,0.0,0.0,0.0,0.0,16200,9692,597.0,0.0,12000.0,4590,0.0,0.0,1150.0,0.0
450,0.0,2638,550,0.0,0.0,671.0,19200.0,0.0,0.0,435.0,3238.0,810.0,1274,0.0,0.0,0.0,0.0,715.0,0.0,2886.0,0.0,2115,0.0,640.0,0.0,4360,0.0,0.0,0.0,0.0,16500,9533,602.0,0.0,11900.0,4640,0.0,0.0,1175.0,0.0
420,0.0,2703,550,0.0,0.0,661.0,19350.0,0.0,0.0,464.0,3348.0,800.0,1265,0.0,0.0,0.0,0.0,728.0,0.0,3027.0,0.0,2180,0.0,640.0,0.0,4352,0.0,0.0,0.0,0.0,16640,9593,598.0,0.0,12120.0,4455,0.0,0.0,1175.0,0.0
410,0.0,2738,525,0.0,0.0,665.0,18750.0,0.0,0.0,460.0,3318.0,810.0,1244,0.0,0.0,0.0,0.0,715.0,0.0,3045.0,0.0,2120,0.0,641.0,0.0,4380,0.0,0.0,0.0,0.0,16640,9489,582.0,0.0,12500.0,4500,0.0,0.0,1225.0,0.0
400,0.0,2733,500,0.0,0.0,680.0,17500.0,0.0,0.0,450.0,3298.0,830.0,1246,0.0,0.0,0.0,0.0,700.0,0.0,3150.0,0.0,2170,0.0,645.0,0.0,4332,0.0,0.0,0.0,0.0,16980,9341,579.0,0.0,13240.0,4500,0.0,0.0,1140.0,0.0
400,0.0,2748,525,0.0,0.0,675.0,18100.0,0.0,0.0,437.0,3003.0,850.0,1156,0.0,0.0,0.0,0.0,681.0,0.0,3093.0,0.0,2080,0.0,631.0,0.0,4320,0.0,0.0,0.0,0.0,16480,9236,566.0,0.0,13000.0,4350,0.0,0.0,1125.0,0.0
400,0.0,2698,500,0.0,0.0,680.0,18550.0,0.0,0.0,420.0,2988.0,900.0,1150,0.0,0.0,0.0,0.0,672.0,0.0,3062.0,0.0,2060,0.0,632.0,0.0,4160,0.0,0.0,0.0,0.0,16700,9121,574.0,0.0,12420.0,4210,0.0,0.0,1075.0,0.0
400,0.0,2650,500,0.0,0.0,670.0,18350.0,0.0,0.0,410.0,2948.0,895.0,1192,0.0,0.0,0.0,0.0,665.0,0.0,2886.0,0.0,2000,0.0,641.0,0.0,4144,0.0,0.0,0.0,0.0,16660,9066,595.0,0.0,12140.0,4190,0.0,0.0,1065.0,0.0
360,0.0,2563,495,0.0,0.0,695.0,17800.0,0.0,0.0,415.0,2948.0,870.0,1220,0.0,0.0,0.0,0.0,680.0,0.0,2895.0,0.0,2040,0.0,650.0,0.0,4240,0.0,0.0,0.0,0.0,16900,8846,591.0,0.0,11760.0,4260,0.0,0.0,1150.0,0.0
385,0.0,2600,500,0.0,0.0,650.0,17950.0,0.0,0.0,411.0,2948.0,850.0,1192,0.0,0.0,0.0,0.0,680.0,0.0,2798.0,0.0,2040,0.0,650.0,0.0,4320,0.0,0.0,0.0,0.0,16760,9093,582.0,0.0,11900.0,4215,0.0,0.0,1140.0,0.0
400,0.0,2583,490,0.0,0.0,640.0,17700.0,0.0,0.0,410.0,3298.0,845.0,1220,0.0,0.0,0.0,0.0,683.0,0.0,2684.0,0.0,2020,0.0,665.0,0.0,4288,0.0,0.0,0.0,0.0,16800,9011,588.0,0.0,12900.0,4125,0.0,0.0,1120.0,0.0
380,0.0,2663,500,0.0,0.0,620.0,17450.0,0.0,0.0,422.0,3723.0,850.0,1248,0.0,0.0,0.0,0.0,692.0,0.0,2636.0,0.0,2000,0.0,675.0,0.0,4448,0.0,0.0,0.0,0.0,17000,9038,599.0,0.0,12500.0,4240,0.0,0.0,1135.0,0.0
395,0.0,2650,500,0.0,0.0,665.0,16530.0,0.0,0.0,420.0,3847.0,879.0,1246,0.0,0.0,0.0,0.0,700.0,0.0,2552.0,0.0,2000,0.0,679.0,0.0,4520,0.0,0.0,0.0,0.0,16900,8896,595.0,0.0,11900.0,4300,0.0,0.0,1100.0,0.0
395,0.0,2663,500,0.0,0.0,635.0,16220.0,0.0,0.0,420.0,3768.0,890.0,1246,0.0,0.0,0.0,0.0,695.0,0.0,2521.0,0.0,1975,0.0,684.0,0.0,4528,0.0,0.0,0.0,0.0,16740,8929,597.0,0.0,12580.0,4200,0.0,0.0,1100.0,0.0
390,0.0,2650,500,0.0,0.0,650.0,15560.0,0.0,0.0,415.0,3768.0,889.0,1263,0.0,0.0,0.0,0.0,697.0,0.0,2578.0,0.0,2040,0.0,689.0,0.0,4468,0.0,0.0,0.0,790.0,17180,8901,597.0,0.0,12600.0,4200,0.0,0.0,1105.0,0.0
389,0.0,2650,500,0.0,0.0,650.0,15680.0,0.0,0.0,421.0,3822.0,889.0,1251,0.0,0.0,0.0,0.0,705.0,0.0,2587.0,0.0,2090,0.0,685.0,0.0,4480,0.0,0.0,0.0,830.0,17700,9066,604.0,0.0,12600.0,4230,0.0,0.0,1135.0,0.0
389,0.0,2660,500,0.0,0.0,640.0,15970.0,0.0,0.0,430.0,3922.0,894.0,1234,0.0,0.0,0.0,0.0,691.0,0.0,2504.0,0.0,2100,0.0,710.0,0.0,4328,0.0,0.0,0.0,845.0,18080,8984,608.0,0.0,12380.0,4180,0.0,0.0,1175.0,0.0
389,0.0,2675,500,0.0,0.0,640.0,16800.0,0.0,0.0,422.0,4002.0,890.0,1232,0.0,0.0,0.0,0.0,690.0,0.0,2446.0,0.0,2040,0.0,725.0,0.0,4456,0.0,0.0,0.0,830.0,18000,9038,605.0,0.0,12000.0,4200,0.0,0.0,1170.0,0.0
389,0.0,2663,500,0.0,0.0,640.0,17350.0,0.0,0.0,421.0,4227.0,900.0,1232,0.0,0.0,0.0,0.0,696.0,0.0,2398.0,0.0,2065,0.0,735.0,0.0,4500,0.0,0.0,0.0,830.0,17640,9137,604.0,0.0,12080.0,4260,0.0,0.0,1160.0,0.0
370,0.0,2663,500,0.0,0.0,635.0,17150.0,0.0,0.0,430.0,4497.0,890.0,1230,0.0,0.0,0.0,0.0,715.0,0.0,2402.0,0.0,2030,0.0,740.0,0.0,4500,0.0,0.0,0.0,835.0,17800,9231,616.0,0.0,12000.0,4300,0.0,0.0,1200.0,0.0
390,0.0,2675,500,0.0,0.0,635.0,17120.0,0.0,0.0,455.0,4297.0,889.0,1230,0.0,0.0,0.0,0.0,720.0,0.0,2367.0,0.0,2075,0.0,760.0,0.0,4528,0.0,0.0,0.0,870.0,17980,9313,638.0,0.0,11640.0,4370,0.0,0.0,1325.0,0.0
400,0.0,2700,500,0.0,0.0,645.0,16970.0,0.0,0.0,455.0,4347.0,890.0,1236,0.0,0.0,0.0,0.0,715.0,0.0,2288.0,0.0,2115,0.0,795.0,0.0,4624,0.0,0.0,0.0,899.0,18200,9066,650.0,0.0,11340.0,4460,0.0,0.0,1370.0,0.0
370,0.0,2750,500,0.0,0.0,625.0,17310.0,0.0,0.0,460.0,4422.0,900.0,1268,0.0,0.0,0.0,0.0,740.0,0.0,2288.0,0.0,2145,0.0,780.0,0.0,4760,0.0,0.0,0.0,970.0,18500,8956,692.0,0.0,11400.0,4370,0.0,0.0,1370.0,0.0
370,0.0,2738,500,0.0,0.0,600.0,17750.0,0.0,0.0,500.0,4447.0,900.0,1257,0.0,0.0,0.0,0.0,725.0,0.0,2358.0,0.0,2210,0.0,745.0,0.0,4860,0.0,0.0,0.0,990.0,18000,8984,706.0,0.0,11600.0,4240,0.0,0.0,1420.0,0.0
400,0.0,2700,500,0.0,0.0,595.0,17350.0,0.0,0.0,477.0,4547.0,950.0,1263,0.0,0.0,0.0,0.0,735.0,0.0,2402.0,0.0,2150,0.0,720.0,0.0,4800,0.0,0.0,0.0,999.0,18100,8929,678.0,0.0,12100.0,4250,0.0,0.0,1425.0,0.0
400,0.0,2725,500,0.0,0.0,600.0,17410.0,0.0,0.0,460.0,4997.0,945.0,1265,0.0,0.0,0.0,0.0,720.0,0.0,2288.0,0.0,2135,0.0,730.0,0.0,4700,0.0,0.0,0.0,965.0,18100,8984,663.0,0.0,12660.0,4270,0.0,0.0,1400.0,0.0
380,0.0,2713,500,0.0,0.0,599.0,17600.0,0.0,0.0,450.0,5296.0,946.0,1306,0.0,0.0,0.0,0.0,751.0,0.0,2288.0,0.0,2140,0.0,770.0,0.0,4580,0.0,0.0,0.0,955.0,18140,8940,677.0,0.0,12100.0,4190,0.0,0.0,1380.0,0.0
385,0.0,2725,500,0.0,0.0,640.0,17750.0,0.0,0.0,450.0,5097.0,944.0,1340,0.0,0.0,0.0,0.0,778.0,0.0,2301.0,0.0,2155,0.0,772.0,0.0,4600,0.0,0.0,0.0,990.0,18700,8929,667.0,0.0,11720.0,4305,0.0,0.0,1420.0,0.0
390,0.0,2725,500,0.0,0.0,640.0,17470.0,0.0,0.0,450.0,4822.0,950.0,1394,0.0,0.0,0.0,0.0,760.0,0.0,2306.0,0.0,2125,0.0,770.0,0.0,4600,0.0,0.0,0.0,970.0,18980,8929,660.0,0.0,11700.0,4300,0.0,0.0,1450.0,0.0
395,0.0,2700,490,0.0,0.0,610.0,17450.0,0.0,0.0,440.0,4772.0,942.0,1362,0.0,0.0,0.0,0.0,735.0,0.0,2200.0,0.0,1985,0.0,795.0,0.0,4600,0.0,0.0,0.0,975.0,18820,9313,686.0,0.0,11400.0,4355,0.0,0.0,1405.0,0.0
380,0.0,2670,490,0.0,0.0,611.0,17650.0,0.0,0.0,430.0,5197.0,942.0,1417,0.0,0.0,0.0,0.0,750.0,0.0,2222.0,0.0,2055,0.0,735.0,0.0,4640,0.0,0.0,0.0,980.0,19000,9808,697.0,0.0,11300.0,4500,0.0,0.0,1400.0,0.0
385,0.0,2718,475,0.0,0.0,640.0,17760.0,0.0,0.0,430.0,5346.0,945.0,1417,0.0,0.0,0.0,0.0,732.0,0.0,2288.0,0.0,2090,0.0,813.0,0.0,4760,0.0,0.0,0.0,1000.0,19400,9698,689.0,0.0,10900.0,4500,0.0,0.0,1465.0,0.0
380,0.0,2698,495,0.0,0.0,660.0,17450.0,0.0,0.0,430.0,5616.0,945.0,1431,0.0,0.0,0.0,0.0,740.0,0.0,2376.0,0.0,2090,0.0,850.0,0.0,5024,0.0,0.0,0.0,1000.0,19320,9484,686.0,0.0,11300.0,4460,0.0,0.0,1500.0,0.0
391,0.0,2685,490,0.0,0.0,640.0,17460.0,0.0,0.0,445.0,5946.0,950.0,1425,0.0,0.0,0.0,0.0,752.0,0.0,2517.0,0.0,2070,0.0,840.0,0.0,5080,0.0,0.0,0.0,1000.0,19100,9341,667.0,0.0,11440.0,4500,0.0,0.0,1545.0,0.0
400,0.0,2675,475,0.0,0.0,614.0,17000.0,0.0,0.0,435.0,5396.0,1005.0,1459,0.0,0.0,0.0,0.0,730.0,0.0,2482.0,0.0,2060,0.0,815.0,0.0,4940,0.0,0.0,0.0,1000.0,18520,9725,659.0,0.0,11520.0,4500,0.0,0.0,1625.0,0.0
395,0.0,2700,460,0.0,0.0,614.0,16750.0,0.0,0.0,450.0,5556.0,1025.0,1498,0.0,0.0,0.0,0.0,735.0,0.0,2552.0,0.0,2100,0.0,820.0,0.0,4892,0.0,0.0,0.0,990.0,18700,9643,655.0,0.0,11300.0,4470,0.0,0.0,1700.0,0.0
400,0.0,2733,460,0.0,0.0,610.0,17180.0,0.0,0.0,450.0,5396.0,1020.0,1507,0.0,0.0,0.0,0.0,730.0,0.0,2530.0,0.0,2140,0.0,810.0,0.0,4900,0.0,0.0,0.0,990.0,18700,9808,642.0,0.0,11100.0,4580,0.0,0.0,1705.0,0.0
400,0.0,2800,475,0.0,0.0,620.0,16850.0,0.0,0.0,470.0,5496.0,1020.0,1476,0.0,0.0,0.0,0.0,723.0,0.0,2442.0,0.0,2155,0.0,805.0,0.0,4996,0.0,0.0,0.0,1000.0,18500,9775,637.0,0.0,11300.0,4655,0.0,0.0,1630.0,0.0
395,0.0,2813,475,0.0,0.0,655.0,16800.0,0.0,0.0,458.0,5296.0,990.0,1507,0.0,0.0,0.0,0.0,735.0,0.0,2508.0,0.0,2160,0.0,830.0,0.0,4920,0.0,0.0,0.0,1000.0,18400,9951,643.0,0.0,11340.0,4685,0.0,0.0,1590.0,0.0
398,0.0,2820,475,0.0,0.0,700.0,16650.0,0.0,0.0,445.0,5616.0,1000.0,1509,0.0,0.0,0.0,0.0,760.0,0.0,2526.0,0.0,2195,0.0,810.0,0.0,4900,0.0,0.0,0.0,1050.0,18080,9808,652.0,0.0,11300.0,4710,0.0,0.0,1610.0,0.0
400,0.0,2825,475,0.0,0.0,699.0,15750.0,0.0,0.0,430.0,5916.0,1000.0,1487,0.0,0.0,0.0,0.0,760.0,0.0,2464.0,0.0,2210,0.0,810.0,0.0,4892,0.0,0.0,0.0,1040.0,17800,10077,651.0,0.0,11320.0,4875,0.0,0.0,1600.0,0.0
400,0.0,2848,475,0.0,0.0,675.0,15950.0,0.0,0.0,429.0,5946.0,1000.0,1465,0.0,0.0,0.0,0.0,762.0,0.0,2420.0,0.0,2170,0.0,822.0,0.0,4868,0.0,0.0,0.0,1050.0,16940,10027,663.0,0.0,11680.0,4815,0.0,0.0,1580.0,0.0
395,0.0,2813,450,0.0,0.0,657.0,15850.0,0.0,0.0,407.0,5996.0,1010.0,1462,0.0,0.0,0.0,0.0,772.0,0.0,2411.0,0.0,2200,0.0,830.0,0.0,4892,0.0,0.0,0.0,1040.0,17360,10154,679.0,0.0,11960.0,4865,0.0,0.0,1580.0,0.0
395,0.0,2838,450,0.0,0.0,660.0,15800.0,0.0,0.0,400.0,5966.0,1025.0,1462,0.0,0.0,0.0,0.0,785.0,0.0,2490.0,0.0,2215,0.0,835.0,0.0,4900,0.0,0.0,0.0,1020.0,18000,10165,693.0,0.0,11680.0,5100,0.0,0.0,1585.0,0.0
398,0.0,2853,450,0.0,0.0,665.0,15400.0,0.0,0.0,420.0,6076.0,1040.0,1515,0.0,0.0,0.0,0.0,815.0,0.0,2526.0,0.0,2210,0.0,830.0,0.0,5004,0.0,0.0,0.0,1035.0,18100,10330,719.0,0.0,11900.0,5200,0.0,0.0,1600.0,0.0
395,0.0,2848,450,0.0,0.0,660.0,15350.0,0.0,0.0,408.0,5946.0,1105.0,1490,0.0,0.0,0.0,0.0,800.0,0.0,2512.0,0.0,2210,0.0,825.0,0.0,5100,0.0,0.0,0.0,1030.0,18000,10489,740.0,0.0,12000.0,5090,0.0,0.0,1640.0,0.0
380,0.0,2798,450,0.0,0.0,660.0,15550.0,0.0,0.0,407.0,5846.0,1140.0,1540,0.0,0.0,0.0,0.0,820.0,0.0,2552.0,0.0,2260,0.0,830.0,0.0,5176,0.0,0.0,0.0,1005.0,17880,10703,727.0,0.0,11800.0,4900,0.0,0.0,1690.0,0.0
376,0.0,2775,450,0.0,0.0,675.0,15060.0,0.0,0.0,400.0,5706.0,1170.0,1560,0.0,0.0,0.0,0.0,821.0,0.0,2543.0,0.0,2330,0.0,840.0,0.0,5300,0.0,0.0,0.0,1010.0,17900,10874,710.0,0.0,12160.0,4760,0.0,0.0,1900.0,0.0
376,0.0,2818,450,0.0,0.0,675.0,14850.0,0.0,0.0,393.0,5496.0,1185.0,1571,0.0,0.0,0.0,0.0,830.0,0.0,2508.0,0.0,2400,0.0,840.0,0.0,5276,0.0,0.0,0.0,1020.0,18180,10736,707.0,0.0,12460.0,4900,0.0,0.0,1900.0,0.0
370,0.0,2875,435,0.0,0.0,680.0,14900.0,0.0,0.0,380.0,5496.0,1260.0,1571,0.0,0.0,0.0,0.0,830.0,0.0,2508.0,0.0,2480,0.0,840.0,0.0,5360,0.0,0.0,0.0,1055.0,18180,10687,707.0,0.0,12900.0,5000,0.0,0.0,2110.0,0.0
370,0.0,2875,435,0.0,0.0,681.0,14700.0,0.0,0.0,380.0,5696.0,1240.0,1582,0.0,0.0,0.0,0.0,820.0,0.0,2614.0,0.0,2480,0.0,835.0,0.0,5360,0.0,0.0,0.0,1110.0,18600,10687,723.0,0.0,13020.0,5000,0.0,0.0,2110.0,0.0
370,0.0,3000,435,0.0,0.0,710.0,14970.0,0.0,0.0,380.0,5796.0,1180.0,1616,0.0,0.0,0.0,0.0,890.0,0.0,2605.0,0.0,2650,0.0,825.0,0.0,5340,0.0,0.0,0.0,1125.0,19000,11456,764.0,0.0,13580.0,5100,0.0,0.0,2200.0,0.0
360,0.0,3100,425,0.0,0.0,710.0,14970.0,0.0,0.0,380.0,5756.0,1160.0,1616,0.0,0.0,0.0,0.0,860.0,0.0,2539.0,0.0,2650,0.0,850.0,0.0,5640,0.0,0.0,0.0,1135.0,19360,11484,763.0,0.0,13580.0,5150,0.0,0.0,2300.0,0.0
360,0.0,3075,425,0.0,0.0,710.0,15850.0,0.0,0.0,395.0,5846.0,1160.0,1655,0.0,0.0,0.0,0.0,870.0,0.0,2530.0,0.0,2600,0.0,860.0,0.0,5600,0.0,0.0,0.0,1150.0,19100,10962,746.0,0.0,14040.0,5120,0.0,0.0,2285.0,0.0
351,0.0,3050,425,0.0,0.0,720.0,15900.0,0.0,0.0,401.0,5796.0,1185.0,1655,0.0,0.0,0.0,0.0,850.0,0.0,2539.0,0.0,2580,0.0,870.0,0.0,5400,0.0,0.0,0.0,1150.0,18600,10962,731.0,0.0,14100.0,5170,0.0,0.0,2305.0,0.0
360,0.0,3078,425,0.0,0.0,730.0,16000.0,0.0,0.0,405.0,5896.0,1265.0,1669,0.0,0.0,0.0,0.0,835.0,0.0,2552.0,0.0,2580,0.0,885.0,0.0,5400,0.0,0.0,0.0,1135.0,18200,10824,717.0,0.0,13500.0,5130,0.0,0.0,2320.0,0.0
375,0.0,3050,425,0.0,0.0,720.0,15980.0,0.0,0.0,405.0,5896.0,1245.0,1669,0.0,0.0,0.0,0.0,835.0,0.0,2552.0,0.0,2500,0.0,885.0,0.0,5400,0.0,0.0,0.0,1170.0,18200,10797,717.0,0.0,13460.0,5100,0.0,0.0,2350.0,0.0
395,0.0,3050,425,0.0,0.0,710.0,15800.0,0.0,0.0,405.0,5846.0,1220.0,1681,0.0,0.0,0.0,0.0,843.0,0.0,2530.0,0.0,2500,0.0,890.0,0.0,5400,0.0,0.0,0.0,1150.0,18100,10797,744.0,0.0,13560.0,5100,0.0,0.0,2350.0,0.0
395,0.0,3038,425,0.0,0.0,715.0,15750.0,0.0,0.0,406.0,5596.0,1220.0,1686,0.0,0.0,0.0,0.0,860.0,0.0,2618.0,0.0,2550,0.0,910.0,0.0,5344,0.0,0.0,0.0,1180.0,18700,10797,748.0,0.0,13560.0,5050,0.0,0.0,2400.0,0.0
435,0.0,3113,425,0.0,0.0,740.0,15750.0,0.0,0.0,410.0,5596.0,1230.0,1686,0.0,0.0,0.0,0.0,860.0,0.0,2618.0,0.0,2555,0.0,910.0,0.0,5460,0.0,0.0,0.0,1170.0,18700,10907,748.0,0.0,13560.0,5110,0.0,0.0,2380.0,0.0
435,0.0,3113,425,0.0,0.0,740.0,15950.0,0.0,0.0,410.0,5596.0,1230.0,1686,0.0,0.0,0.0,0.0,860.0,0.0,2618.0,0.0,2555,0.0,910.0,0.0,5460,0.0,0.0,0.0,1170.0,18700,10907,748.0,0.0,13500.0,5110,0.0,0.0,2380.0,0.0
435,0.0,3113,425,0.0,0.0,745.0,15830.0,0.0,0.0,410.0,5596.0,1220.0,1686,0.0,0.0,0.0,0.0,860.0,0.0,2618.0,0.0,2555,0.0,910.0,0.0,5460,0.0,0.0,0.0,1170.0,18700,10907,748.0,0.0,13700.0,5110,0.0,0.0,2380.0,0.0
435,0.0,3113,425,0.0,0.0,771.0,15830.0,0.0,0.0,410.0,5896.0,1265.0,1675,0.0,0.0,0.0,0.0,840.0,0.0,2526.0,0.0,2555,0.0,900.0,0.0,5460,0.0,0.0,0.0,1160.0,18640,10907,731.0,0.0,13700.0,5110,0.0,0.0,2380.0,0.0
435,0.0,3150,425,0.0,0.0,771.0,15830.0,0.0,0.0,401.0,5776.0,1265.0,1644,0.0,0.0,0.0,0.0,840.0,0.0,2332.0,0.0,2500,0.0,900.0,0.0,5420,0.0,0.0,0.0,1150.0,17700,10951,752.0,0.0,13700.0,4950,0.0,0.0,2325.0,0.0
410,0.0,3000,425,0.0,0.0,771.0,15830.0,0.0,0.0,385.0,5696.0,1265.0,1644,0.0,0.0,0.0,0.0,836.0,0.0,2297.0,0.0,2510,0.0,870.0,0.0,5424,0.0,0.0,0.0,1150.0,17480,10934,737.0,0.0,13700.0,4905,0.0,0.0,2355.0,0.0
410,0.0,2938,425,0.0,0.0,771.0,15050.0,0.0,0.0,367.0,5966.0,1265.0,1658,0.0,0.0,0.0,0.0,900.0,0.0,2376.0,0.0,2470,0.0,870.0,0.0,5376,0.0,0.0,0.0,1150.0,17540,11324,765.0,0.0,13600.0,4980,0.0,0.0,2540.0,0.0
400,0.0,2950,425,0.0,0.0,760.0,14950.0,0.0,0.0,380.0,6346.0,1275.0,1683,0.0,0.0,0.0,0.0,985.0,0.0,2416.0,0.0,2520,0.0,870.0,0.0,5400,0.0,0.0,0.0,1150.0,17600,11648,847.0,0.0,13120.0,5190,0.0,0.0,2750.0,0.0
425,0.0,2950,425,0.0,0.0,710.0,15000.0,0.0,0.0,410.0,7095.0,1200.0,1650,0.0,0.0,0.0,0.0,1000.0,0.0,2394.0,0.0,2800,0.0,870.0,0.0,5548,0.0,0.0,0.0,1115.0,17160,11797,846.0,0.0,12780.0,5300,0.0,0.0,2940.0,0.0
445,0.0,2823,425,0.0,0.0,700.0,15700.0,0.0,0.0,390.0,7195.0,1170.0,1627,0.0,0.0,0.0,0.0,940.0,0.0,2438.0,0.0,2765,0.0,870.0,0.0,5700,0.0,0.0,0.0,1110.0,16700,11676,819.0,0.0,13140.0,5070,0.0,0.0,3000.0,0.0
555,0.0,2800,425,0.0,0.0,720.0,16250.0,0.0,0.0,381.0,7495.0,1160.0,1622,0.0,0.0,0.0,0.0,980.0,0.0,2341.0,0.0,2770,0.0,870.0,0.0,5640,0.0,0.0,0.0,1090.0,16800,11544,808.0,0.0,14600.0,5000,0.0,0.0,3035.0,0.0
550,0.0,2810,425,0.0,0.0,720.0,15700.0,0.0,0.0,380.0,8115.0,1230.0,1672,0.0,0.0,0.0,0.0,960.0,0.0,2358.0,0.0,2800,0.0,870.0,0.0,5700,0.0,0.0,0.0,1000.0,17300,11692,815.0,0.0,14900.0,4880,0.0,0.0,3270.0,0.0
535,0.0,2913,410,0.0,0.0,680.0,15850.0,0.0,0.0,383.0,8694.0,1260.0,1784,0.0,0.0,0.0,0.0,977.0,0.0,2429.0,0.0,2795,0.0,850.0,0.0,5784,0.0,0.0,0.0,1015.0,18100,11593,805.0,0.0,14900.0,4950,0.0,0.0,3480.0,0.0
535,0.0,2975,450,0.0,0.0,675.0,15840.0,0.0,0.0,406.0,8644.0,1250.0,1782,0.0,0.0,0.0,0.0,978.0,0.0,2517.0,0.0,2820,0.0,810.0,0.0,5880,0.0,0.0,0.0,1010.0,18900,11538,797.0,0.0,14800.0,5220,0.0,0.0,3710.0,0.0
560,0.0,3093,450,0.0,0.0,690.0,16500.0,0.0,0.0,420.0,8374.0,1215.0,1770,0.0,0.0,0.0,0.0,955.0,0.0,2658.0,0.0,2820,0.0,800.0,0.0,6000,0.0,0.0,0.0,1020.0,18800,11346,782.0,0.0,15380.0,5180,0.0,0.0,3825.0,0.0
595,0.0,3138,500,0.0,0.0,725.0,17150.0,0.0,0.0,450.0,8594.0,1225.0,1796,0.0,0.0,0.0,0.0,993.0,0.0,2627.0,0.0,2760,0.0,800.0,0.0,5900,0.0,0.0,0.0,1125.0,18600,11297,767.0,0.0,15640.0,5250,0.0,0.0,3730.0,0.0
590,0.0,3263,505,0.0,0.0,725.0,17450.0,0.0,0.0,430.0,8394.0,1240.0,1796,0.0,0.0,0.0,0.0,980.0,0.0,2530.0,0.0,2860,0.0,795.0,0.0,5840,0.0,0.0,0.0,1125.0,18540,11319,791.0,0.0,15880.0,5310,0.0,0.0,3420.0,0.0
600,0.0,3450,505,0.0,0.0,740.0,17250.0,0.0,0.0,430.0,8344.0,1240.0,1725,0.0,0.0,0.0,0.0,955.0,0.0,2468.0,0.0,2850,0.0,799.0,0.0,5740,0.0,0.0,0.0,1125.0,19000,11154,795.0,0.0,15600.0,5340,0.0,0.0,3010.0,0.0
590,0.0,3438,500,0.0,0.0,735.0,17050.0,0.0,0.0,445.0,7645.0,1215.0,1636,0.0,0.0,0.0,0.0,942.0,0.0,2464.0,0.0,2740,0.0,780.0,0.0,5660,0.0,0.0,0.0,1120.0,19200,11022,757.0,0.0,15660.0,5360,0.0,0.0,3050.0,0.0
610,0.0,3428,500,0.0,0.0,755.0,16400.0,0.0,0.0,425.0,7445.0,1180.0,1605,0.0,0.0,0.0,0.0,909.0,0.0,2328.0,0.0,2730,0.0,760.0,0.0,5540,0.0,0.0,0.0,1100.0,18500,10637,718.0,0.0,15680.0,5150,0.0,0.0,2845.0,0.0
600,0.0,3250,525,0.0,0.0,760.0,16100.0,0.0,0.0,406.0,7515.0,1195.0,1605,0.0,0.0,0.0,0.0,907.0,0.0,2345.0,0.0,2700,0.0,760.0,0.0,5400,0.0,0.0,0.0,1095.0,18180,10330,744.0,0.0,15280.0,5150,0.0,0.0,2775.0,0.0
610,0.0,3213,525,0.0,0.0,785.0,16160.0,0.0,0.0,405.0,7785.0,1195.0,1529,0.0,0.0,0.0,0.0,870.0,0.0,2323.0,0.0,2700,0.0,740.0,0.0,5360,0.0,0.0,0.0,1080.0,19020,10220,735.0,0.0,15000.0,5080,0.0,0.0,2830.0,0.0
610,0.0,3403,525,0.0,0.0,800.0,15650.0,0.0,0.0,401.0,7565.0,1195.0,1529,0.0,0.0,0.0,0.0,885.0,0.0,2270.0,0.0,2650,0.0,700.0,0.0,5140,0.0,0.0,0.0,1075.0,19000,9973,727.0,0.0,14500.0,4900,0.0,0.0,2900.0,0.0
610,0.0,3450,525,0.0,0.0,850.0,15400.0,0.0,0.0,392.0,8095.0,1230.0,1599,0.0,0.0,0.0,0.0,885.0,0.0,2253.0,0.0,2695,0.0,720.0,0.0,5100,0.0,0.0,0.0,1070.0,19300,9769,786.0,0.0,14500.0,4980,0.0,0.0,2980.0,0.0
600,0.0,3450,525,0.0,0.0,870.0,15310.0,0.0,0.0,415.0,8195.0,1250.0,1669,0.0,0.0,0.0,0.0,900.0,0.0,2270.0,0.0,2885,0.0,740.0,0.0,5340,0.0,0.0,0.0,1070.0,19300,10220,765.0,0.0,13980.0,5040,0.0,0.0,3140.0,0.0
600,0.0,3428,475,0.0,0.0,890.0,15250.0,0.0,0.0,414.0,8394.0,1270.0,1683,0.0,0.0,0.0,0.0,919.0,0.0,2213.0,0.0,2920,0.0,725.0,0.0,5460,0.0,0.0,0.0,1055.0,19100,10005,760.0,0.0,14240.0,5000,0.0,0.0,3340.0,0.0
590,0.0,3488,475,0.0,0.0,890.0,15700.0,0.0,0.0,430.0,8005.0,1260.0,1599,0.0,0.0,0.0,0.0,910.0,0.0,2398.0,0.0,2950,0.0,725.0,0.0,5560,0.0,0.0,0.0,990.0,19240,9808,728.0,0.0,15160.0,5000,0.0,0.0,3550.0,0.0
570,0.0,3438,475,0.0,0.0,860.0,15820.0,0.0,0.0,402.0,7745.0,1260.0,1568,0.0,0.0,0.0,0.0,965.0,0.0,2886.0,0.0,2855,0.0,710.0,0.0,5340,0.0,0.0,0.0,1050.0,19800,9753,744.0,0.0,15380.0,4965,0.0,0.0,3280.0,0.0
560,0.0,3500,475,0.0,0.0,848.0,15550.0,0.0,0.0,421.0,7395.0,1230.0,1608,0.0,0.0,0.0,0.0,995.0,0.0,2702.0,0.0,2900,0.0,710.0,0.0,5500,0.0,0.0,0.0,1085.0,19580,10198,757.0,0.0,15580.0,5000,0.0,0.0,3110.0,0.0
565,0.0,3475,470,0.0,0.0,850.0,15700.0,0.0,0.0,415.0,7695.0,1180.0,1655,0.0,0.0,0.0,0.0,980.0,0.0,2842.0,0.0,2900,0.0,701.0,0.0,5520,0.0,0.0,0.0,1120.0,20300,10060,744.0,0.0,15220.0,4965,0.0,0.0,3345.0,0.0
600,0.0,3678,485,0.0,0.0,850.0,17750.0,0.0,0.0,405.0,7535.0,1140.0,1571,0.0,0.0,0.0,0.0,950.0,0.0,2869.0,0.0,2970,0.0,685.0,0.0,5600,0.0,0.0,0.0,1150.0,19800,10148,744.0,0.0,15500.0,5000,0.0,0.0,3520.0,0.0
648,0.0,3553,485,0.0,0.0,855.0,16900.0,0.0,0.0,408.0,7515.0,1190.0,1501,0.0,0.0,0.0,0.0,940.0,0.0,2904.0,0.0,2910,0.0,675.0,0.0,5540,0.0,0.0,0.0,1180.0,20200,9973,748.0,0.0,15420.0,4960,0.0,0.0,3700.0,0.0
640,0.0,3513,485,0.0,0.0,840.0,17540.0,0.0,0.0,405.0,8045.0,1180.0,1484,0.0,0.0,0.0,0.0,920.0,0.0,2922.0,0.0,2885,0.0,665.0,0.0,5540,0.0,0.0,0.0,1150.0,19600,9753,737.0,0.0,15540.0,4965,0.0,0.0,3855.0,0.0
655,0.0,3363,500,0.0,0.0,885.0,17250.0,0.0,0.0,415.0,8035.0,1180.0,1479,0.0,0.0,0.0,0.0,880.0,0.0,2926.0,0.0,2800,0.0,650.0,0.0,5400,0.0,0.0,0.0,1160.0,19260,9401,740.0,0.0,15220.0,4950,0.0,0.0,3800.0,0.0
685,0.0,3298,500,0.0,0.0,875.0,17050.0,0.0,0.0,406.0,8145.0,1170.0,1473,0.0,0.0,0.0,0.0,860.0,0.0,2970.0,0.0,2650,0.0,635.0,0.0,5380,0.0,0.0,0.0,1130.0,19220,9440,729.0,0.0,14900.0,4850,0.0,0.0,3610.0,0.0
680,0.0,3250,475,0.0,0.0,920.0,16910.0,0.0,0.0,400.0,8494.0,1200.0,1484,0.0,0.0,0.0,0.0,850.0,0.0,3067.0,0.0,2600,0.0,639.0,0.0,5180,0.0,0.0,0.0,1130.0,19540,9286,720.0,0.0,14400.0,4710,0.0,0.0,3400.0,0.0
670,0.0,3250,475,0.0,0.0,899.0,16910.0,0.0,0.0,397.0,8694.0,1200.0,1481,0.0,0.0,0.0,0.0,865.0,0.0,3062.0,0.0,2700,0.0,645.0,0.0,5280,0.0,0.0,0.0,1120.0,18700,9863,711.0,0.0,14040.0,4735,0.0,0.0,3700.0,0.0
675,0.0,3273,475,0.0,0.0,865.0,17160.0,0.0,0.0,395.0,8414.0,1170.0,1417,0.0,0.0,0.0,0.0,871.0,0.0,3071.0,0.0,2685,0.0,641.0,0.0,5200,0.0,0.0,0.0,1120.0,18680,9676,703.0,0.0,13800.0,4750,0.0,0.0,4120.0,0.0
640,0.0,3123,525,0.0,0.0,845.0,18000.0,0.0,0.0,395.0,8494.0,1175.0,1431,0.0,0.0,0.0,0.0,855.0,0.0,2966.0,0.0,2640,0.0,640.0,0.0,5204,0.0,0.0,0.0,1130.0,18100,9434,682.0,0.0,14500.0,4660,0.0,0.0,3810.0,0.0
630,0.0,3013,525,0.0,0.0,840.0,17850.0,0.0,0.0,385.0,8844.0,1150.0,1459,0.0,0.0,0.0,0.0,870.0,0.0,2922.0,0.0,2530,0.0,661.0,0.0,5140,0.0,0.0,0.0,1130.0,17600,9148,683.0,0.0,14460.0,4535,0.0,0.0,3870.0,0.0
630,0.0,2963,525,0.0,0.0,820.0,17680.0,0.0,0.0,385.0,9744.0,1135.0,1459,0.0,0.0,0.0,0.0,855.0,0.0,2750.0,0.0,2580,0.0,720.0,0.0,5160,0.0,0.0,0.0,1100.0,16700,9176,691.0,0.0,14400.0,4300,0.0,0.0,4180.0,0.0
670,0.0,2750,525,0.0,0.0,790.0,17500.0,0.0,0.0,385.0,9594.0,1155.0,1453,0.0,0.0,0.0,0.0,846.0,0.0,2640.0,0.0,2610,0.0,715.0,0.0,5240,0.0,0.0,0.0,1100.0,17000,9011,682.0,0.0,14000.0,4250,0.0,0.0,4245.0,0.0
665,0.0,2713,525,0.0,0.0,775.0,17650.0,0.0,0.0,385.0,9114.0,1155.0,1450,0.0,0.0,0.0,0.0,815.0,0.0,2596.0,0.0,2630,0.0,705.0,0.0,5400,0.0,0.0,0.0,1085.0,16600,8462,679.0,0.0,13900.0,4040,0.0,0.0,4180.0,0.0
675,0.0,2500,500,0.0,0.0,760.0,17200.0,0.0,0.0,373.0,9024.0,1145.0,1459,0.0,0.0,0.0,0.0,800.0,0.0,2587.0,0.0,2560,0.0,680.0,0.0,5340,0.0,0.0,0.0,1090.0,18000,8104,674.0,0.0,13980.0,3960,0.0,0.0,3850.0,0.0
660,0.0,2828,500,0.0,0.0,735.0,16770.0,0.0,0.0,410.0,9494.0,1155.0,1501,0.0,0.0,0.0,0.0,810.0,0.0,2684.0,0.0,2470,0.0,660.0,0.0,5280,0.0,0.0,0.0,1100.0,18000,7813,655.0,0.0,13900.0,4060,0.0,0.0,3800.0,0.0
640,0.0,3000,500,0.0,0.0,725.0,16100.0,0.0,0.0,400.0,9334.0,1160.0,1481,0.0,0.0,0.0,0.0,830.0,0.0,2552.0,0.0,2450,0.0,680.0,0.0,5396,0.0,0.0,0.0,1120.0,16560,8143,629.0,0.0,13640.0,4175,0.0,0.0,3890.0,0.0
630,0.0,2875,500,0.0,0.0,700.0,16450.0,0.0,0.0,377.0,9514.0,1175.0,1445,0.0,0.0,0.0,0.0,805.0,0.0,2552.0,0.0,2350,0.0,670.0,0.0,5280,0.0,0.0,0.0,1135.0,15280,8192,626.0,0.0,13400.0,4240,0.0,0.0,3765.0,0.0
626,0.0,2625,500,0.0,0.0,715.0,17000.0,0.0,0.0,358.0,9414.0,1205.0,1509,0.0,0.0,0.0,0.0,825.0,0.0,2605.0,0.0,2425,0.0,680.0,0.0,5080,0.0,0.0,0.0,1130.0,16200,8434,629.0,0.0,13400.0,4235,0.0,0.0,3845.0,0.0
630,0.0,2748,500,0.0,0.0,715.0,16750.0,0.0,0.0,365.0,9314.0,1205.0,1493,0.0,0.0,0.0,0.0,830.0,0.0,2666.0,0.0,2445,0.0,670.0,0.0,5160,0.0,0.0,0.0,1150.0,16400,8626,635.0,0.0,12860.0,4150,0.0,0.0,3800.0,0.0
630,0.0,2760,475,0.0,0.0,684.0,16700.0,0.0,0.0,363.0,9514.0,1200.0,1459,0.0,0.0,0.0,0.0,837.0,0.0,2684.0,0.0,2465,0.0,660.0,0.0,5060,0.0,0.0,0.0,1150.0,16300,8467,649.0,0.0,12920.0,4175,0.0,0.0,3840.0,0.0
615,0.0,2700,475,0.0,0.0,650.0,16650.0,0.0,0.0,345.0,9494.0,1175.0,1493,0.0,0.0,0.0,0.0,815.0,0.0,2631.0,0.0,2490,0.0,629.0,0.0,5000,0.0,0.0,0.0,1140.0,16300,8324,633.0,0.0,13100.0,4250,0.0,0.0,3760.0,0.0
600,0.0,2703,475,0.0,0.0,650.0,16900.0,0.0,0.0,353.0,9544.0,1185.0,1487,0.0,0.0,0.0,0.0,785.0,0.0,2627.0,0.0,2480,0.0,616.0,0.0,5040,0.0,0.0,0.0,1130.0,16080,8148,633.0,0.0,13140.0,4100,0.0,0.0,3810.0,0.0
600,0.0,2663,475,0.0,0.0,700.0,17000.0,0.0,0.0,355.0,9344.0,1155.0,1462,0.0,0.0,0.0,0.0,728.0,0.0,2600.0,0.0,2490,0.0,606.0,0.0,5020,0.0,0.0,0.0,1150.0,14920,7967,616.0,0.0,13500.0,4150,0.0,0.0,4150.0,0.0
607,0.0,2485,475,0.0,0.0,770.0,16650.0,0.0,0.0,358.0,9893.0,1135.0,1490,0.0,0.0,0.0,0.0,749.0,0.0,2552.0,0.0,2480,0.0,590.0,0.0,4940,0.0,0.0,0.0,1150.0,14920,7473,651.0,0.0,13400.0,3895,0.0,0.0,4190.0,0.0
601,0.0,2538,475,0.0,0.0,770.0,16300.0,0.0,0.0,380.0,9684.0,1145.0,1487,0.0,0.0,0.0,0.0,735.0,0.0,2552.0,0.0,2550,0.0,575.0,0.0,5120,0.0,0.0,0.0,1120.0,15000,7445,627.0,0.0,13400.0,4000,0.0,0.0,4610.0,0.0
620,0.0,2600,460,0.0,0.0,770.0,16500.0,0.0,0.0,370.0,9993.0,1160.0,1487,0.0,0.0,0.0,0.0,730.0,0.0,2429.0,0.0,2500,0.0,570.0,0.0,5200,0.0,0.0,0.0,1110.0,15520,7604,636.0,0.0,12900.0,3950,0.0,0.0,4850.0,0.0
620,0.0,2638,460,0.0,0.0,750.0,16600.0,0.0,0.0,385.0,10293.0,1155.0,1515,0.0,0.0,0.0,0.0,785.0,0.0,2367.0,0.0,2465,0.0,612.0,0.0,5080,0.0,0.0,0.0,1135.0,16160,8187,649.0,0.0,13000.0,4190,0.0,0.0,4580.0,0.0
650,0.0,2800,460,0.0,0.0,785.0,16300.0,0.0,0.0,390.0,9893.0,1170.0,1498,0.0,0.0,0.0,0.0,776.0,0.0,2429.0,0.0,2550,0.0,630.0,0.0,5000,0.0,0.0,0.0,1080.0,15900,8242,655.0,0.0,13060.0,4105,0.0,0.0,4320.0,0.0
635,0.0,2775,460,0.0,0.0,765.0,16000.0,0.0,0.0,385.0,9893.0,1165.0,1498,0.0,0.0,0.0,0.0,776.0,0.0,2429.0,0.0,2570,0.0,630.0,0.0,4920,0.0,0.0,0.0,1110.0,15900,8352,655.0,0.0,13000.0,4010,0.0,0.0,4170.0,0.0
635,0.0,2775,460,0.0,0.0,770.0,15850.0,0.0,0.0,385.0,9444.0,1200.0,1521,0.0,0.0,0.0,0.0,815.0,0.0,2429.0,0.0,2570,0.0,640.0,0.0,4920,0.0,0.0,0.0,1100.0,16500,8352,663.0,0.0,12740.0,4010,0.0,0.0,4170.0,0.0
635,0.0,2875,460,0.0,0.0,790.0,16000.0,0.0,0.0,390.0,9544.0,1255.0,1529,0.0,0.0,0.0,0.0,870.0,0.0,2332.0,0.0,2620,0.0,660.0,0.0,4960,0.0,0.0,0.0,1145.0,17200,8571,676.0,0.0,12720.0,4015,0.0,0.0,4100.0,0.0
635,0.0,2988,460,0.0,0.0,780.0,16000.0,0.0,0.0,380.0,9484.0,1265.0,1537,0.0,0.0,0.0,0.0,862.0,0.0,2367.0,0.0,2620,0.0,695.0,0.0,4896,0.0,0.0,0.0,1130.0,17000,8440,695.0,0.0,12720.0,4040,0.0,0.0,4170.0,0.0
600,0.0,2875,460,0.0,0.0,780.0,16200.0,0.0,0.0,385.0,10213.0,1265.0,1487,0.0,0.0,0.0,0.0,871.0,0.0,2389.0,0.0,2740,0.0,715.0,0.0,4920,0.0,0.0,0.0,1150.0,16600,8434,693.0,0.0,13560.0,4300,0.0,0.0,4075.0,0.0
620,0.0,2745,460,0.0,0.0,780.0,15920.0,0.0,0.0,378.0,9484.0,1265.0,1436,0.0,0.0,0.0,0.0,855.0,0.0,2332.0,0.0,2820,0.0,715.0,0.0,5000,0.0,0.0,0.0,1150.0,16300,8445,700.0,0.0,13600.0,4330,0.0,0.0,4270.0,0.0
620,0.0,2625,460,0.0,0.0,745.0,15910.0,0.0,0.0,355.0,9394.0,1230.0,1442,0.0,0.0,0.0,0.0,850.0,0.0,2288.0,0.0,2730,0.0,700.0,0.0,5040,0.0,0.0,0.0,1150.0,16220,8022,701.0,0.0,14300.0,4250,0.0,0.0,4170.0,0.0
620,0.0,2633,460,0.0,0.0,740.0,16330.0,0.0,0.0,360.0,8474.0,1205.0,1431,0.0,0.0,0.0,0.0,815.0,0.0,2112.0,0.0,2695,0.0,690.0,0.0,5180,0.0,0.0,0.0,1160.0,17000,8291,695.0,0.0,14600.0,4250,0.0,0.0,4155.0,0.0
620,0.0,2763,460,0.0,0.0,700.0,16100.0,0.0,0.0,355.0,7985.0,1185.0,1403,0.0,0.0,0.0,0.0,831.0,0.0,2006.0,0.0,2650,0.0,700.0,0.0,5140,0.0,0.0,0.0,1250.0,17400,8077,672.0,0.0,13900.0,4000,0.0,0.0,3800.0,0.0
620,0.0,2838,450,0.0,0.0,660.0,16000.0,0.0,0.0,370.0,8145.0,1150.0,1431,0.0,0.0,0.0,0.0,843.0,0.0,2103.0,0.0,2700,0.0,700.0,0.0,5204,0.0,0.0,0.0,1300.0,17820,8302,702.0,0.0,13800.0,4080,0.0,0.0,3600.0,0.0
665,0.0,2843,450,0.0,0.0,645.0,15770.0,0.0,0.0,365.0,7545.0,1165.0,1436,0.0,0.0,0.0,0.0,855.0,0.0,2090.0,0.0,2600,0.0,705.0,0.0,5300,0.0,0.0,0.0,1260.0,18140,8291,706.0,0.0,13720.0,4080,0.0,0.0,3690.0,0.0
640,0.0,2835,455,0.0,0.0,660.0,15640.0,0.0,0.0,370.0,6895.0,1165.0,1417,0.0,0.0,0.0,0.0,820.0,0.0,2156.0,0.0,2610,0.0,710.0,0.0,5200,0.0,0.0,0.0,1220.0,18200,8516,680.0,0.0,13320.0,4180,0.0,0.0,3590.0,0.0
620,0.0,2863,450,0.0,0.0,710.0,15680.0,0.0,0.0,350.0,7395.0,1160.0,1431,0.0,0.0,0.0,0.0,835.0,0.0,2156.0,0.0,2500,0.0,705.0,0.0,5200,0.0,0.0,0.0,1250.0,18600,8132,680.0,0.0,13600.0,4200,0.0,0.0,3330.0,0.0
600,0.0,2938,450,0.0,0.0,710.0,15540.0,0.0,0.0,331.0,7545.0,1165.0,1459,0.0,0.0,0.0,0.0,826.0,0.0,2077.0,0.0,2600,0.0,700.0,0.0,5188,0.0,0.0,0.0,1220.0,18300,8324,680.0,0.0,13660.0,4185,0.0,0.0,3630.0,0.0
599,0.0,2863,450,0.0,0.0,725.0,15400.0,0.0,0.0,335.0,7695.0,1180.0,1453,0.0,0.0,0.0,0.0,825.0,0.0,2094.0,0.0,2630,0.0,700.0,0.0,5196,0.0,0.0,0.0,1240.0,17520,8352,669.0,0.0,13100.0,4300,0.0,0.0,3560.0,0.0
595,0.0,2763,450,0.0,0.0,699.0,15170.0,0.0,0.0,360.0,7335.0,1170.0,1408,0.0,0.0,0.0,0.0,825.0,0.0,2068.0,0.0,2600,0.0,695.0,0.0,5160,0.0,0.0,0.0,1240.0,17800,8297,638.0,0.0,13400.0,4280,0.0,0.0,3680.0,0.0
590,0.0,2738,435,0.0,0.0,700.0,14700.0,0.0,0.0,340.0,7215.0,1175.0,1389,0.0,0.0,0.0,0.0,799.0,0.0,1998.0,0.0,2550,0.0,695.0,0.0,4920,0.0,0.0,0.0,1210.0,17760,8214,634.0,0.0,13400.0,4100,0.0,0.0,3430.0,0.0
585,0.0,2750,425,0.0,0.0,680.0,14700.0,0.0,0.0,335.0,6096.0,1190.0,1302,0.0,0.0,0.0,0.0,773.0,0.0,1962.0,0.0,2430,0.0,695.0,0.0,4800,0.0,0.0,0.0,1240.0,17300,7995,625.0,0.0,13100.0,4060,0.0,0.0,3280.0,0.0
590,0.0,2700,425,0.0,0.0,645.0,14850.0,0.0,0.0,335.0,5896.0,1190.0,1240,0.0,0.0,0.0,0.0,745.0,0.0,2081.0,0.0,2370,0.0,661.0,0.0,4552,0.0,0.0,0.0,1220.0,16200,7676,612.0,0.0,12700.0,4040,0.0,0.0,2950.0,0.0
589,0.0,2700,425,0.0,0.0,640.0,14300.0,0.0,0.0,333.0,5097.0,1140.0,1128,0.0,0.0,0.0,0.0,675.0,0.0,2094.0,0.0,2270,0.0,615.0,0.0,4400,0.0,0.0,0.0,1170.0,15540,7280,570.0,0.0,12300.0,3970,0.0,0.0,2810.0,0.0
540,0.0,2525,425,0.0,0.0,700.0,14500.0,0.0,0.0,328.0,5796.0,1055.0,1277,0.0,0.0,0.0,0.0,700.0,0.0,1998.0,0.0,2155,0.0,645.0,0.0,4000,0.0,0.0,0.0,1170.0,15800,6648,599.0,0.0,11860.0,3550,0.0,0.0,2495.0,0.0
540,0.0,2515,425,0.0,0.0,695.0,14700.0,0.0,0.0,340.0,6396.0,1000.0,1277,0.0,0.0,0.0,0.0,775.0,0.0,1923.0,0.0,2350,0.0,660.0,0.0,4260,0.0,0.0,0.0,1175.0,15420,6896,614.0,0.0,11500.0,3920,0.0,0.0,3100.0,0.0
605,0.0,2463,425,0.0,0.0,650.0,14400.0,0.0,0.0,316.0,6246.0,1000.0,1333,0.0,0.0,0.0,0.0,800.0,0.0,1866.0,0.0,2370,0.0,660.0,0.0,4620,0.0,0.0,0.0,1170.0,15740,6896,642.0,0.0,10640.0,3805,0.0,0.0,3130.0,0.0
603,0.0,2500,425,0.0,0.0,585.0,13570.0,0.0,0.0,320.0,6246.0,980.0,1333,0.0,0.0,0.0,0.0,800.0,0.0,1866.0,0.0,2400,0.0,660.0,0.0,4800,0.0,0.0,0.0,1155.0,15740,7225,642.0,0.0,11780.0,3840,0.0,0.0,3140.0,0.0
602,0.0,2500,425,0.0,0.0,575.0,13500.0,0.0,0.0,320.0,6246.0,1030.0,1333,0.0,0.0,0.0,0.0,800.0,0.0,1866.0,0.0,2400,0.0,660.0,0.0,4800,0.0,0.0,0.0,1020.0,15740,7225,642.0,0.0,12580.0,3840,0.0,0.0,3140.0,0.0
602,0.0,2500,425,0.0,0.0,545.0,13650.0,0.0,0.0,320.0,6096.0,1050.0,1420,0.0,0.0,0.0,0.0,820.0,0.0,1901.0,0.0,2400,0.0,660.0,0.0,4800,0.0,0.0,0.0,1150.0,15800,7225,666.0,0.0,12580.0,3840,0.0,0.0,3140.0,0.0
602,0.0,2600,425,0.0,0.0,520.0,13650.0,0.0,0.0,327.0,6406.0,1060.0,1448,0.0,0.0,0.0,0.0,825.0,0.0,1883.0,0.0,2470,0.0,705.0,0.0,5000,0.0,0.0,0.0,1195.0,16100,7385,677.0,0.0,12580.0,3970,0.0,0.0,3365.0,0.0
645,0.0,2603,450,0.0,0.0,520.0,13650.0,0.0,0.0,320.0,6406.0,1060.0,1448,0.0,0.0,0.0,0.0,825.0,0.0,1883.0,0.0,2500,0.0,705.0,0.0,5044,0.0,0.0,0.0,1175.0,16100,7555,677.0,0.0,12580.0,4015,0.0,0.0,3540.0,0.0
645,0.0,2603,450,0.0,0.0,520.0,13750.0,0.0,0.0,320.0,6995.0,1060.0,1403,0.0,0.0,0.0,0.0,805.0,0.0,1936.0,0.0,2500,0.0,700.0,0.0,5044,0.0,0.0,0.0,1175.0,16400,7555,680.0,0.0,13200.0,4015,0.0,0.0,3540.0,0.0
645,0.0,2688,450,0.0,0.0,520.0,13250.0,0.0,0.0,322.0,6995.0,1075.0,1403,0.0,0.0,0.0,0.0,805.0,0.0,1936.0,0.0,2500,0.0,700.0,0.0,5016,0.0,0.0,0.0,1175.0,16400,7896,680.0,0.0,13300.0,3980,0.0,0.0,3630.0,0.0
645,0.0,2688,450,0.0,0.0,510.0,13250.0,0.0,0.0,322.0,6596.0,1020.0,1361,0.0,0.0,0.0,0.0,815.0,0.0,2068.0,0.0,2500,0.0,705.0,0.0,5016,0.0,0.0,0.0,1195.0,16900,7896,668.0,0.0,13300.0,3980,0.0,0.0,3630.0,0.0
645,0.0,2825,450,0.0,0.0,510.0,12900.0,0.0,0.0,330.0,6356.0,1020.0,1347,0.0,0.0,0.0,0.0,820.0,0.0,2169.0,0.0,2430,0.0,720.0,0.0,4848,0.0,0.0,0.0,1190.0,17080,8110,650.0,0.0,12860.0,3700,0.0,0.0,3750.0,0.0
665,0.0,2913,475,0.0,0.0,570.0,12900.0,0.0,0.0,330.0,6336.0,1005.0,1338,0.0,0.0,0.0,0.0,807.0,0.0,2244.0,0.0,2365,0.0,710.0,0.0,4820,0.0,0.0,0.0,1190.0,16900,8571,638.0,0.0,12860.0,3940,0.0,0.0,3670.0,0.0
655,0.0,2928,475,0.0,0.0,570.0,13150.0,0.0,0.0,327.0,6296.0,1005.0,1279,0.0,0.0,0.0,0.0,789.0,0.0,2178.0,0.0,2340,0.0,710.0,0.0,4764,0.0,0.0,0.0,1190.0,17300,8599,616.0,0.0,12500.0,4000,0.0,0.0,3600.0,0.0
625,0.0,3088,465,0.0,0.0,600.0,13650.0,0.0,0.0,322.0,6296.0,1005.0,1275,0.0,0.0,0.0,0.0,800.0,0.0,2156.0,0.0,2250,0.0,715.0,0.0,4740,0.0,0.0,0.0,1190.0,17500,8698,604.0,0.0,12400.0,4110,0.0,0.0,3400.0,0.0
625,0.0,3188,475,0.0,0.0,620.0,13950.0,0.0,0.0,316.0,6246.0,1005.0,1288,0.0,0.0,0.0,0.0,799.0,0.0,2147.0,0.0,2240,0.0,715.0,0.0,4680,0.0,0.0,0.0,1140.0,18600,8764,593.0,0.0,12220.0,4280,0.0,0.0,3320.0,0.0
650,0.0,3293,460,0.0,0.0,600.0,14000.0,0.0,0.0,317.0,6096.0,990.0,1305,0.0,0.0,0.0,0.0,780.0,0.0,2266.0,0.0,2170,0.0,725.0,0.0,4640,0.0,0.0,0.0,1070.0,18700,9121,591.0,0.0,11620.0,4520,0.0,0.0,3525.0,0.0
655,0.0,3225,460,0.0,0.0,600.0,13750.0,0.0,0.0,316.0,5936.0,1000.0,1319,0.0,0.0,0.0,0.0,765.0,0.0,2182.0,0.0,2130,0.0,720.0,0.0,4704,0.0,0.0,0.0,1100.0,18400,9313,608.0,0.0,11640.0,4565,0.0,0.0,3500.0,0.0
625,0.0,3013,460,0.0,0.0,595.0,13800.0,0.0,0.0,310.0,6016.0,985.0,1288,0.0,0.0,0.0,0.0,740.0,0.0,2024.0,0.0,2190,0.0,725.0,0.0,4732,0.0,0.0,0.0,1100.0,18140,8874,614.0,0.0,11600.0,4525,0.0,0.0,3360.0,0.0
605,0.0,2993,460,0.0,0.0,610.0,14100.0,0.0,0.0,310.0,6066.0,990.0,1268,0.0,0.0,0.0,0.0,740.0,0.0,1936.0,0.0,2205,0.0,710.0,0.0,4768,0.0,0.0,0.0,1055.0,18520,8434,629.0,0.0,11400.0,4500,0.0,0.0,3540.0,0.0
620,0.0,3000,460,0.0,0.0,650.0,14100.0,0.0,0.0,305.0,6066.0,990.0,1264,0.0,0.0,0.0,0.0,747.0,0.0,2024.0,0.0,2185,0.0,710.0,0.0,4792,0.0,0.0,0.0,1050.0,19000,8516,632.0,0.0,11700.0,4640,0.0,0.0,3625.0,0.0
605,0.0,3008,460,0.0,0.0,670.0,14000.0,0.0,0.0,301.0,5906.0,1000.0,1263,0.0,0.0,0.0,0.0,744.0,0.0,2028.0,0.0,2250,0.0,720.0,0.0,4860,0.0,0.0,0.0,1040.0,18980,8544,616.0,0.0,11700.0,4630,0.0,0.0,3795.0,0.0
615,0.0,2998,460,0.0,0.0,641.0,13800.0,0.0,0.0,300.0,6106.0,1000.0,1254,0.0,0.0,0.0,0.0,738.0,0.0,2046.0,0.0,2300,0.0,710.0,0.0,4828,0.0,0.0,0.0,1060.0,19200,8324,597.0,0.0,11900.0,4515,0.0,0.0,3710.0,0.0
610,0.0,3000,460,0.0,0.0,645.0,13800.0,0.0,0.0,290.0,5796.0,1015.0,1218,0.0,0.0,0.0,0.0,717.0,0.0,2130.0,0.0,2340,0.0,685.0,0.0,4800,0.0,0.0,0.0,1095.0,19300,8352,565.0,0.0,12160.0,4400,0.0,0.0,3710.0,0.0
615,0.0,2975,460,0.0,0.0,645.0,13300.0,0.0,0.0,278.0,5356.0,1040.0,1178,0.0,0.0,0.0,0.0,693.0,0.0,2068.0,0.0,2200,0.0,685.0,0.0,4580,0.0,0.0,0.0,1130.0,19500,8379,567.0,0.0,12400.0,4595,0.0,0.0,3500.0,0.0
605,0.0,2950,460,0.0,0.0,620.0,13000.0,0.0,0.0,265.0,5237.0,1010.0,1188,0.0,0.0,0.0,0.0,704.0,0.0,2042.0,0.0,2170,0.0,700.0,0.0,4568,0.0,0.0,0.0,1180.0,18900,8462,561.0,0.0,12500.0,4630,0.0,0.0,3265.0,0.0
600,0.0,2888,460,0.0,0.0,625.0,13020.0,0.0,0.0,265.0,4937.0,995.0,1195,0.0,0.0,0.0,0.0,675.0,0.0,2068.0,0.0,2235,0.0,695.0,0.0,4568,0.0,0.0,0.0,1150.0,19500,8703,551.0,0.0,12100.0,4630,0.0,0.0,3150.0,0.0
605,0.0,2913,460,0.0,0.0,632.0,12950.0,0.0,0.0,271.0,5396.0,990.0,1234,0.0,0.0,0.0,0.0,719.0,0.0,2156.0,0.0,2230,0.0,700.0,0.0,4460,0.0,0.0,0.0,1150.0,19400,8489,591.0,0.0,11760.0,4605,0.0,0.0,3060.0,0.0
605,0.0,2988,460,0.0,0.0,670.0,13200.0,0.0,0.0,289.0,5346.0,985.0,1230,0.0,0.0,0.0,0.0,730.0,0.0,2200.0,0.0,2370,0.0,700.0,0.0,4480,0.0,0.0,0.0,1125.0,19500,8379,595.0,0.0,11800.0,4700,0.0,0.0,3260.0,0.0
595,0.0,2938,460,0.0,0.0,640.0,12900.0,0.0,0.0,289.0,5676.0,1000.0,1257,0.0,0.0,0.0,0.0,750.0,0.0,2266.0,0.0,2420,0.0,695.0,0.0,4372,0.0,0.0,0.0,1125.0,19500,8407,608.0,0.0,11800.0,4650,0.0,0.0,3175.0,0.0
605,0.0,2940,460,0.0,0.0,630.0,13350.0,0.0,0.0,295.0,5786.0,1020.0,1255,0.0,0.0,0.0,0.0,741.0,0.0,2262.0,0.0,2465,0.0,690.0,0.0,4500,0.0,0.0,0.0,1120.0,19400,8379,625.0,0.0,12220.0,4630,0.0,0.0,3250.0,0.0
606,0.0,2925,460,0.0,0.0,617.0,13400.0,0.0,0.0,295.0,6066.0,1020.0,1263,0.0,0.0,0.0,0.0,753.0,0.0,2218.0,0.0,2610,0.0,690.0,0.0,4540,0.0,0.0,0.0,1100.0,19300,8407,622.0,0.0,12500.0,4675,0.0,0.0,3405.0,0.0
609,0.0,2908,460,0.0,0.0,600.0,13550.0,0.0,0.0,303.0,6026.0,1025.0,1270,0.0,0.0,0.0,0.0,742.0,0.0,2253.0,0.0,2550,0.0,680.0,0.0,4596,0.0,0.0,0.0,1120.0,19240,8313,629.0,0.0,12700.0,4575,0.0,0.0,3540.0,0.0
620,0.0,2895,460,0.0,0.0,638.0,13970.0,0.0,0.0,310.0,6496.0,1010.0,1234,0.0,0.0,0.0,0.0,795.0,0.0,2332.0,0.0,2490,0.0,700.0,0.0,4596,0.0,0.0,0.0,1095.0,19600,8516,638.0,0.0,13480.0,4430,0.0,0.0,3600.0,0.0
617,0.0,2933,460,0.0,0.0,648.0,13890.0,0.0,0.0,310.0,6386.0,1020.0,1206,0.0,0.0,0.0,0.0,800.0,0.0,2306.0,0.0,2500,0.0,700.0,0.0,4616,0.0,0.0,0.0,1065.0,19600,8560,621.0,0.0,13300.0,4430,0.0,0.0,3690.0,0.0
605,0.0,2938,460,0.0,0.0,624.0,13900.0,0.0,0.0,307.0,6516.0,1020.0,1212,0.0,0.0,0.0,0.0,803.0,0.0,2350.0,0.0,2550,0.0,704.0,0.0,4640,0.0,0.0,0.0,1080.0,19700,8571,626.0,0.0,13080.0,4520,0.0,0.0,3695.0,0.0
615,0.0,3038,460,0.0,0.0,636.0,14500.0,0.0,0.0,307.0,6546.0,1015.0,1291,0.0,0.0,0.0,0.0,812.0,0.0,2323.0,0.0,2620,0.0,690.0,0.0,4776,0.0,0.0,0.0,1085.0,19300,8709,632.0,0.0,13300.0,4525,0.0,0.0,3650.0,0.0
615,0.0,3200,450,0.0,0.0,640.0,14940.0,0.0,0.0,300.0,6516.0,1040.0,1319,0.0,0.0,0.0,0.0,800.0,0.0,2244.0,0.0,2640,0.0,660.0,0.0,4920,0.0,0.0,0.0,1105.0,19500,8709,629.0,0.0,13340.0,4680,0.0,0.0,3610.0,0.0
595,0.0,3190,450,0.0,0.0,620.0,15150.0,0.0,0.0,300.0,6536.0,1040.0,1307,0.0,0.0,0.0,0.0,819.0,0.0,2262.0,0.0,2615,0.0,670.0,0.0,4992,0.0,0.0,0.0,1105.0,19200,8791,629.0,0.0,13660.0,4800,0.0,0.0,3670.0,0.0
586,0.0,3180,450,0.0,0.0,645.0,14920.0,0.0,0.0,301.0,6596.0,1060.0,1319,0.0,0.0,0.0,0.0,830.0,0.0,2376.0,0.0,2570,0.0,670.0,0.0,4988,0.0,0.0,0.0,1105.0,19320,9093,643.0,0.0,13960.0,4855,0.0,0.0,3605.0,0.0
600,0.0,3235,450,0.0,0.0,690.0,14650.0,0.0,0.0,306.0,6496.0,1040.0,1296,0.0,0.0,0.0,0.0,846.0,0.0,2367.0,0.0,2570,0.0,650.0,0.0,4976,0.0,0.0,0.0,1150.0,19340,9203,626.0,0.0,13920.0,4920,0.0,0.0,3550.0,0.0
600,0.0,3325,450,0.0,0.0,720.0,14400.0,0.0,0.0,298.0,6296.0,1040.0,1320,0.0,0.0,0.0,0.0,844.0,0.0,2354.0,0.0,2650,0.0,650.0,0.0,4840,0.0,0.0,0.0,1175.0,19100,9038,612.0,0.0,13880.0,4930,0.0,0.0,3480.0,0.0
575,0.0,3298,450,0.0,0.0,720.0,14500.0,0.0,0.0,300.0,5986.0,1035.0,1320,0.0,0.0,0.0,0.0,824.0,0.0,2367.0,0.0,2585,0.0,640.0,0.0,4740,0.0,0.0,0.0,1190.0,17800,8901,633.0,0.0,14040.0,4860,0.0,0.0,3500.0,0.0
570,0.0,3188,425,0.0,0.0,725.0,14900.0,0.0,0.0,290.0,5986.0,1040.0,1320,0.0,0.0,0.0,0.0,824.0,0.0,2367.0,0.0,2590,0.0,640.0,0.0,4700,0.0,0.0,0.0,1250.0,17800,8764,633.0,0.0,14000.0,4900,0.0,0.0,3360.0,0.0
570,0.0,3188,425,0.0,0.0,720.0,14930.0,0.0,0.0,290.0,6046.0,1040.0,1347,0.0,0.0,0.0,0.0,786.0,0.0,2411.0,0.0,2590,0.0,640.0,0.0,4700,0.0,0.0,0.0,1255.0,18840,8764,616.0,0.0,14000.0,4900,0.0,0.0,3360.0,0.0
570,0.0,3188,425,0.0,0.0,675.0,14700.0,0.0,0.0,295.0,6286.0,1040.0,1361,0.0,0.0,0.0,0.0,824.0,0.0,2438.0,0.0,2550,0.0,670.0,0.0,4600,0.0,0.0,0.0,1235.0,19300,8731,621.0,0.0,14100.0,4800,0.0,0.0,3430.0,0.0
580,0.0,3265,450,0.0,0.0,675.0,14700.0,0.0,0.0,290.0,6266.0,1045.0,1337,0.0,0.0,0.0,0.0,805.0,0.0,2420.0,0.0,2565,0.0,680.0,0.0,4636,0.0,0.0,0.0,1260.0,19540,8731,599.0,0.0,14100.0,4710,0.0,0.0,3490.0,0.0
594,0.0,3333,450,0.0,0.0,675.0,14550.0,0.0,0.0,285.0,6196.0,1045.0,1361,0.0,0.0,0.0,0.0,787.0,0.0,2402.0,0.0,2465,0.0,675.0,0.0,4580,0.0,0.0,0.0,1250.0,19360,8654,587.0,0.0,13880.0,4675,0.0,0.0,3430.0,0.0
590,0.0,3355,450,0.0,0.0,672.0,14300.0,0.0,0.0,291.0,6136.0,1070.0,1375,0.0,0.0,0.0,0.0,785.0,0.0,2341.0,0.0,2450,0.0,660.0,0.0,4504,0.0,0.0,0.0,1250.0,19580,8659,578.0,0.0,13800.0,4725,0.0,0.0,3415.0,0.0
580,0.0,3338,450,0.0,0.0,683.0,14200.0,0.0,0.0,290.0,5966.0,1060.0,1383,0.0,0.0,0.0,0.0,800.0,0.0,2288.0,0.0,2370,0.0,664.0,0.0,4460,0.0,0.0,0.0,1250.0,19580,8632,587.0,0.0,13500.0,4665,0.0,0.0,3420.0,0.0
580,0.0,3275,425,0.0,0.0,695.0,14100.0,0.0,0.0,290.0,5996.0,1065.0,1373,0.0,0.0,0.0,0.0,813.0,0.0,2253.0,0.0,2440,0.0,680.0,0.0,4484,0.0,0.0,0.0,1260.0,19420,8736,595.0,0.0,13300.0,4650,0.0,0.0,3430.0,0.0
580,0.0,3278,425,0.0,0.0,720.0,14000.0,0.0,0.0,298.0,5776.0,1085.0,1362,0.0,0.0,0.0,0.0,802.0,0.0,2253.0,0.0,2495,0.0,680.0,0.0,4460,0.0,0.0,0.0,1250.0,19460,8648,598.0,0.0,13100.0,4640,0.0,0.0,3360.0,0.0
575,0.0,3278,425,0.0,0.0,720.0,13850.0,0.0,0.0,303.0,5546.0,1110.0,1316,0.0,0.0,0.0,0.0,789.0,0.0,2336.0,0.0,2600,0.0,680.0,0.0,4500,0.0,0.0,0.0,1245.0,19500,8775,592.0,0.0,13300.0,4610,0.0,0.0,3275.0,0.0
590,0.0,3213,425,0.0,0.0,717.0,13650.0,0.0,0.0,316.0,5646.0,1100.0,1313,0.0,0.0,0.0,0.0,801.0,0.0,2341.0,0.0,2670,0.0,680.0,0.0,4520,0.0,0.0,0.0,1220.0,19540,8769,595.0,0.0,13420.0,4560,0.0,0.0,3320.0,0.0
570,0.0,3153,425,0.0,0.0,725.0,13860.0,0.0,0.0,345.0,5676.0,1100.0,1331,0.0,0.0,0.0,0.0,807.0,0.0,2314.0,0.0,2650,0.0,690.0,0.0,4568,0.0,0.0,0.0,1200.0,19600,8852,589.0,0.0,13880.0,4550,0.0,0.0,3285.0,0.0
575,0.0,3125,425,0.0,0.0,730.0,13980.0,0.0,0.0,329.0,5966.0,1100.0,1335,0.0,0.0,0.0,0.0,811.0,0.0,2314.0,0.0,2630,0.0,698.0,0.0,4632,0.0,0.0,0.0,1185.0,19600,9099,589.0,0.0,14200.0,4455,0.0,0.0,3220.0,0.0
575,0.0,3075,400,0.0,0.0,743.0,13850.0,0.0,0.0,312.0,6016.0,1130.0,1375,0.0,0.0,0.0,0.0,852.0,0.0,2310.0,0.0,2590,0.0,700.0,0.0,4620,0.0,0.0,0.0,1185.0,19000,9203,589.0,0.0,14240.0,4460,0.0,0.0,3240.0,0.0
580,0.0,2988,400,0.0,0.0,780.0,13680.0,0.0,0.0,330.0,5746.0,1150.0,1378,0.0,0.0,0.0,0.0,840.0,0.0,2306.0,0.0,2675,0.0,700.0,0.0,4760,0.0,0.0,0.0,1150.0,19220,9198,582.0,0.0,14200.0,4355,0.0,0.0,3310.0,0.0
580,0.0,3138,400,0.0,0.0,817.0,13650.0,0.0,0.0,324.0,5596.0,1120.0,1375,0.0,0.0,0.0,0.0,820.0,0.0,2275.0,0.0,2745,0.0,700.0,0.0,4860,0.0,0.0,0.0,1125.0,19000,9093,575.0,0.0,14300.0,4410,0.0,0.0,3275.0,0.0
574,0.0,3050,400,0.0,0.0,770.0,13400.0,0.0,0.0,319.0,5746.0,1105.0,1375,0.0,0.0,0.0,0.0,805.0,0.0,2244.0,0.0,2680,0.0,690.0,0.0,4780,0.0,0.0,0.0,1090.0,19700,9082,570.0,0.0,14800.0,4500,0.0,0.0,3260.0,0.0
560,0.0,3113,400,0.0,0.0,770.0,13300.0,0.0,0.0,315.0,5596.0,1150.0,1349,0.0,0.0,0.0,0.0,800.0,0.0,2226.0,0.0,2640,0.0,680.0,0.0,4740,0.0,0.0,0.0,1100.0,19600,9341,558.0,0.0,14700.0,4640,0.0,0.0,3305.0,0.0
560,0.0,3113,400,0.0,0.0,771.0,13250.0,0.0,0.0,311.0,5676.0,1145.0,1378,0.0,0.0,0.0,0.0,803.0,0.0,2200.0,0.0,2640,0.0,680.0,0.0,4740,0.0,0.0,0.0,1090.0,20200,9484,573.0,0.0,14700.0,4600,0.0,0.0,3315.0,0.0
555,0.0,3263,425,0.0,0.0,780.0,13270.0,0.0,0.0,320.0,5696.0,1140.0,1372,0.0,0.0,0.0,0.0,822.0,0.0,2253.0,0.0,2650,0.0,681.0,0.0,4868,0.0,0.0,0.0,1100.0,20640,9753,578.0,0.0,14660.0,4470,0.0,0.0,3320.0,0.0
580,0.0,3325,425,0.0,0.0,805.0,13300.0,0.0,0.0,321.0,5796.0,1140.0,1364,0.0,0.0,0.0,0.0,840.0,0.0,2226.0,0.0,2685,0.0,681.0,0.0,4920,0.0,0.0,0.0,1090.0,21500,9604,589.0,0.0,14700.0,4450,0.0,0.0,3370.0,0.0
600,0.0,3473,425,0.0,0.0,805.0,13650.0,0.0,0.0,320.0,5856.0,1110.0,1361,0.0,0.0,0.0,0.0,838.0,0.0,2235.0,0.0,2740,0.0,680.0,0.0,4980,0.0,0.0,0.0,1090.0,21600,9835,592.0,0.0,14900.0,4500,0.0,0.0,3380.0,0.0
600,0.0,3488,425,0.0,0.0,850.0,13700.0,0.0,0.0,330.0,5916.0,1145.0,1347,0.0,0.0,0.0,0.0,839.0,0.0,2288.0,0.0,2725,0.0,685.0,0.0,4932,0.0,0.0,0.0,1090.0,21300,9907,585.0,0.0,14860.0,4625,0.0,0.0,3365.0,0.0
590,0.0,3413,425,0.0,0.0,870.0,13700.0,0.0,0.0,331.0,6006.0,1170.0,1378,0.0,0.0,0.0,0.0,840.0,0.0,2306.0,0.0,2700,0.0,710.0,0.0,4840,0.0,0.0,0.0,1080.0,21700,9984,595.0,0.0,14800.0,4625,0.0,0.0,3365.0,0.0
575,0.0,3445,425,0.0,0.0,910.0,13600.0,0.0,0.0,332.0,6046.0,1195.0,1347,0.0,0.0,0.0,0.0,836.0,0.0,2288.0,0.0,2740,0.0,710.0,0.0,4788,0.0,0.0,0.0,1070.0,21320,9995,594.0,0.0,14840.0,4650,0.0,0.0,3360.0,0.0
620,0.0,3450,425,0.0,0.0,915.0,13710.0,0.0,0.0,331.0,6156.0,1180.0,1359,0.0,0.0,0.0,0.0,846.0,0.0,2235.0,0.0,2745,0.0,700.0,0.0,4740,0.0,0.0,0.0,1070.0,22300,9692,598.0,0.0,14860.0,4640,0.0,0.0,3400.0,0.0
630,0.0,3563,425,0.0,0.0,905.0,13500.0,0.0,0.0,332.0,6196.0,1180.0,1361,0.0,0.0,0.0,0.0,842.0,0.0,2270.0,0.0,2730,0.0,700.0,0.0,4740,0.0,0.0,0.0,1075.0,21800,9368,597.0,0.0,15140.0,4660,0.0,0.0,3385.0,0.0
650,0.0,3510,470,0.0,0.0,910.0,13350.0,0.0,0.0,330.0,6366.0,1200.0,1364,0.0,0.0,0.0,0.0,835.0,0.0,2244.0,0.0,2730,0.0,700.0,0.0,4724,0.0,0.0,0.0,1070.0,21300,9451,592.0,0.0,14980.0,4625,0.0,0.0,3395.0,0.0
675,0.0,3463,470,0.0,0.0,895.0,13200.0,0.0,0.0,332.0,6396.0,1195.0,1372,0.0,0.0,0.0,0.0,840.0,0.0,2200.0,0.0,2710,0.0,700.0,0.0,4680,0.0,0.0,0.0,1070.0,21100,9396,593.0,0.0,14960.0,4650,0.0,0.0,3220.0,0.0
660,0.0,3345,470,0.0,0.0,935.0,13000.0,0.0,0.0,332.0,6396.0,1175.0,1389,0.0,0.0,0.0,0.0,842.0,0.0,2226.0,0.0,2695,0.0,680.0,0.0,4660,0.0,0.0,0.0,1070.0,20780,9302,595.0,0.0,14920.0,4600,0.0,0.0,3190.0,0.0
635,0.0,3315,470,0.0,0.0,920.0,13350.0,0.0,0.0,331.0,6206.0,1130.0,1375,0.0,0.0,0.0,0.0,835.0,0.0,2182.0,0.0,2695,0.0,650.0,0.0,4644,0.0,0.0,0.0,1080.0,20800,9187,595.0,0.0,14820.0,4600,0.0,0.0,3185.0,0.0
635,0.0,3400,470,0.0,0.0,915.0,13450.0,0.0,0.0,316.0,6056.0,1130.0,1396,0.0,0.0,0.0,0.0,835.0,0.0,2138.0,0.0,2630,0.0,665.0,0.0,4660,0.0,0.0,0.0,1090.0,20600,9159,597.0,0.0,14800.0,4500,0.0,0.0,3190.0,0.0
581,0.0,3318,470,0.0,0.0,915.0,13650.0,0.0,0.0,315.0,6036.0,1145.0,1408,0.0,0.0,0.0,0.0,840.0,0.0,2138.0,0.0,2695,0.0,665.0,0.0,4640,0.0,0.0,0.0,1090.0,21300,9027,597.0,0.0,14720.0,4410,0.0,0.0,3130.0,0.0
615,0.0,3413,470,0.0,0.0,910.0,13750.0,0.0,0.0,315.0,6046.0,1130.0,1445,0.0,0.0,0.0,0.0,842.0,0.0,2191.0,0.0,2720,0.0,665.0,0.0,4612,0.0,0.0,0.0,1070.0,22680,8984,600.0,0.0,14700.0,4320,0.0,0.0,3130.0,0.0
635,0.0,3575,470,0.0,0.0,900.0,13780.0,0.0,0.0,317.0,5926.0,1100.0,1397,0.0,0.0,0.0,0.0,834.0,0.0,2191.0,0.0,2770,0.0,650.0,0.0,4708,0.0,0.0,0.0,1090.0,22480,9088,598.0,0.0,14860.0,4400,0.0,0.0,3110.0,0.0
621,0.0,3498,470,0.0,0.0,910.0,13830.0,0.0,0.0,317.0,6036.0,1100.0,1403,0.0,0.0,0.0,0.0,833.0,0.0,2121.0,0.0,2750,0.0,630.0,0.0,4800,0.0,0.0,0.0,1075.0,22300,9071,597.0,0.0,14800.0,4410,0.0,0.0,3090.0,0.0
615,0.0,3438,470,0.0,0.0,915.0,14000.0,0.0,0.0,317.0,6086.0,1110.0,1411,0.0,0.0,0.0,0.0,806.0,0.0,2130.0,0.0,2800,0.0,660.0,0.0,4788,0.0,0.0,0.0,1075.0,21960,9346,600.0,0.0,14700.0,4540,0.0,0.0,3165.0,0.0
615,0.0,3463,470,0.0,0.0,930.0,13850.0,0.0,0.0,318.0,6096.0,1105.0,1396,0.0,0.0,0.0,0.0,810.0,0.0,2121.0,0.0,2780,0.0,640.0,0.0,4820,0.0,0.0,0.0,1075.0,22400,9231,600.0,0.0,14700.0,4690,0.0,0.0,3185.0,0.0
607,0.0,3500,470,0.0,0.0,952.0,13500.0,0.0,0.0,322.0,6096.0,1100.0,1396,0.0,0.0,0.0,0.0,810.0,0.0,2121.0,0.0,2750,0.0,640.0,0.0,4820,0.0,0.0,0.0,1075.0,22400,9423,600.0,0.0,14800.0,4695,0.0,0.0,3215.0,0.0
610,0.0,3500,475,0.0,0.0,1005.0,13450.0,0.0,0.0,322.0,6156.0,1100.0,1417,0.0,0.0,0.0,0.0,820.0,0.0,2086.0,0.0,2750,0.0,635.0,0.0,4820,0.0,0.0,0.0,1070.0,23500,9423,613.0,0.0,14900.0,4695,0.0,0.0,3215.0,0.0
610,0.0,3663,475,0.0,0.0,990.0,13550.0,0.0,0.0,320.0,6096.0,1135.0,1417,0.0,0.0,0.0,0.0,815.0,0.0,2178.0,0.0,2780,0.0,650.0,0.0,4900,0.0,0.0,0.0,1060.0,23700,9775,612.0,0.0,15000.0,4920,0.0,0.0,3355.0,0.0
620,0.0,3643,475,0.0,0.0,995.0,13550.0,0.0,0.0,326.0,6176.0,1110.0,1417,0.0,0.0,0.0,0.0,820.0,0.0,2209.0,0.0,2770,0.0,662.0,0.0,4940,0.0,0.0,0.0,1060.0,24000,10000,619.0,0.0,15000.0,4975,0.0,0.0,3375.0,0.0
606,0.0,3675,475,0.0,0.0,995.0,13850.0,0.0,0.0,338.0,6116.0,1110.0,1397,0.0,0.0,0.0,0.0,812.0,0.0,2191.0,0.0,2870,0.0,655.0,0.0,4988,0.0,0.0,0.0,1070.0,23600,10181,629.0,0.0,15100.0,4965,0.0,0.0,3390.0,0.0
606,0.0,3675,475,0.0,0.0,1000.0,13990.0,0.0,0.0,334.0,6146.0,1105.0,1400,0.0,0.0,0.0,0.0,821.0,0.0,2244.0,0.0,2815,0.0,650.0,0.0,4936,0.0,0.0,0.0,1070.0,23820,10352,642.0,0.0,15400.0,4940,0.0,0.0,3305.0,0.0
609,0.0,3713,475,0.0,0.0,995.0,13850.0,0.0,0.0,334.0,6026.0,1100.0,1364,0.0,0.0,0.0,0.0,792.0,0.0,2306.0,0.0,2800,0.0,640.0,0.0,4932,0.0,0.0,0.0,1070.0,23700,10280,642.0,0.0,15740.0,4925,0.0,0.0,3295.0,0.0
615,0.0,3718,475,0.0,0.0,1015.0,13850.0,0.0,0.0,345.0,5946.0,1110.0,1364,0.0,0.0,0.0,0.0,788.0,0.0,2279.0,0.0,2835,0.0,640.0,0.0,4884,0.0,0.0,0.0,1075.0,23520,10462,638.0,0.0,15200.0,4920,0.0,0.0,3245.0,0.0
615,0.0,3738,475,0.0,0.0,1055.0,14350.0,0.0,0.0,360.0,6096.0,1110.0,1396,0.0,0.0,0.0,0.0,794.0,0.0,2288.0,0.0,2815,0.0,650.0,0.0,4788,0.0,0.0,0.0,1080.0,24080,10714,643.0,0.0,15140.0,4940,0.0,0.0,3230.0,0.0
600,0.0,3735,475,0.0,0.0,1070.0,14400.0,0.0,0.0,375.0,6136.0,1110.0,1408,0.0,0.0,0.0,0.0,795.0,0.0,2270.0,0.0,2795,0.0,650.0,0.0,4812,0.0,0.0,0.0,1085.0,24940,10588,649.0,0.0,15140.0,5250,0.0,0.0,3230.0,0.0
600,0.0,3775,475,0.0,0.0,1120.0,13750.0,0.0,0.0,397.0,5996.0,1120.0,1357,0.0,0.0,0.0,0.0,790.0,0.0,2240.0,0.0,2850,0.0,650.0,0.0,4836,0.0,0.0,0.0,1085.0,25640,10962,644.0,0.0,15200.0,5220,0.0,0.0,3210.0,0.0
595,0.0,3725,475,0.0,0.0,1130.0,13700.0,0.0,0.0,394.0,6016.0,1115.0,1382,0.0,0.0,0.0,0.0,798.0,0.0,2200.0,0.0,2885,0.0,650.0,0.0,4900,0.0,0.0,0.0,1080.0,25400,11044,648.0,0.0,15200.0,5130,0.0,0.0,3110.0,0.0
600,0.0,3750,475,0.0,0.0,1030.0,13610.0,0.0,0.0,395.0,6116.0,1115.0,1420,0.0,0.0,0.0,0.0,798.0,0.0,2191.0,0.0,2910,0.0,660.0,0.0,4996,0.0,0.0,0.0,1080.0,25560,10934,646.0,0.0,15480.0,5320,0.0,0.0,3155.0,0.0
590,0.0,3763,475,0.0,0.0,1060.0,13720.0,0.0,0.0,390.0,6346.0,1150.0,1425,0.0,0.0,0.0,0.0,811.0,0.0,2200.0,0.0,2900,0.0,680.0,0.0,4960,0.0,0.0,0.0,1075.0,26200,10824,647.0,0.0,15720.0,5180,0.0,0.0,3150.0,0.0
575,0.0,3818,475,0.0,0.0,1060.0,13570.0,0.0,0.0,387.0,6396.0,1130.0,1434,0.0,0.0,0.0,0.0,830.0,0.0,2191.0,0.0,2925,0.0,749.0,0.0,4880,0.0,0.0,0.0,1100.0,27200,10632,654.0,0.0,15860.0,5280,0.0,0.0,3155.0,0.0
595,0.0,3950,475,0.0,0.0,1055.0,13530.0,0.0,0.0,394.0,6496.0,1100.0,1428,0.0,0.0,0.0,0.0,837.0,0.0,2200.0,0.0,2925,0.0,735.0,0.0,4920,0.0,0.0,0.0,1100.0,27700,10775,646.0,0.0,15900.0,5400,0.0,0.0,3095.0,0.0
620,0.0,4050,475,0.0,0.0,1015.0,13300.0,0.0,0.0,390.0,6386.0,1125.0,1417,0.0,0.0,0.0,0.0,840.0,0.0,2262.0,0.0,2920,0.0,735.0,0.0,4940,0.0,0.0,0.0,1100.0,27260,10714,650.0,0.0,16160.0,5510,0.0,0.0,2980.0,0.0
620,0.0,4125,470,0.0,0.0,1020.0,13350.0,0.0,0.0,410.0,6546.0,1140.0,1403,0.0,0.0,0.0,0.0,845.0,0.0,2244.0,0.0,2950,0.0,735.0,0.0,5000,0.0,0.0,0.0,1105.0,26980,10714,655.0,0.0,16080.0,5700,0.0,0.0,3000.0,0.0
630,0.0,4163,475,0.0,0.0,1035.0,13250.0,0.0,0.0,386.0,6646.0,1170.0,1389,0.0,0.0,0.0,0.0,845.0,0.0,2200.0,0.0,2950,0.0,750.0,0.0,4980,0.0,0.0,0.0,1160.0,26920,10962,652.0,0.0,15660.0,5800,0.0,0.0,3150.0,0.0
630,0.0,4175,475,0.0,0.0,1060.0,13600.0,0.0,0.0,392.0,6566.0,1210.0,1386,0.0,0.0,0.0,0.0,837.0,0.0,2196.0,0.0,3000,0.0,775.0,0.0,4960,0.0,0.0,0.0,1190.0,26500,11346,646.0,0.0,15800.0,5970,0.0,0.0,3250.0,0.0
630,0.0,4110,475,0.0,0.0,1055.0,13760.0,0.0,0.0,382.0,6496.0,1200.0,1386,0.0,0.0,0.0,0.0,824.0,0.0,2182.0,0.0,3015,0.0,780.0,0.0,4920,0.0,0.0,0.0,1180.0,26400,11099,637.0,0.0,16340.0,5760,0.0,0.0,3225.0,0.0
605,0.0,4118,475,0.0,0.0,1025.0,14100.0,0.0,0.0,390.0,6436.0,1160.0,1400,0.0,0.0,0.0,0.0,814.0,0.0,2209.0,0.0,2995,0.0,771.0,0.0,4880,0.0,0.0,0.0,1220.0,26880,11132,626.0,0.0,16720.0,5660,0.0,0.0,3205.0,0.0
615,0.0,4190,475,0.0,0.0,1045.0,13880.0,0.0,0.0,380.0,6416.0,1140.0,1383,0.0,0.0,0.0,0.0,822.0,0.0,2218.0,0.0,3015,0.0,780.0,0.0,4872,0.0,0.0,0.0,1220.0,27400,10989,618.0,0.0,16640.0,5740,0.0,0.0,3180.0,0.0
615,0.0,4225,450,0.0,0.0,1060.0,13950.0,0.0,0.0,380.0,6346.0,1150.0,1380,0.0,0.0,0.0,0.0,825.0,0.0,2235.0,0.0,3010,0.0,791.0,0.0,4860,0.0,0.0,0.0,1240.0,28200,11264,618.0,0.0,16680.0,5650,0.0,0.0,3125.0,0.0
615,0.0,4048,450,0.0,0.0,1070.0,14180.0,0.0,0.0,379.0,6286.0,1160.0,1375,0.0,0.0,0.0,0.0,803.0,0.0,2288.0,0.0,2990,0.0,805.0,0.0,4812,0.0,0.0,0.0,1240.0,27620,11220,616.0,0.0,16660.0,5510,0.0,0.0,3170.0,0.0
605,0.0,3875,450,0.0,0.0,1125.0,14190.0,0.0,0.0,361.0,6026.0,1210.0,1380,0.0,0.0,0.0,0.0,820.0,0.0,2288.0,0.0,2925,0.0,815.0,0.0,4700,0.0,0.0,0.0,1240.0,28300,10934,623.0,0.0,16660.0,5500,0.0,0.0,3200.0,0.0
585,0.0,3900,450,0.0,0.0,1160.0,13940.0,0.0,0.0,363.0,5996.0,1200.0,1382,0.0,0.0,0.0,0.0,844.0,0.0,2297.0,0.0,2940,0.0,816.0,0.0,4704,0.0,0.0,0.0,1250.0,28700,11082,618.0,0.0,16020.0,5540,0.0,0.0,3165.0,0.0
640,0.0,3940,450,0.0,0.0,1220.0,13990.0,0.0,0.0,370.0,5996.0,1205.0,1380,0.0,0.0,0.0,0.0,835.0,0.0,2262.0,0.0,3015,0.0,810.0,0.0,4700,0.0,0.0,0.0,1240.0,28720,11044,609.0,0.0,15500.0,5670,0.0,0.0,3230.0,0.0
615,0.0,3988,450,0.0,0.0,1150.0,14020.0,0.0,0.0,355.0,6006.0,1220.0,1364,0.0,0.0,0.0,0.0,830.0,0.0,2218.0,0.0,3000,0.0,805.0,0.0,4560,0.0,0.0,0.0,1240.0,27200,10846,599.0,0.0,15660.0,5700,0.0,0.0,3180.0,0.0
635,0.0,4075,450,0.0,0.0,1140.0,13900.0,0.0,0.0,350.0,5976.0,1200.0,1366,0.0,0.0,0.0,0.0,839.0,0.0,2147.0,0.0,2990,0.0,790.0,0.0,4560,0.0,0.0,0.0,1225.0,25500,10456,591.0,0.0,15500.0,5700,0.0,0.0,3160.0,0.0
630,0.0,3863,450,0.0,0.0,1200.0,13650.0,0.0,0.0,355.0,6036.0,1200.0,1375,0.0,0.0,0.0,0.0,824.0,0.0,2147.0,0.0,2945,0.0,805.0,0.0,4504,0.0,0.0,0.0,1205.0,25480,10192,610.0,0.0,15460.0,5690,0.0,0.0,3125.0,0.0
635,0.0,3863,450,0.0,0.0,1180.0,13550.0,0.0,0.0,355.0,6006.0,1160.0,1387,0.0,0.0,0.0,0.0,805.0,0.0,1980.0,0.0,2930,0.0,785.0,0.0,4500,0.0,0.0,0.0,1230.0,24740,10077,594.0,0.0,15380.0,5610,0.0,0.0,3135.0,0.0
630,0.0,3780,450,0.0,0.0,1180.0,13350.0,0.0,0.0,343.0,5896.0,1150.0,1380,0.0,0.0,0.0,0.0,800.0,0.0,2011.0,0.0,2870,0.0,790.0,0.0,4476,0.0,0.0,0.0,1225.0,24780,9890,595.0,0.0,15400.0,5540,0.0,0.0,3105.0,0.0
635,0.0,3700,455,0.0,0.0,1160.0,13250.0,0.0,0.0,335.0,5896.0,1155.0,1380,0.0,0.0,0.0,0.0,800.0,0.0,2011.0,0.0,2850,0.0,790.0,0.0,4340,0.0,0.0,0.0,1210.0,24780,9808,595.0,0.0,15860.0,5580,0.0,0.0,3015.0,0.0
615,0.0,3700,455,0.0,0.0,1170.0,13050.0,0.0,0.0,335.0,5946.0,1150.0,1389,0.0,0.0,0.0,0.0,800.0,0.0,2006.0,0.0,2850,0.0,790.0,0.0,4340,0.0,0.0,0.0,1230.0,24900,9808,612.0,0.0,15780.0,5580,0.0,0.0,3015.0,0.0
615,0.0,3660,455,0.0,0.0,1100.0,13200.0,0.0,0.0,335.0,6006.0,1160.0,1401,0.0,0.0,0.0,0.0,804.0,1462.0,1989.0,0.0,2855,0.0,780.0,0.0,4400,0.0,0.0,0.0,1230.0,25800,10082,607.0,0.0,15520.0,5500,0.0,0.0,2995.0,0.0
610,0.0,3750,455,0.0,0.0,1100.0,13200.0,0.0,0.0,335.0,5826.0,1160.0,1425,0.0,0.0,0.0,0.0,825.0,1495.0,1993.0,0.0,2870,0.0,740.0,0.0,4456,0.0,0.0,0.0,1230.0,26800,10170,615.0,0.0,15520.0,5760,0.0,0.0,2990.0,0.0
610,0.0,3900,455,0.0,0.0,1100.0,13400.0,0.0,0.0,335.0,5896.0,1160.0,1389,0.0,0.0,0.0,0.0,830.0,1473.0,2015.0,0.0,2855,0.0,746.0,0.0,4528,0.0,0.0,0.0,1210.0,27820,10549,595.0,0.0,15800.0,5730,0.0,0.0,2975.0,0.0
610,0.0,3903,455,0.0,0.0,1125.0,13600.0,0.0,0.0,335.0,5926.0,1175.0,1358,0.0,0.0,0.0,0.0,825.0,1562.0,2024.0,0.0,2775,0.0,755.0,0.0,4620,0.0,0.0,0.0,1210.0,27400,10495,593.0,0.0,15960.0,5700,0.0,0.0,2900.0,0.0
610,0.0,3900,455,0.0,0.0,1175.0,14000.0,0.0,0.0,335.0,6196.0,1145.0,1375,0.0,0.0,0.0,0.0,832.0,1601.0,1976.0,0.0,2830,0.0,770.0,0.0,4680,0.0,0.0,0.0,1220.0,26580,10659,595.0,0.0,15760.0,5920,0.0,0.0,2800.0,0.0
600,0.0,3830,455,0.0,0.0,1195.0,13400.0,0.0,0.0,330.0,6096.0,1145.0,1359,0.0,0.0,0.0,0.0,833.0,1608.0,1932.0,0.0,2935,0.0,765.0,0.0,4644,0.0,0.0,0.0,1210.0,26480,10654,594.0,0.0,15520.0,5970,0.0,0.0,2910.0,0.0
590,0.0,3815,455,0.0,0.0,1270.0,13300.0,0.0,0.0,327.0,6056.0,1145.0,1352,0.0,0.0,0.0,0.0,830.0,1597.0,1998.0,0.0,2885,0.0,765.0,0.0,4620,0.0,0.0,0.0,1200.0,27000,10769,588.0,0.0,15700.0,5860,0.0,0.0,2875.0,0.0
585,0.0,3913,455,0.0,0.0,1230.0,13000.0,0.0,0.0,324.0,6076.0,1130.0,1319,0.0,0.0,0.0,0.0,845.0,1612.0,2068.0,0.0,2875,0.0,755.0,0.0,4620,0.0,0.0,0.0,1220.0,26680,10632,585.0,0.0,15840.0,5830,0.0,0.0,2820.0,0.0
580,0.0,3878,455,0.0,0.0,1220.0,12600.0,0.0,0.0,320.0,6006.0,1105.0,1305,0.0,0.0,0.0,0.0,835.0,1597.0,2028.0,0.0,2820,0.0,745.0,0.0,4560,0.0,0.0,0.0,1220.0,26500,10621,595.0,0.0,15600.0,5630,0.0,0.0,2855.0,0.0
600,0.0,3890,455,0.0,0.0,1195.0,12450.0,0.0,0.0,323.0,5896.0,1105.0,1296,0.0,0.0,0.0,0.0,832.0,1593.0,1989.0,0.0,2810,0.0,721.0,0.0,4480,0.0,0.0,0.0,1200.0,26380,10577,584.0,0.0,15520.0,5800,0.0,0.0,2745.0,0.0
600,0.0,3883,460,0.0,0.0,1210.0,12140.0,0.0,0.0,310.0,5546.0,1110.0,1279,0.0,0.0,0.0,0.0,827.0,1564.0,1993.0,0.0,2765,0.0,730.0,0.0,4460,0.0,0.0,0.0,1200.0,25980,10604,573.0,0.0,15300.0,5800,0.0,0.0,2730.0,0.0
595,0.0,3825,460,0.0,0.0,1220.0,12400.0,0.0,0.0,300.0,5396.0,1150.0,1274,0.0,0.0,0.0,0.0,822.0,1546.0,1980.0,0.0,2735,0.0,745.0,0.0,4444,0.0,0.0,0.0,1200.0,25820,10385,577.0,0.0,15200.0,5950,0.0,0.0,2660.0,0.0
580,0.0,3750,460,0.0,0.0,1225.0,12350.0,0.0,0.0,301.0,5197.0,1140.0,1243,0.0,0.0,0.0,0.0,810.0,1506.0,2086.0,0.0,2720,0.0,745.0,0.0,4408,0.0,0.0,0.0,1200.0,25900,10467,587.0,0.0,15200.0,5870,0.0,0.0,2545.0,0.0
570,0.0,3775,460,0.0,0.0,1240.0,12600.0,0.0,0.0,299.0,5446.0,1095.0,1284,0.0,0.0,0.0,0.0,816.0,1520.0,2020.0,0.0,2725,0.0,760.0,0.0,4460,0.0,0.0,0.0,1150.0,26200,10440,591.0,0.0,14700.0,6010,0.0,0.0,2540.0,0.0
560,0.0,3830,460,0.0,0.0,1220.0,12730.0,0.0,0.0,295.0,5296.0,1080.0,1246,0.0,0.0,0.0,0.0,795.0,1557.0,1936.0,0.0,2720,0.0,752.0,0.0,4580,0.0,0.0,0.0,1150.0,27280,10896,574.0,0.0,14360.0,5930,0.0,0.0,2560.0,0.0
570,0.0,3873,460,0.0,0.0,1240.0,13400.0,0.0,0.0,288.0,4797.0,1080.0,1170,0.0,0.0,0.0,0.0,755.0,1535.0,1892.0,0.0,2630,0.0,715.0,0.0,4460,0.0,0.0,0.0,1145.0,27220,11071,527.0,0.0,14320.0,5980,0.0,0.0,2550.0,0.0
560,0.0,3838,460,0.0,0.0,1230.0,13010.0,0.0,0.0,275.0,5077.0,1055.0,1174,0.0,0.0,0.0,0.0,782.0,1517.0,1892.0,0.0,2530,0.0,730.0,0.0,4260,0.0,0.0,0.0,1150.0,27200,10879,565.0,0.0,14560.0,5840,0.0,0.0,2525.0,0.0
550,0.0,3850,460,0.0,0.0,1240.0,12600.0,0.0,0.0,280.0,5336.0,1080.0,1190,0.0,0.0,0.0,0.0,785.0,1593.0,1892.0,0.0,2695,0.0,730.0,0.0,4436,0.0,0.0,0.0,1120.0,27900,11000,568.0,0.0,14140.0,5950,0.0,0.0,2700.0,0.0
550,0.0,3880,450,0.0,0.0,1320.0,12400.0,0.0,0.0,280.0,5446.0,1045.0,1192,0.0,0.0,0.0,0.0,792.0,1604.0,1936.0,0.0,2800,0.0,730.0,0.0,4500,0.0,0.0,0.0,1190.0,29400,10852,564.0,0.0,13580.0,5990,0.0,0.0,2830.0,0.0
550,0.0,3950,450,0.0,0.0,1270.0,12350.0,0.0,0.0,276.0,5556.0,950.0,1237,0.0,0.0,0.0,0.0,806.0,1593.0,1914.0,0.0,2740,0.0,720.0,0.0,4468,0.0,0.0,0.0,1160.0,29500,10896,544.0,0.0,14400.0,5900,0.0,0.0,2820.0,0.0
565,0.0,4063,450,0.0,0.0,1300.0,12230.0,0.0,0.0,278.0,5476.0,1040.0,1201,0.0,0.0,0.0,0.0,790.0,1615.0,1848.0,0.0,2700,0.0,700.0,0.0,4440,0.0,0.0,0.0,1110.0,28500,10852,546.0,0.0,14780.0,5850,0.0,0.0,2740.0,0.0
557,0.0,4025,450,0.0,0.0,1310.0,11900.0,0.0,0.0,278.0,5506.0,1050.0,1162,0.0,0.0,0.0,0.0,775.0,1614.0,1914.0,0.0,2670,0.0,701.0,0.0,4380,0.0,0.0,0.0,1110.0,29000,10989,548.0,0.0,14580.0,5680,0.0,0.0,2600.0,0.0
560,0.0,4100,450,0.0,0.0,1365.0,11750.0,0.0,0.0,275.0,5626.0,1045.0,1156,0.0,0.0,0.0,0.0,775.0,1614.0,1936.0,0.0,2650,0.0,700.0,0.0,4460,0.0,0.0,0.0,1115.0,28240,10824,541.0,0.0,14440.0,5660,0.0,0.0,2550.0,0.0
560,0.0,4000,450,0.0,0.0,1415.0,11350.0,0.0,0.0,281.0,5476.0,1050.0,1164,0.0,0.0,0.0,0.0,767.0,1615.0,1892.0,0.0,2600,0.0,700.0,0.0,4520,0.0,0.0,0.0,1120.0,28300,10808,536.0,0.0,14020.0,5600,0.0,0.0,2585.0,0.0
552,0.0,3968,450,0.0,0.0,1410.0,11000.0,0.0,0.0,285.0,5616.0,1045.0,1190,0.0,0.0,0.0,0.0,785.0,1658.0,1967.0,0.0,2590,0.0,710.0,0.0,4540,0.0,0.0,0.0,1110.0,29480,10824,578.0,0.0,13900.0,5630,0.0,0.0,2615.0,0.0
553,0.0,4050,450,0.0,0.0,1400.0,10830.0,0.0,0.0,295.0,5926.0,1015.0,1243,0.0,0.0,0.0,0.0,816.0,1694.0,1998.0,0.0,2650,0.0,725.0,0.0,4520,0.0,0.0,0.0,1050.0,29800,11291,610.0,0.0,13820.0,5790,0.0,0.0,2800.0,0.0
560,0.0,4190,450,0.0,0.0,1400.0,10700.0,0.0,0.0,304.0,5956.0,1030.0,1289,0.0,0.0,0.0,0.0,845.0,1716.0,1910.0,0.0,2800,0.0,760.0,0.0,4588,0.0,0.0,0.0,1040.0,32600,11401,646.0,0.0,13820.0,5820,0.0,0.0,2795.0,0.0
570,0.0,4500,450,0.0,0.0,1380.0,10740.0,0.0,0.0,308.0,6046.0,1025.0,1285,0.0,0.0,0.0,0.0,839.0,1742.0,1883.0,0.0,2835,0.0,755.0,0.0,4676,0.0,0.0,0.0,1020.0,32900,11484,611.0,0.0,14200.0,5900,0.0,0.0,2695.0,0.0
570,0.0,4538,450,0.0,0.0,1390.0,10750.0,0.0,0.0,315.0,5966.0,990.0,1274,0.0,0.0,0.0,0.0,835.0,1722.0,1830.0,0.0,2850,0.0,730.0,0.0,4700,0.0,0.0,0.0,1030.0,31900,11390,609.0,0.0,14780.0,5790,0.0,0.0,2560.0,0.0
580,0.0,4478,450,0.0,0.0,1385.0,10670.0,0.0,0.0,320.0,5956.0,1000.0,1305,0.0,0.0,0.0,0.0,832.0,1720.0,1822.0,0.0,2890,0.0,730.0,0.0,4668,0.0,0.0,0.0,1030.0,32000,11401,629.0,0.0,15600.0,5600,0.0,0.0,2560.0,0.0
575,0.0,4500,450,0.0,0.0,1495.0,10650.0,0.0,0.0,322.0,5926.0,1020.0,1302,0.0,0.0,0.0,0.0,830.0,1747.0,1778.0,0.0,2860,0.0,745.0,0.0,4700,0.0,0.0,0.0,1040.0,32800,11670,621.0,0.0,15800.0,5460,0.0,0.0,2560.0,0.0
575,0.0,4725,450,0.0,0.0,1495.0,10650.0,0.0,0.0,336.0,5766.0,1000.0,1248,0.0,0.0,0.0,0.0,850.0,1775.0,1769.0,0.0,2830,0.0,745.0,0.0,4712,0.0,0.0,0.0,1030.0,32300,11621,607.0,0.0,15780.0,5550,0.0,0.0,2505.0,0.0
580,0.0,4713,450,0.0,0.0,1530.0,10750.0,0.0,0.0,335.0,5496.0,1015.0,1226,0.0,0.0,0.0,0.0,840.0,1733.0,1835.0,0.0,2800,0.0,741.0,0.0,4760,0.0,0.0,0.0,1035.0,31680,11511,598.0,0.0,15800.0,5430,0.0,0.0,2415.0,0.0
579,0.0,4613,450,0.0,0.0,1575.0,10600.0,0.0,0.0,331.0,5286.0,1090.0,1206,0.0,0.0,0.0,0.0,822.0,1700.0,1883.0,0.0,2760,0.0,724.0,0.0,4748,0.0,0.0,0.0,1060.0,31600,11313,577.0,0.0,15200.0,5490,0.0,0.0,2260.0,0.0
579,0.0,4600,450,0.0,0.0,1620.0,10350.0,0.0,0.0,331.0,5267.0,1145.0,1244,0.0,0.0,0.0,0.0,840.0,1681.0,1883.0,0.0,2755,0.0,742.0,0.0,4716,0.0,0.0,0.0,1040.0,32700,11209,595.0,0.0,15500.0,5420,0.0,0.0,2165.0,0.0
550,0.0,4748,450,0.0,0.0,1650.0,10200.0,0.0,0.0,340.0,5137.0,1160.0,1251,0.0,0.0,0.0,0.0,827.0,1722.0,1866.0,0.0,2800,0.0,732.0,0.0,4880,0.0,0.0,0.0,1085.0,33000,11319,588.0,0.0,15500.0,5440,0.0,0.0,2230.0,0.0
555,0.0,4838,450,0.0,0.0,1600.0,10250.0,0.0,0.0,330.0,4757.0,1140.0,1257,0.0,0.0,0.0,0.0,830.0,1751.0,1874.0,0.0,2800,0.0,655.0,0.0,4900,0.0,0.0,0.0,1035.0,32700,11456,565.0,0.0,15000.0,5360,0.0,0.0,2250.0,0.0
550,0.0,4838,450,0.0,0.0,1585.0,10250.0,0.0,0.0,312.0,4847.0,1085.0,1230,0.0,0.0,0.0,0.0,830.0,1766.0,1866.0,0.0,2775,0.0,643.0,0.0,4716,0.0,0.0,0.0,1040.0,32200,11648,585.0,0.0,15300.0,5380,0.0,0.0,2185.0,0.0
550,0.0,4810,450,0.0,0.0,1600.0,10200.0,0.0,0.0,305.0,4737.0,1125.0,1236,0.0,0.0,0.0,0.0,817.0,1791.0,1883.0,0.0,2725,0.0,670.0,0.0,4756,0.0,0.0,0.0,1040.0,31340,11566,596.0,0.0,15400.0,5180,0.0,0.0,2155.0,0.0
540,0.0,4713,450,0.0,0.0,1545.0,10180.0,0.0,0.0,302.0,4727.0,1100.0,1234,0.0,0.0,0.0,0.0,817.0,1780.0,1954.0,0.0,2735,0.0,665.0,0.0,4744,0.0,0.0,0.0,1060.0,31600,11401,599.0,0.0,15360.0,5170,0.0,0.0,2090.0,0.0
540,0.0,4863,450,0.0,0.0,1585.0,10010.0,0.0,0.0,302.0,4492.0,1000.0,1234,0.0,0.0,0.0,0.0,815.0,1789.0,1971.0,0.0,2775,0.0,645.0,0.0,4792,0.0,0.0,0.0,1060.0,30500,11566,604.0,0.0,15500.0,5200,0.0,0.0,1990.0,0.0
530,0.0,4765,450,0.0,0.0,1510.0,9950.0,0.0,0.0,291.0,4247.0,970.0,1219,0.0,0.0,0.0,0.0,815.0,1813.0,1954.0,0.0,2735,0.0,600.0,0.0,4700,0.0,0.0,0.0,1065.0,30000,11566,604.0,0.0,15560.0,5190,0.0,0.0,1955.0,0.0
530,0.0,4715,450,0.0,0.0,1510.0,9950.0,0.0,0.0,290.0,4197.0,965.0,1222,0.0,0.0,0.0,0.0,811.0,1795.0,1918.0,0.0,2700,0.0,600.0,0.0,4420,0.0,0.0,0.0,1065.0,30900,11346,595.0,0.0,15500.0,5280,0.0,0.0,1970.0,0.0
515,0.0,4763,450,0.0,0.0,1520.0,9950.0,0.0,0.0,293.0,4217.0,945.0,1229,0.0,0.0,0.0,0.0,820.0,1766.0,1936.0,0.0,2640,0.0,640.0,0.0,4352,0.0,0.0,0.0,1100.0,31300,11346,599.0,0.0,15240.0,5380,0.0,0.0,2130.0,0.0
520,0.0,4788,450,0.0,0.0,1480.0,10000.0,0.0,0.0,296.0,3897.0,950.0,1229,0.0,0.0,0.0,0.0,831.0,1758.0,1971.0,0.0,2640,0.0,685.0,0.0,4640,0.0,0.0,0.0,1130.0,32300,11418,594.0,0.0,15340.0,5420,0.0,0.0,2260.0,0.0
523,0.0,4875,450,0.0,0.0,1425.0,9900.0,0.0,0.0,300.0,3748.0,940.0,1178,0.0,0.0,0.0,0.0,842.0,1720.0,2002.0,0.0,2700,0.0,695.0,0.0,4600,0.0,0.0,0.0,1130.0,32900,11511,593.0,0.0,15500.0,5580,0.0,0.0,2310.0,0.0
510,0.0,4775,450,0.0,0.0,1440.0,9800.0,0.0,0.0,305.0,3198.0,980.0,1170,0.0,0.0,0.0,0.0,808.0,1720.0,1918.0,0.0,2755,0.0,680.0,0.0,4580,0.0,0.0,0.0,1180.0,31200,11500,595.0,0.0,15900.0,5650,0.0,0.0,2240.0,0.0
500,0.0,4553,450,0.0,0.0,1520.0,10000.0,0.0,0.0,304.0,3048.0,1050.0,1178,0.0,0.0,0.0,0.0,802.0,1615.0,1980.0,0.0,2665,0.0,650.0,0.0,4480,0.0,0.0,0.0,1180.0,31000,10923,610.0,0.0,16200.0,5470,0.0,0.0,2000.0,0.0
500,0.0,4408,450,0.0,0.0,1480.0,9960.0,0.0,0.0,300.0,3248.0,1040.0,1164,0.0,0.0,0.0,0.0,815.0,1667.0,2103.0,0.0,2625,0.0,650.0,0.0,4480,0.0,0.0,0.0,1180.0,31400,10495,630.0,0.0,15980.0,5320,0.0,0.0,2010.0,0.0
501,0.0,4470,450,0.0,0.0,1470.0,9500.0,0.0,0.0,295.0,3248.0,1040.0,1164,0.0,0.0,0.0,0.0,815.0,1667.0,2103.0,0.0,2645,0.0,650.0,0.0,4500,0.0,0.0,0.0,1180.0,31400,10659,630.0,0.0,15700.0,5250,0.0,0.0,2090.0,0.0
500,0.0,4470,450,0.0,0.0,1450.0,9610.0,0.0,0.0,295.0,3598.0,985.0,1218,0.0,0.0,0.0,0.0,840.0,1667.0,2178.0,0.0,2645,0.0,700.0,0.0,4500,0.0,0.0,0.0,1180.0,32900,10659,660.0,0.0,15460.0,5250,0.0,0.0,2090.0,0.0
500,0.0,4638,450,0.0,0.0,1440.0,10100.0,0.0,0.0,302.0,3298.0,980.0,1227,0.0,0.0,0.0,0.0,825.0,1711.0,2358.0,0.0,2720,0.0,685.0,0.0,4600,0.0,0.0,0.0,1180.0,33200,11132,636.0,0.0,15640.0,5050,0.0,0.0,2205.0,0.0
510,0.0,4643,450,0.0,0.0,1480.0,10100.0,0.0,0.0,298.0,3308.0,985.0,1257,0.0,0.0,0.0,0.0,830.0,1729.0,2253.0,0.0,2680,0.0,700.0,0.0,4600,0.0,0.0,0.0,1150.0,34300,11236,655.0,0.0,15640.0,4950,0.0,0.0,2090.0,0.0
505,0.0,4813,450,0.0,0.0,1480.0,10200.0,0.0,0.0,300.0,3548.0,985.0,1255,0.0,0.0,0.0,0.0,837.0,1738.0,2297.0,0.0,2800,0.0,700.0,0.0,4696,0.0,0.0,0.0,1140.0,35300,11462,670.0,0.0,16100.0,5040,0.0,0.0,2230.0,0.0
500,0.0,4928,450,0.0,0.0,1485.0,10700.0,0.0,0.0,305.0,3518.0,1005.0,1265,0.0,0.0,0.0,0.0,870.0,1745.0,2178.0,0.0,2925,0.0,715.0,0.0,4728,0.0,0.0,0.0,1140.0,36300,12016,665.0,0.0,15780.0,4995,0.0,0.0,2390.0,0.0
517,0.0,4938,450,0.0,0.0,1490.0,10690.0,0.0,0.0,300.0,3618.0,978.0,1225,0.0,0.0,0.0,0.0,865.0,1766.0,2270.0,0.0,2950,0.0,715.0,0.0,4740,0.0,0.0,0.0,1150.0,34800,11923,650.0,0.0,16000.0,4795,0.0,0.0,2315.0,0.0
505,0.0,4913,450,0.0,0.0,1540.0,10650.0,0.0,0.0,300.0,3568.0,984.0,1220,0.0,0.0,0.0,0.0,871.0,1747.0,2209.0,0.0,3000,0.0,720.0,0.0,4740,0.0,0.0,0.0,1145.0,33100,11632,667.0,0.0,16040.0,4775,0.0,0.0,2260.0,0.0
505,0.0,4613,450,0.0,0.0,1595.0,10850.0,0.0,0.0,286.0,3468.0,1010.0,1216,0.0,0.0,0.0,0.0,869.0,1738.0,2226.0,0.0,3000,0.0,750.0,0.0,4744,0.0,0.0,0.0,1120.0,31300,11434,668.0,0.0,16300.0,4710,0.0,0.0,2165.0,0.0
505,0.0,4408,450,0.0,0.0,1610.0,10900.0,0.0,0.0,285.0,3443.0,1020.0,1220,0.0,0.0,0.0,0.0,877.0,1727.0,2248.0,0.0,3000,0.0,720.0,0.0,4780,0.0,0.0,0.0,1140.0,32100,11126,689.0,0.0,16800.0,4770,0.0,0.0,2135.0,0.0
495,0.0,4350,450,0.0,0.0,1575.0,10600.0,0.0,0.0,281.0,3148.0,1015.0,1209,0.0,0.0,0.0,0.0,903.0,1722.0,2262.0,0.0,3000,0.0,730.0,0.0,4800,0.0,0.0,0.0,1140.0,32880,11236,685.0,0.0,16900.0,4780,0.0,0.0,2280.0,0.0
495,0.0,4423,450,0.0,0.0,1530.0,10500.0,0.0,0.0,284.0,3073.0,1015.0,1219,0.0,0.0,0.0,0.0,910.0,1727.0,2310.0,0.0,3010,0.0,730.0,0.0,4840,0.0,0.0,0.0,1140.0,32900,11385,710.0,0.0,16760.0,4740,0.0,0.0,2330.0,0.0
480,0.0,4375,450,0.0,0.0,1450.0,10620.0,0.0,0.0,283.0,2868.0,1005.0,1212,0.0,0.0,0.0,0.0,899.0,1777.0,2446.0,0.0,3000,0.0,735.0,0.0,4840,0.0,0.0,0.0,1180.0,33400,11099,710.0,0.0,17100.0,4750,0.0,0.0,2270.0,0.0
480,0.0,4350,450,0.0,0.0,1410.0,10700.0,0.0,0.0,280.0,2908.0,1010.0,1234,0.0,0.0,0.0,0.0,923.0,1802.0,2385.0,0.0,2960,0.0,735.0,0.0,4844,0.0,0.0,0.0,1180.0,34600,11099,735.0,0.0,17140.0,4680,0.0,0.0,2230.0,0.0
490,0.0,4500,450,0.0,0.0,1490.0,10700.0,0.0,0.0,285.0,2908.0,1015.0,1234,0.0,0.0,0.0,0.0,923.0,1919.0,2385.0,0.0,3065,0.0,735.0,0.0,4920,0.0,0.0,0.0,1185.0,34600,11209,735.0,0.0,17000.0,4680,0.0,0.0,2400.0,0.0
479,0.0,4500,450,0.0,0.0,1480.0,11350.0,0.0,0.0,285.0,2908.0,1010.0,1234,0.0,0.0,0.0,0.0,923.0,1919.0,2385.0,0.0,3065,0.0,735.0,0.0,4920,0.0,0.0,0.0,1185.0,34600,11209,735.0,0.0,16900.0,4680,0.0,0.0,2400.0,0.0
479,0.0,4500,450,0.0,0.0,1500.0,11500.0,0.0,0.0,285.0,2978.0,1005.0,1263,0.0,0.0,0.0,0.0,970.0,1919.0,2376.0,0.0,3065,0.0,751.0,0.0,4920,0.0,0.0,0.0,1190.0,34700,11209,723.0,0.0,17580.0,4680,0.0,0.0,2400.0,0.0
479,0.0,4603,450,0.0,0.0,1515.0,11500.0,0.0,0.0,286.0,3098.0,1015.0,1277,0.0,0.0,0.0,0.0,970.0,1923.0,2367.0,0.0,3080,0.0,799.0,0.0,4940,0.0,0.0,0.0,1180.0,35320,11478,717.0,0.0,17580.0,4795,0.0,0.0,2535.0,0.0
480,0.0,4763,450,0.0,0.0,1515.0,11500.0,0.0,0.0,290.0,3073.0,1015.0,1281,0.0,0.0,0.0,0.0,956.0,1886.0,2262.0,0.0,3050,0.0,790.0,0.0,5040,0.0,0.0,0.0,1195.0,35200,11385,714.0,0.0,17580.0,4900,0.0,0.0,2555.0,0.0
480,0.0,4823,450,0.0,0.0,1515.0,11450.0,0.0,0.0,290.0,3073.0,1015.0,1281,0.0,0.0,0.0,0.0,956.0,1897.0,2262.0,0.0,3050,0.0,790.0,0.0,5040,0.0,0.0,0.0,1195.0,35200,11236,714.0,0.0,17560.0,4895,0.0,0.0,2530.0,0.0
479,0.0,4823,450,0.0,0.0,1540.0,11630.0,0.0,0.0,290.0,2973.0,1075.0,1261,0.0,0.0,0.0,0.0,945.0,1897.0,2270.0,0.0,3050,0.0,790.0,0.0,5040,0.0,0.0,0.0,1195.0,34300,11236,710.0,0.0,17500.0,4895,0.0,0.0,2530.0,0.0
479,0.0,4750,450,0.0,0.0,1570.0,11050.0,0.0,0.0,291.0,2888.0,1120.0,1279,0.0,0.0,0.0,0.0,915.0,1886.0,2200.0,0.0,3030,0.0,780.0,0.0,5012,0.0,0.0,0.0,1190.0,32980,11451,706.0,0.0,17100.0,4900,0.0,0.0,2480.0,0.0
479,0.0,4525,450,0.0,0.0,1570.0,11050.0,0.0,0.0,300.0,3148.0,1150.0,1300,0.0,0.0,0.0,0.0,970.0,1894.0,2209.0,0.0,2960,0.0,801.0,0.0,4980,0.0,0.0,0.0,1180.0,34200,11319,735.0,0.0,17100.0,4895,0.0,0.0,2310.0,0.0
479,0.0,4650,450,0.0,0.0,1570.0,11250.0,0.0,0.0,310.0,3298.0,1150.0,1319,0.0,0.0,0.0,0.0,970.0,1875.0,2222.0,0.0,3080,0.0,796.0,0.0,5128,0.0,0.0,0.0,1180.0,34000,12187,743.0,0.0,17200.0,4900,0.0,0.0,2400.0,0.0
470,0.0,4500,450,0.0,0.0,1560.0,10950.0,0.0,0.0,320.0,3198.0,1120.0,1323,0.0,0.0,0.0,0.0,940.0,1832.0,2284.0,0.0,3160,0.0,778.0,0.0,5100,0.0,0.0,0.0,1180.0,33400,12005,740.0,0.0,16500.0,5050,0.0,0.0,2460.0,0.0
465,0.0,4345,450,0.0,0.0,1480.0,11000.0,0.0,0.0,326.0,2998.0,1030.0,1347,0.0,0.0,0.0,0.0,925.0,1822.0,2288.0,0.0,3170,0.0,730.0,0.0,5100,0.0,0.0,0.0,1170.0,33100,12198,731.0,0.0,16800.0,5130,0.0,0.0,2450.0,0.0
476,0.0,4275,450,0.0,0.0,1565.0,10950.0,0.0,0.0,323.0,3038.0,1055.0,1338,0.0,0.0,0.0,0.0,939.0,1857.0,2240.0,0.0,3160,0.0,750.0,0.0,5100,0.0,0.0,0.0,1170.0,34000,12181,728.0,0.0,16980.0,5140,0.0,0.0,2370.0,0.0
475,0.0,4300,450,0.0,0.0,1530.0,11100.0,0.0,0.0,335.0,2978.0,1100.0,1372,0.0,0.0,0.0,0.0,938.0,1872.0,2235.0,0.0,3160,0.0,740.0,0.0,5180,0.0,0.0,0.0,1180.0,34700,12418,731.0,0.0,17000.0,5140,0.0,0.0,2460.0,0.0
485,0.0,4450,420,0.0,0.0,1545.0,11150.0,0.0,0.0,360.0,3098.0,1095.0,1389,0.0,0.0,0.0,0.0,940.0,1886.0,2165.0,0.0,3135,0.0,790.0,0.0,5320,0.0,0.0,0.0,1110.0,34900,12500,724.0,0.0,17040.0,5440,0.0,0.0,2460.0,0.0
515,0.0,4623,420,0.0,0.0,1535.0,11150.0,0.0,0.0,365.0,3473.0,1100.0,1394,0.0,0.0,0.0,0.0,949.0,1886.0,2231.0,0.0,3185,0.0,770.0,0.0,5444,0.0,0.0,0.0,1110.0,35500,12313,740.0,0.0,17500.0,5450,0.0,0.0,2500.0,0.0
515,0.0,4668,420,0.0,0.0,1560.0,11250.0,0.0,0.0,369.0,3518.0,1100.0,1361,0.0,0.0,0.0,0.0,948.0,1868.0,2235.0,0.0,3190,0.0,770.0,0.0,5360,0.0,0.0,0.0,1120.0,34820,12253,735.0,0.0,17960.0,5410,0.0,0.0,2665.0,0.0
520,0.0,4625,420,0.0,0.0,1620.0,11000.0,0.0,0.0,360.0,3718.0,1090.0,1376,0.0,0.0,0.0,0.0,936.0,1872.0,2288.0,0.0,3160,0.0,760.0,0.0,5288,0.0,0.0,0.0,1120.0,34700,12093,720.0,0.0,17880.0,5250,0.0,0.0,2580.0,0.0
515,0.0,4675,420,0.0,0.0,1650.0,10950.0,0.0,0.0,365.0,3588.0,1085.0,1354,0.0,0.0,0.0,0.0,940.0,1883.0,2402.0,0.0,3140,0.0,740.0,0.0,5260,0.0,0.0,0.0,1120.0,34400,12533,711.0,0.0,17800.0,5200,0.0,0.0,2630.0,0.0
520,0.0,4625,420,0.0,0.0,1720.0,10990.0,0.0,0.0,362.0,3708.0,1075.0,1357,0.0,0.0,0.0,0.0,940.0,1875.0,2526.0,0.0,3145,0.0,730.0,0.0,5240,0.0,0.0,0.0,1125.0,33600,12802,705.0,0.0,17700.0,5300,0.0,0.0,2600.0,0.0
560,0.0,4563,420,0.0,0.0,1650.0,10850.0,0.0,0.0,365.0,3653.0,1060.0,1361,0.0,0.0,0.0,0.0,940.0,1875.0,2530.0,0.0,3100,0.0,732.0,0.0,5280,0.0,0.0,0.0,1180.0,33600,13269,687.0,0.0,17680.0,5280,0.0,0.0,2490.0,0.0
546,0.0,4488,420,0.0,0.0,1670.0,10900.0,0.0,0.0,365.0,3648.0,1000.0,1375,0.0,0.0,0.0,0.0,940.0,1861.0,2552.0,0.0,3100,0.0,736.0,0.0,5280,0.0,0.0,0.0,1180.0,33500,12973,694.0,0.0,17700.0,5300,0.0,0.0,2445.0,0.0
535,0.0,4500,430,0.0,0.0,1525.0,11000.0,0.0,0.0,365.0,3598.0,1025.0,1369,0.0,0.0,0.0,0.0,946.0,1872.0,2521.0,0.0,3110,0.0,750.0,0.0,5280,0.0,0.0,0.0,1140.0,33240,12973,692.0,0.0,17640.0,5280,0.0,0.0,2505.0,0.0
535,0.0,4563,430,0.0,0.0,1595.0,10950.0,0.0,0.0,367.0,3688.0,1030.0,1382,0.0,0.0,0.0,0.0,951.0,1883.0,2552.0,0.0,3120,0.0,760.0,0.0,5300,0.0,0.0,0.0,1140.0,33980,12885,689.0,0.0,17340.0,5480,0.0,0.0,2545.0,0.0
520,0.0,4560,430,0.0,0.0,1655.0,11550.0,0.0,0.0,370.0,3698.0,1020.0,1375,0.0,0.0,0.0,0.0,959.0,1865.0,2517.0,0.0,3130,0.0,755.0,0.0,5320,0.0,0.0,0.0,1155.0,34200,12830,706.0,0.0,17400.0,5730,0.0,0.0,2640.0,0.0
520,0.0,4613,430,0.0,0.0,1650.0,11200.0,0.0,0.0,370.0,3897.0,1025.0,1372,0.0,0.0,0.0,0.0,965.0,1850.0,2482.0,0.0,3110,0.0,760.0,0.0,5508,0.0,0.0,0.0,1150.0,35300,12830,713.0,0.0,17200.0,5810,0.0,0.0,2640.0,0.0
525,0.0,4763,430,0.0,0.0,1595.0,11200.0,0.0,0.0,371.0,3947.0,1020.0,1382,0.0,0.0,0.0,0.0,990.0,1850.0,2521.0,0.0,3195,0.0,780.0,0.0,5528,0.0,0.0,0.0,1160.0,36700,13049,714.0,0.0,17260.0,5980,0.0,0.0,2725.0,0.0
525,0.0,4838,430,0.0,0.0,1610.0,11200.0,0.0,0.0,370.0,3947.0,1040.0,1380,0.0,0.0,0.0,0.0,975.0,1854.0,2565.0,0.0,3175,0.0,775.0,0.0,5500,0.0,0.0,0.0,1160.0,36200,13187,731.0,0.0,17300.0,5880,0.0,0.0,2720.0,0.0
535,0.0,4898,430,0.0,0.0,1620.0,11240.0,0.0,0.0,374.0,4002.0,1080.0,1380,0.0,0.0,0.0,0.0,969.0,1843.0,2640.0,0.0,3130,0.0,800.0,0.0,5380,0.0,0.0,0.0,1160.0,36880,13242,718.0,0.0,17460.0,5690,0.0,0.0,2630.0,0.0
530,0.0,5013,430,0.0,0.0,1620.0,11000.0,0.0,0.0,375.0,3997.0,1045.0,1378,0.0,0.0,0.0,0.0,962.0,1843.0,2759.0,0.0,3185,0.0,810.0,0.0,5420,0.0,0.0,0.0,1160.0,37500,13418,734.0,0.0,17680.0,5780,0.0,0.0,2670.0,0.0
545,0.0,5000,430,0.0,0.0,1650.0,11150.0,0.0,0.0,375.0,3987.0,1035.0,1361,0.0,0.0,0.0,0.0,950.0,1868.0,2627.0,0.0,3100,0.0,795.0,0.0,5376,0.0,0.0,0.0,1170.0,39000,14115,715.0,0.0,17700.0,5740,0.0,0.0,2600.0,0.0
530,0.0,5188,430,0.0,0.0,1650.0,10750.0,0.0,0.0,367.0,3907.0,1060.0,1366,0.0,0.0,0.0,0.0,945.0,1854.0,2627.0,0.0,3120,0.0,790.0,0.0,5316,0.0,0.0,0.0,1170.0,39720,13665,712.0,0.0,17400.0,5820,0.0,0.0,2590.0,0.0
525,0.0,5275,430,0.0,0.0,1650.0,10480.0,0.0,0.0,350.0,3967.0,1070.0,1361,0.0,0.0,0.0,0.0,930.0,1905.0,2754.0,0.0,3165,0.0,787.0,0.0,5336,0.0,0.0,0.0,1160.0,37700,13549,702.0,0.0,17340.0,5860,0.0,0.0,2625.0,0.0
512,0.0,5050,430,0.0,0.0,1680.0,10510.0,0.0,0.0,348.0,3947.0,1080.0,1361,0.0,0.0,0.0,0.0,930.0,1912.0,2728.0,0.0,3190,0.0,787.0,0.0,5300,0.0,0.0,0.0,1160.0,39400,13407,693.0,0.0,16960.0,5880,0.0,0.0,2620.0,0.0
530,0.0,5085,430,0.0,0.0,1650.0,10750.0,0.0,0.0,350.0,3897.0,1090.0,1338,0.0,0.0,0.0,0.0,930.0,1883.0,2693.0,0.0,3120,0.0,750.0,0.0,5304,0.0,0.0,0.0,1150.0,40000,13407,684.0,0.0,16860.0,5750,0.0,0.0,2680.0,0.0
510,0.0,5218,430,0.0,0.0,1675.0,10770.0,0.0,0.0,340.0,3748.0,1075.0,1330,0.0,0.0,0.0,0.0,935.0,1886.0,2653.0,0.0,3090,0.0,770.0,0.0,5300,0.0,0.0,0.0,1160.0,39300,13423,696.0,0.0,16800.0,5700,0.0,0.0,2590.0,0.0
505,0.0,5148,420,0.0,0.0,1675.0,10950.0,0.0,0.0,355.0,3797.0,1060.0,1328,0.0,0.0,0.0,0.0,950.0,1861.0,2653.0,0.0,3120,0.0,760.0,0.0,5280,0.0,0.0,0.0,1160.0,37400,13626,708.0,0.0,16540.0,5950,0.0,0.0,2565.0,0.0
510,0.0,5023,420,0.0,0.0,1725.0,10800.0,0.0,0.0,350.0,3748.0,1060.0,1317,0.0,0.0,0.0,0.0,950.0,1868.0,2552.0,0.0,3200,0.0,759.0,0.0,5280,0.0,0.0,0.0,1140.0,34900,13874,711.0,0.0,16580.0,5960,0.0,0.0,2560.0,0.0
540,0.0,4988,420,0.0,0.0,1790.0,11000.0,0.0,0.0,350.0,3772.0,1035.0,1326,0.0,0.0,0.0,0.0,940.0,1879.0,2508.0,0.0,3200,0.0,750.0,0.0,5320,0.0,0.0,0.0,1150.0,36500,13929,717.0,0.0,17100.0,5900,0.0,0.0,2460.0,0.0
540,0.0,5188,420,0.0,0.0,1840.0,11250.0,0.0,0.0,346.0,3753.0,1000.0,1324,0.0,0.0,0.0,0.0,940.0,1897.0,2499.0,0.0,3220,0.0,751.0,0.0,5340,0.0,0.0,0.0,1150.0,35900,14088,708.0,0.0,17500.0,5880,0.0,0.0,2470.0,0.0
530,0.0,5188,420,0.0,0.0,1800.0,11100.0,0.0,0.0,340.0,3718.0,1010.0,1333,0.0,0.0,0.0,0.0,937.0,1868.0,2574.0,0.0,3185,0.0,751.0,0.0,5380,0.0,0.0,0.0,1150.0,35820,14775,708.0,0.0,17440.0,5830,0.0,0.0,2410.0,0.0
500,0.0,5225,420,0.0,0.0,1785.0,10950.0,0.0,0.0,332.0,3728.0,1020.0,1330,0.0,0.0,0.0,0.0,933.0,1905.0,2530.0,0.0,3175,0.0,770.0,0.0,5420,0.0,0.0,0.0,1185.0,36020,14549,691.0,0.0,17400.0,5920,0.0,0.0,2485.0,0.0
500,0.0,5313,420,0.0,0.0,1800.0,10800.0,0.0,0.0,335.0,3568.0,1030.0,1324,0.0,0.0,0.0,0.0,933.0,1894.0,2499.0,0.0,3140,0.0,730.0,0.0,5440,0.0,0.0,0.0,1160.0,36080,14423,684.0,0.0,16900.0,6110,0.0,0.0,2520.0,0.0
470,0.0,5238,420,0.0,0.0,1835.0,10780.0,0.0,0.0,330.0,3518.0,1020.0,1317,0.0,0.0,0.0,0.0,930.0,1916.0,2446.0,0.0,3090,0.0,720.0,0.0,5360,0.0,0.0,0.0,1140.0,35800,14341,679.0,0.0,17000.0,6280,0.0,0.0,2440.0,0.0
475,0.0,5228,420,0.0,0.0,1745.0,10620.0,0.0,0.0,325.0,3398.0,1035.0,1300,0.0,0.0,0.0,0.0,916.0,1912.0,2495.0,0.0,3130,0.0,680.0,0.0,5320,0.0,0.0,0.0,1130.0,35940,14643,655.0,0.0,16700.0,6200,0.0,0.0,2420.0,0.0
458,0.0,5150,420,0.0,0.0,1700.0,10730.0,0.0,0.0,320.0,3288.0,990.0,1291,0.0,0.0,0.0,0.0,927.0,1894.0,2609.0,0.0,3030,0.0,700.0,0.0,5100,0.0,0.0,0.0,1125.0,35900,14692,649.0,0.0,16200.0,6130,0.0,0.0,2320.0,0.0
460,0.0,5078,420,0.0,0.0,1690.0,11000.0,0.0,0.0,320.0,3258.0,985.0,1282,0.0,0.0,0.0,0.0,935.0,1905.0,2904.0,0.0,3000,0.0,705.0,0.0,5244,0.0,0.0,0.0,1175.0,36800,14549,646.0,0.0,16040.0,6080,0.0,0.0,2335.0,0.0
460,0.0,5188,430,0.0,0.0,1650.0,11650.0,0.0,0.0,325.0,3188.0,950.0,1291,0.0,0.0,0.0,0.0,934.0,1905.0,2772.0,0.0,3040,0.0,693.0,0.0,5240,0.0,0.0,0.0,1160.0,36960,14423,651.0,0.0,15100.0,5950,0.0,0.0,2290.0,0.0
457,0.0,5248,430,0.0,0.0,1585.0,12350.0,0.0,0.0,322.0,3148.0,919.0,1284,0.0,0.0,0.0,0.0,925.0,1923.0,2693.0,0.0,3020,0.0,675.0,0.0,5180,0.0,0.0,0.0,1175.0,36200,14000,667.0,0.0,15440.0,6100,0.0,0.0,2200.0,0.0
445,0.0,5113,430,0.0,0.0,1545.0,13760.0,0.0,0.0,327.0,3268.0,930.0,1229,0.0,0.0,0.0,0.0,933.0,1934.0,2649.0,0.0,3055,0.0,640.0,0.0,5080,0.0,0.0,0.0,1150.0,36200,13901,673.0,0.0,15600.0,5950,0.0,0.0,2110.0,0.0
445,0.0,5000,430,0.0,0.0,1570.0,12450.0,0.0,0.0,321.0,3248.0,940.0,1271,0.0,0.0,0.0,0.0,948.0,1952.0,2851.0,0.0,3060,0.0,647.0,0.0,4992,0.0,0.0,0.0,1130.0,33500,14077,680.0,0.0,15700.0,5930,0.0,0.0,2050.0,0.0
455,0.0,5025,450,0.0,0.0,1520.0,12310.0,0.0,0.0,321.0,3378.0,960.0,1316,0.0,0.0,0.0,0.0,953.0,1967.0,2860.0,0.0,3130,0.0,660.0,0.0,4936,0.0,0.0,0.0,1135.0,32000,14341,705.0,0.0,16000.0,5980,0.0,0.0,2120.0,0.0
450,0.0,4850,430,0.0,0.0,1535.0,12190.0,0.0,0.0,327.0,3383.0,960.0,1347,0.0,0.0,0.0,0.0,979.0,2000.0,2882.0,0.0,3200,0.0,650.0,0.0,4852,0.0,0.0,0.0,1145.0,30980,14659,697.0,0.0,15640.0,6080,0.0,0.0,2160.0,0.0
430,0.0,4655,450,0.0,0.0,1560.0,12350.0,0.0,0.0,320.0,3373.0,920.0,1338,0.0,0.0,0.0,0.0,974.0,2011.0,2816.0,0.0,3230,0.0,670.0,0.0,4800,0.0,0.0,0.0,1145.0,33100,14670,696.0,0.0,15560.0,6430,0.0,0.0,2120.0,0.0
430,0.0,4875,450,0.0,0.0,1525.0,12700.0,0.0,0.0,320.0,3238.0,900.0,1341,0.0,0.0,0.0,0.0,965.0,1989.0,2948.0,0.0,3150,0.0,700.0,0.0,4600,0.0,0.0,0.0,1130.0,32760,14363,696.0,0.0,15720.0,6690,0.0,0.0,2070.0,0.0
430,0.0,4838,475,0.0,0.0,1465.0,13000.0,0.0,0.0,315.0,3188.0,860.0,1319,0.0,0.0,0.0,0.0,960.0,1978.0,2974.0,0.0,3115,0.0,690.0,0.0,4816,0.0,0.0,0.0,1135.0,33000,14346,694.0,0.0,15920.0,6600,0.0,0.0,2000.0,0.0
430,0.0,4325,475,0.0,0.0,1420.0,12690.0,0.0,0.0,315.0,3098.0,890.0,1333,0.0,0.0,0.0,0.0,950.0,2004.0,2913.0,0.0,3100,0.0,700.0,0.0,4440,0.0,0.0,0.0,1135.0,31500,14286,688.0,0.0,15200.0,6390,0.0,0.0,1890.0,0.0
440,0.0,4200,475,0.0,0.0,1460.0,13400.0,0.0,0.0,310.0,2848.0,918.0,1268,0.0,0.0,0.0,0.0,940.0,1941.0,2812.0,0.0,3190,0.0,690.0,0.0,4400,0.0,0.0,0.0,1125.0,30000,14269,676.0,0.0,14960.0,6600,0.0,0.0,1940.0,0.0
440,0.0,4038,475,0.0,0.0,1490.0,13700.0,0.0,0.0,305.0,2648.0,840.0,1250,0.0,0.0,0.0,0.0,939.0,1901.0,2706.0,0.0,3075,0.0,700.0,0.0,4140,0.0,0.0,0.0,1130.0,29260,13654,663.0,0.0,14640.0,6530,0.0,0.0,1740.0,0.0
420,0.0,4023,475,0.0,0.0,1450.0,13100.0,0.0,0.0,305.0,2773.0,830.0,1218,0.0,0.0,0.0,0.0,940.0,1839.0,2644.0,0.0,3055,0.0,695.0,0.0,4220,0.0,0.0,0.0,1130.0,29140,13434,672.0,0.0,15000.0,6520,0.0,0.0,1770.0,0.0
415,0.0,3975,475,0.0,0.0,1420.0,12910.0,0.0,0.0,305.0,2738.0,790.0,1254,0.0,0.0,0.0,0.0,938.0,1832.0,2614.0,0.0,3030,0.0,695.0,0.0,4220,0.0,0.0,0.0,1125.0,30600,12764,666.0,0.0,15040.0,6570,0.0,0.0,1720.0,0.0
415,0.0,4063,475,0.0,0.0,1360.0,12450.0,0.0,0.0,305.0,2723.0,740.0,1277,0.0,0.0,0.0,0.0,934.0,1868.0,2631.0,0.0,3030,0.0,695.0,0.0,4160,0.0,0.0,0.0,1115.0,32200,13132,644.0,0.0,14900.0,6640,0.0,0.0,1780.0,0.0
415,0.0,4263,450,0.0,0.0,1365.0,11850.0,0.0,0.0,310.0,2723.0,730.0,1277,0.0,0.0,0.0,0.0,934.0,1894.0,2631.0,0.0,2980,0.0,695.0,0.0,4092,0.0,0.0,0.0,1100.0,32200,13159,644.0,0.0,14300.0,6710,0.0,0.0,1770.0,0.0
420,0.0,4263,450,0.0,0.0,1355.0,11900.0,0.0,0.0,310.0,2598.0,770.0,1295,0.0,0.0,0.0,0.0,902.0,1894.0,2618.0,0.0,2980,0.0,655.0,0.0,4092,0.0,0.0,0.0,1050.0,32400,13159,639.0,0.0,13900.0,6710,0.0,0.0,1770.0,0.0
420,0.0,4393,450,0.0,0.0,1390.0,12200.0,0.0,0.0,315.0,2723.0,800.0,1305,0.0,0.0,0.0,0.0,920.0,1865.0,2772.0,0.0,2885,0.0,645.0,0.0,4000,0.0,0.0,0.0,1005.0,30700,12286,650.0,0.0,13960.0,6610,0.0,0.0,1780.0,0.0
415,0.0,4113,450,0.0,0.0,1410.0,12200.0,0.0,0.0,315.0,2718.0,805.0,1347,0.0,0.0,0.0,0.0,950.0,1865.0,2798.0,0.0,2905,0.0,660.0,0.0,4040,0.0,0.0,0.0,1025.0,30500,12335,676.0,0.0,13960.0,6680,0.0,0.0,1885.0,0.0
405,0.0,4188,450,0.0,0.0,1410.0,12250.0,0.0,0.0,316.0,2748.0,805.0,1307,0.0,0.0,0.0,0.0,940.0,1857.0,2816.0,0.0,3060,0.0,660.0,0.0,4080,0.0,0.0,0.0,1030.0,30340,12665,667.0,0.0,14000.0,6700,0.0,0.0,2000.0,0.0
415,0.0,4043,440,0.0,0.0,1380.0,12700.0,0.0,0.0,310.0,2753.0,810.0,1268,0.0,0.0,0.0,0.0,935.0,1857.0,2785.0,0.0,3050,0.0,660.0,0.0,4120,0.0,0.0,0.0,1030.0,29000,12868,652.0,0.0,14400.0,6650,0.0,0.0,1940.0,0.0
430,0.0,4000,440,0.0,0.0,1330.0,12540.0,0.0,0.0,309.0,2698.0,808.0,1261,0.0,0.0,0.0,0.0,945.0,1824.0,2816.0,0.0,3070,0.0,645.0,0.0,4060,0.0,0.0,0.0,1010.0,27780,13198,650.0,0.0,14720.0,6650,0.0,0.0,1885.0,0.0
420,0.0,3738,440,0.0,0.0,1330.0,12550.0,0.0,0.0,305.0,2683.0,850.0,1246,0.0,0.0,0.0,0.0,910.0,1832.0,2746.0,0.0,3130,0.0,660.0,0.0,4060,0.0,0.0,0.0,1000.0,26800,12692,629.0,0.0,14400.0,6670,0.0,0.0,1870.0,0.0
415,0.0,3563,430,0.0,0.0,1335.0,11680.0,0.0,0.0,315.0,2648.0,870.0,1254,0.0,0.0,0.0,0.0,910.0,1722.0,2728.0,0.0,2950,0.0,650.0,0.0,3940,0.0,0.0,0.0,1010.0,26800,12505,617.0,0.0,14200.0,6590,0.0,0.0,1860.0,0.0
450,0.0,3538,430,0.0,0.0,1290.0,11950.0,0.0,0.0,315.0,2408.0,895.0,1240,0.0,0.0,0.0,0.0,880.0,1751.0,2816.0,0.0,2855,0.0,640.0,0.0,3820,0.0,0.0,0.0,1010.0,26900,12115,591.0,0.0,14180.0,6400,0.0,0.0,1870.0,0.0
450,0.0,3550,430,0.0,0.0,1200.0,11300.0,0.0,0.0,314.0,2418.0,870.0,1263,0.0,0.0,0.0,0.0,870.0,1777.0,2957.0,0.0,2815,0.0,640.0,0.0,3700,0.0,0.0,0.0,1010.0,27120,11923,604.0,0.0,13620.0,6300,0.0,0.0,1850.0,0.0
445,0.0,3585,450,0.0,0.0,1165.0,11600.0,0.0,0.0,314.0,2473.0,865.0,1300,0.0,0.0,0.0,0.0,875.0,1756.0,2948.0,0.0,2920,0.0,660.0,0.0,3720,0.0,0.0,0.0,1010.0,27100,11555,598.0,0.0,13820.0,6500,0.0,0.0,1890.0,0.0
445,0.0,3800,450,0.0,0.0,1140.0,11600.0,0.0,0.0,315.0,2473.0,835.0,1277,0.0,0.0,0.0,0.0,868.0,1786.0,2944.0,0.0,3000,0.0,650.0,0.0,3900,0.0,0.0,0.0,1010.0,27200,12253,587.0,0.0,13300.0,6890,0.0,0.0,1970.0,0.0
445,0.0,3808,450,0.0,0.0,1100.0,12200.0,0.0,0.0,319.0,2398.0,790.0,1240,0.0,0.0,0.0,0.0,862.0,1795.0,2974.0,0.0,2985,0.0,649.0,0.0,3700,0.0,0.0,0.0,1050.0,27700,12473,595.0,0.0,13900.0,6800,0.0,0.0,1900.0,0.0
420,0.0,4125,450,0.0,0.0,1125.0,12580.0,0.0,0.0,315.0,2508.0,800.0,1246,0.0,0.0,0.0,0.0,900.0,1806.0,2922.0,0.0,2920,0.0,648.0,0.0,3860,0.0,0.0,0.0,1050.0,29800,12945,604.0,0.0,14600.0,6890,0.0,0.0,1900.0,0.0
435,0.0,4225,450,0.0,0.0,1175.0,12890.0,0.0,0.0,325.0,2693.0,810.0,1309,0.0,0.0,0.0,0.0,944.0,1802.0,2895.0,0.0,2900,0.0,640.0,0.0,3900,0.0,0.0,0.0,1050.0,31300,13242,639.0,0.0,14000.0,6830,0.0,0.0,1955.0,0.0
435,0.0,4238,450,0.0,0.0,1170.0,13350.0,0.0,0.0,320.0,2778.0,790.0,1279,0.0,0.0,0.0,0.0,959.0,1846.0,2922.0,0.0,3035,0.0,615.0,0.0,4204,0.0,0.0,0.0,1050.0,31620,13269,649.0,0.0,13700.0,6910,0.0,0.0,2010.0,0.0
450,0.0,4225,450,0.0,0.0,1270.0,13210.0,0.0,0.0,325.0,2778.0,770.0,1279,0.0,0.0,0.0,0.0,959.0,1905.0,2922.0,0.0,3070,0.0,615.0,0.0,4200,0.0,0.0,0.0,1050.0,31620,13286,649.0,0.0,13800.0,6850,0.0,0.0,1990.0,0.0
450,0.0,4225,450,0.0,0.0,1310.0,13230.0,0.0,0.0,325.0,2778.0,715.0,1279,0.0,0.0,0.0,0.0,959.0,1905.0,2922.0,0.0,3070,0.0,615.0,0.0,4200,0.0,0.0,0.0,1060.0,31620,13286,649.0,0.0,14460.0,6850,0.0,0.0,1990.0,0.0
450,0.0,4225,450,0.0,0.0,1325.0,13200.0,0.0,0.0,325.0,2638.0,679.0,1291,0.0,0.0,0.0,0.0,950.0,1905.0,2966.0,0.0,3070,0.0,595.0,0.0,4200,0.0,0.0,0.0,1040.0,32700,13286,666.0,0.0,14400.0,6850,0.0,0.0,1990.0,0.0
450,0.0,4413,450,0.0,0.0,1330.0,13200.0,0.0,0.0,325.0,2723.0,660.0,1327,0.0,0.0,0.0,0.0,960.0,1930.0,2869.0,0.0,3095,0.0,599.0,0.0,4260,0.0,0.0,0.0,1060.0,33480,13022,683.0,0.0,14400.0,7090,0.0,0.0,1950.0,0.0
440,0.0,4513,450,0.0,0.0,1330.0,13200.0,0.0,0.0,326.0,2788.0,660.0,1313,0.0,0.0,0.0,0.0,965.0,1945.0,3027.0,0.0,3225,0.0,605.0,0.0,4400,0.0,0.0,0.0,1050.0,33460,13346,684.0,0.0,14400.0,7190,0.0,0.0,2030.0,0.0
451,0.0,4563,450,0.0,0.0,1330.0,13650.0,0.0,0.0,329.0,2698.0,660.0,1257,0.0,0.0,0.0,0.0,972.0,1952.0,3080.0,0.0,3290,0.0,615.0,0.0,4380,0.0,0.0,0.0,1050.0,33020,13709,689.0,0.0,14620.0,7050,0.0,0.0,2050.0,0.0
475,0.0,4538,450,0.0,0.0,1380.0,13350.0,0.0,0.0,330.0,2518.0,660.0,1248,0.0,0.0,0.0,0.0,944.0,1956.0,3040.0,0.0,3180,0.0,620.0,0.0,4260,0.0,0.0,0.0,1050.0,33020,14049,690.0,0.0,15100.0,6790,0.0,0.0,2030.0,0.0
485,0.0,4428,450,0.0,0.0,1400.0,13490.0,0.0,0.0,340.0,2598.0,735.0,1251,0.0,0.0,0.0,0.0,947.0,1941.0,3080.0,0.0,3090,0.0,600.0,0.0,4028,0.0,0.0,0.0,1050.0,34300,14049,690.0,0.0,15200.0,6720,0.0,0.0,1950.0,0.0
495,0.0,4498,450,0.0,0.0,1390.0,13300.0,0.0,0.0,345.0,2523.0,755.0,1264,0.0,0.0,0.0,0.0,947.0,1886.0,3124.0,0.0,3145,0.0,575.0,0.0,4060,0.0,0.0,0.0,1050.0,33800,14148,682.0,0.0,15120.0,6830,0.0,0.0,2045.0,0.0
500,0.0,4463,450,0.0,0.0,1365.0,12950.0,0.0,0.0,340.0,2518.0,753.0,1288,0.0,0.0,0.0,0.0,926.0,1865.0,3001.0,0.0,3160,0.0,560.0,0.0,3992,0.0,0.0,0.0,1040.0,34000,14297,689.0,0.0,15040.0,6830,0.0,0.0,2060.0,0.0
500,0.0,4475,450,0.0,0.0,1355.0,13250.0,0.0,0.0,348.0,2518.0,760.0,1288,0.0,0.0,0.0,0.0,926.0,1886.0,3001.0,0.0,3175,0.0,560.0,0.0,3988,0.0,0.0,0.0,1020.0,34000,14066,689.0,0.0,14880.0,6900,0.0,0.0,2045.0,0.0
500,0.0,4475,450,0.0,0.0,1370.0,13800.0,0.0,0.0,348.0,2648.0,785.0,1312,0.0,0.0,0.0,0.0,965.0,1886.0,3084.0,0.0,3175,0.0,590.0,0.0,3988,0.0,0.0,0.0,1020.0,36000,14066,700.0,0.0,14900.0,6900,0.0,0.0,2045.0,0.0
500,0.0,4813,450,0.0,0.0,1390.0,14150.0,0.0,0.0,345.0,2648.0,828.0,1312,0.0,0.0,0.0,0.0,965.0,1894.0,3084.0,0.0,3215,0.0,590.0,0.0,4000,0.0,0.0,0.0,1030.0,36000,13995,700.0,0.0,15000.0,7200,0.0,0.0,2110.0,0.0
520,0.0,4813,475,0.0,0.0,1390.0,14150.0,0.0,0.0,345.0,2728.0,880.0,1312,0.0,0.0,0.0,0.0,990.0,1894.0,3045.0,0.0,3215,0.0,600.0,0.0,4000,0.0,0.0,0.0,1030.0,34600,13995,714.0,0.0,15000.0,7200,0.0,0.0,2110.0,0.0
520,0.0,4725,475,0.0,0.0,1390.0,14250.0,0.0,0.0,341.0,2598.0,880.0,1319,0.0,0.0,0.0,0.0,968.0,1850.0,3045.0,0.0,3200,0.0,600.0,0.0,4020,0.0,0.0,0.0,1050.0,34700,13934,693.0,0.0,14700.0,7350,0.0,0.0,2170.0,0.0
525,0.0,4750,475,0.0,0.0,1420.0,14250.0,0.0,0.0,345.0,2458.0,900.0,1293,0.0,0.0,0.0,0.0,994.0,1908.0,3036.0,0.0,3160,0.0,596.0,0.0,4052,0.0,0.0,0.0,1050.0,34900,13654,706.0,0.0,14700.0,7090,0.0,0.0,2130.0,0.0
501,0.0,4850,475,0.0,0.0,1420.0,14400.0,0.0,0.0,348.0,2528.0,900.0,1291,0.0,0.0,0.0,0.0,995.0,1897.0,3036.0,0.0,3200,0.0,595.0,0.0,4012,0.0,0.0,0.0,1050.0,35100,13654,710.0,0.0,14200.0,7210,0.0,0.0,2110.0,0.0
500,0.0,4913,475,0.0,0.0,1400.0,14600.0,0.0,0.0,360.0,2598.0,865.0,1293,0.0,0.0,0.0,0.0,985.0,1905.0,3062.0,0.0,3210,0.0,580.0,0.0,4068,0.0,0.0,0.0,1050.0,35300,13956,710.0,0.0,14600.0,7200,0.0,0.0,2180.0,0.0
522,0.0,4988,500,0.0,0.0,1440.0,14180.0,0.0,0.0,360.0,2558.0,880.0,1288,0.0,0.0,0.0,0.0,982.0,1901.0,3036.0,0.0,3220,0.0,560.0,0.0,4040,0.0,0.0,0.0,1050.0,35000,13648,712.0,0.0,14700.0,7190,0.0,0.0,2165.0,0.0
544,0.0,5013,500,0.0,0.0,1480.0,14100.0,0.0,0.0,363.0,2683.0,875.0,1282,0.0,0.0,0.0,0.0,995.0,1956.0,3124.0,0.0,3190,0.0,560.0,0.0,4100,0.0,0.0,0.0,1070.0,34700,13560,704.0,0.0,14720.0,7160,0.0,0.0,2130.0,0.0
551,0.0,5013,500,0.0,0.0,1465.0,14150.0,0.0,0.0,356.0,2638.0,885.0,1268,0.0,0.0,0.0,0.0,999.0,1919.0,3150.0,0.0,3240,0.0,545.0,0.0,4440,0.0,0.0,0.0,1100.0,35400,13560,693.0,0.0,14600.0,7210,0.0,0.0,2130.0,0.0
580,0.0,5163,500,0.0,0.0,1485.0,14540.0,0.0,0.0,350.0,2628.0,875.0,1255,0.0,0.0,0.0,0.0,982.0,1905.0,3142.0,0.0,3245,0.0,547.0,0.0,4640,0.0,0.0,0.0,1100.0,35900,13407,689.0,0.0,14400.0,7120,0.0,0.0,2120.0,0.0
580,0.0,5088,525,0.0,0.0,1485.0,15450.0,0.0,0.0,350.0,2648.0,830.0,1248,0.0,0.0,0.0,0.0,974.0,1923.0,3098.0,0.0,3250,0.0,545.0,0.0,4440,0.0,0.0,0.0,1080.0,35500,13604,679.0,0.0,14480.0,7050,0.0,0.0,2140.0,0.0
610,0.0,5003,500,0.0,0.0,1510.0,15290.0,0.0,0.0,335.0,2628.0,807.0,1254,0.0,0.0,0.0,0.0,988.0,1905.0,3155.0,0.0,3240,0.0,538.0,0.0,4520,0.0,0.0,0.0,1080.0,36700,14374,701.0,0.0,14440.0,6940,0.0,0.0,2220.0,0.0
614,0.0,5100,500,0.0,0.0,1540.0,15450.0,0.0,0.0,335.0,2708.0,805.0,1277,0.0,0.0,0.0,0.0,994.0,1916.0,3256.0,0.0,3290,0.0,500.0,0.0,4440,0.0,0.0,0.0,1080.0,37700,15209,699.0,0.0,14000.0,7250,0.0,0.0,2260.0,0.0
601,0.0,5213,500,0.0,0.0,1525.0,15600.0,0.0,0.0,340.0,2703.0,806.0,1279,0.0,0.0,0.0,0.0,990.0,1945.0,3256.0,0.0,3450,0.0,500.0,0.0,4684,0.0,0.0,0.0,1080.0,38400,15363,700.0,0.0,13860.0,7250,0.0,0.0,2390.0,0.0
600,0.0,5513,475,0.0,0.0,1570.0,16200.0,0.0,0.0,325.0,2708.0,806.0,1282,0.0,0.0,0.0,0.0,1010.0,1978.0,3494.0,0.0,3430,0.0,530.0,0.0,4696,0.0,0.0,0.0,1080.0,39600,14879,708.0,0.0,14000.0,7420,0.0,0.0,2400.0,0.0
610,0.0,5500,480,0.0,0.0,1590.0,16550.0,0.0,0.0,336.0,2898.0,840.0,1257,0.0,0.0,0.0,0.0,1015.0,1897.0,3432.0,0.0,3440,0.0,540.0,0.0,4584,0.0,0.0,0.0,1080.0,38300,15495,702.0,0.0,14600.0,7560,0.0,0.0,2510.0,0.0
601,0.0,5413,480,0.0,0.0,1600.0,16300.0,0.0,0.0,340.0,2898.0,820.0,1237,0.0,0.0,0.0,0.0,1015.0,1912.0,3397.0,0.0,3380,0.0,550.0,0.0,4520,0.0,0.0,0.0,1080.0,37440,15495,701.0,0.0,14500.0,7720,0.0,0.0,2385.0,0.0
602,0.0,5425,490,0.0,0.0,1670.0,16900.0,0.0,0.0,340.0,2898.0,820.0,1229,0.0,0.0,0.0,0.0,1015.0,1897.0,3432.0,0.0,3350,0.0,547.0,0.0,4564,0.0,0.0,0.0,1090.0,37800,15363,710.0,0.0,14860.0,7480,0.0,0.0,2310.0,0.0
619,0.0,5325,490,0.0,0.0,1710.0,16150.0,0.0,0.0,345.0,2948.0,812.0,1204,0.0,0.0,0.0,0.0,1020.0,1883.0,3133.0,0.0,3370,0.0,553.0,0.0,4540,0.0,0.0,0.0,1090.0,39200,15275,710.0,0.0,14700.0,7680,0.0,0.0,2175.0,0.0
625,0.0,5563,525,0.0,0.0,1685.0,15440.0,0.0,0.0,340.0,3013.0,828.0,1248,0.0,0.0,0.0,0.0,1000.0,1901.0,3142.0,0.0,3380,0.0,561.0,0.0,4460,0.0,0.0,0.0,1090.0,40320,14462,714.0,0.0,14700.0,7740,0.0,0.0,2085.0,0.0
625,0.0,5825,550,0.0,0.0,1700.0,15850.0,0.0,0.0,340.0,2988.0,815.0,1285,0.0,0.0,0.0,0.0,985.0,1930.0,3124.0,0.0,3380,0.0,574.0,0.0,4560,0.0,0.0,0.0,1100.0,40360,14769,712.0,0.0,14700.0,7700,0.0,0.0,2160.0,0.0
625,0.0,5813,525,0.0,0.0,1750.0,14810.0,0.0,0.0,325.0,3018.0,815.0,1299,0.0,0.0,0.0,0.0,1000.0,1945.0,3045.0,0.0,3380,0.0,596.0,0.0,4600,0.0,0.0,0.0,1105.0,41200,14396,726.0,0.0,14740.0,7720,0.0,0.0,2085.0,0.0
625,0.0,5908,525,0.0,0.0,1800.0,15200.0,0.0,0.0,332.0,2998.0,825.0,1330,0.0,0.0,0.0,0.0,986.0,1974.0,2939.0,0.0,3395,0.0,580.0,0.0,4620,0.0,0.0,0.0,1100.0,42000,14132,723.0,0.0,14640.0,7850,0.0,0.0,2055.0,0.0
620,0.0,5913,510,0.0,0.0,1820.0,15100.0,0.0,0.0,340.0,2903.0,815.0,1324,0.0,0.0,0.0,0.0,990.0,2015.0,2842.0,0.0,3370,0.0,581.0,0.0,4640,0.0,0.0,0.0,1100.0,40400,14242,706.0,0.0,14720.0,7900,0.0,0.0,2125.0,0.0
620,0.0,5838,510,0.0,0.0,1800.0,15050.0,0.0,0.0,331.0,2948.0,805.0,1341,0.0,0.0,0.0,0.0,1010.0,1945.0,2882.0,0.0,3250,0.0,595.0,0.0,4544,0.0,0.0,0.0,1100.0,38600,14176,706.0,0.0,14900.0,7770,0.0,0.0,2080.0,0.0
605,0.0,5663,550,0.0,0.0,1760.0,14800.0,0.0,0.0,335.0,2998.0,830.0,1327,0.0,0.0,0.0,0.0,1010.0,1956.0,2935.0,0.0,3320,0.0,585.0,0.0,4340,0.0,0.0,0.0,1100.0,38700,14198,701.0,0.0,15200.0,7880,0.0,0.0,2100.0,0.0
600,0.0,5730,550,0.0,0.0,1730.0,14550.0,0.0,0.0,334.0,2998.0,830.0,1305,0.0,0.0,0.0,0.0,1030.0,1960.0,2992.0,0.0,3320,0.0,588.0,0.0,4440,0.0,0.0,0.0,1100.0,38940,14352,701.0,0.0,14760.0,7920,0.0,0.0,2075.0,0.0
590,0.0,5788,555,0.0,0.0,1650.0,14900.0,0.0,0.0,334.0,2938.0,840.0,1305,0.0,0.0,0.0,0.0,1020.0,1960.0,2988.0,0.0,3340,0.0,585.0,0.0,4412,0.0,0.0,0.0,1100.0,39500,14000,693.0,0.0,15000.0,7650,0.0,0.0,1990.0,0.0
570,0.0,5813,555,0.0,0.0,1685.0,14980.0,0.0,0.0,335.0,3098.0,840.0,1327,0.0,0.0,0.0,0.0,1020.0,1927.0,3062.0,0.0,3305,0.0,580.0,0.0,4340,0.0,0.0,0.0,1090.0,39400,13890,697.0,0.0,14880.0,7690,0.0,0.0,1970.0,0.0
570,0.0,5843,560,0.0,0.0,1685.0,15090.0,0.0,0.0,335.0,2998.0,820.0,1305,0.0,0.0,0.0,0.0,1010.0,1960.0,3133.0,0.0,3300,0.0,580.0,0.0,4360,0.0,0.0,0.0,1090.0,38780,13407,689.0,0.0,14800.0,7670,0.0,0.0,1980.0,0.0
570,0.0,5735,560,0.0,0.0,1690.0,14820.0,0.0,0.0,336.0,2858.0,822.0,1272,0.0,0.0,0.0,0.0,992.0,1945.0,3190.0,0.0,3360,0.0,585.0,0.0,4412,0.0,0.0,0.0,1100.0,37900,13824,685.0,0.0,14400.0,7710,0.0,0.0,2000.0,0.0
600,0.0,5683,560,0.0,0.0,1700.0,15000.0,0.0,0.0,340.0,2698.0,818.0,1254,0.0,0.0,0.0,0.0,1005.0,1985.0,3203.0,0.0,3375,0.0,599.0,0.0,4444,0.0,0.0,0.0,1080.0,35700,13758,697.0,0.0,14700.0,7870,0.0,0.0,1925.0,0.0
600,0.0,5400,560,0.0,0.0,1715.0,15070.0,0.0,0.0,342.0,2633.0,825.0,1268,0.0,0.0,0.0,0.0,1025.0,2011.0,3230.0,0.0,3415,0.0,596.0,0.0,4480,0.0,0.0,0.0,1080.0,34620,13978,710.0,0.0,14300.0,8000,0.0,0.0,1915.0,0.0
600,0.0,5093,560,0.0,0.0,1690.0,15300.0,0.0,0.0,354.0,2643.0,822.0,1319,0.0,0.0,0.0,0.0,1065.0,2051.0,3238.0,0.0,3470,0.0,570.0,0.0,4516,0.0,0.0,0.0,1100.0,34700,13495,714.0,0.0,14300.0,8050,0.0,0.0,1950.0,0.0
600,0.0,4938,550,0.0,0.0,1630.0,15150.0,0.0,0.0,360.0,2548.0,820.0,1274,0.0,0.0,0.0,0.0,1065.0,2051.0,3168.0,0.0,3510,0.0,561.0,0.0,4480,0.0,0.0,0.0,1100.0,34500,12747,701.0,0.0,14420.0,8030,0.0,0.0,1900.0,0.0
605,0.0,4808,535,0.0,0.0,1550.0,15000.0,0.0,0.0,361.0,2593.0,820.0,1323,0.0,0.0,0.0,0.0,1045.0,1985.0,3247.0,0.0,3460,0.0,565.0,0.0,4300,0.0,0.0,0.0,1080.0,35900,13011,708.0,0.0,14700.0,7810,0.0,0.0,1865.0,0.0
600,0.0,4988,535,0.0,0.0,1490.0,15100.0,0.0,0.0,365.0,2563.0,870.0,1327,0.0,0.0,0.0,0.0,1040.0,2062.0,3190.0,0.0,3430,0.0,565.0,0.0,4520,0.0,0.0,0.0,1080.0,36100,13495,712.0,0.0,15000.0,7600,0.0,0.0,1900.0,0.0
610,0.0,4995,535,0.0,0.0,1505.0,14800.0,0.0,0.0,367.0,2698.0,867.0,1358,0.0,0.0,0.0,0.0,1060.0,2059.0,3146.0,0.0,3500,0.0,570.0,0.0,4480,0.0,0.0,0.0,1080.0,36080,13165,720.0,0.0,15220.0,7560,0.0,0.0,1870.0,0.0
605,0.0,5038,535,0.0,0.0,1485.0,15100.0,0.0,0.0,369.0,2948.0,890.0,1364,0.0,0.0,0.0,0.0,1080.0,2081.0,3168.0,0.0,3560,0.0,562.0,0.0,4584,0.0,0.0,0.0,1080.0,35400,13231,727.0,0.0,15940.0,7500,0.0,0.0,1915.0,0.0
615,0.0,5025,550,0.0,0.0,1495.0,14600.0,0.0,0.0,367.0,2973.0,925.0,1399,0.0,0.0,0.0,0.0,1065.0,2095.0,3181.0,0.0,3590,0.0,570.0,0.0,4772,0.0,0.0,0.0,1080.0,34500,12967,718.0,0.0,15720.0,7360,0.0,0.0,1885.0,0.0
610,0.0,4825,550,0.0,0.0,1495.0,14750.0,0.0,0.0,355.0,2998.0,920.0,1403,0.0,0.0,0.0,0.0,1075.0,2088.0,3309.0,0.0,3580,0.0,585.0,0.0,4900,0.0,0.0,0.0,1080.0,35400,13516,723.0,0.0,15600.0,7600,0.0,0.0,1880.0,0.0
610,0.0,4928,550,0.0,0.0,1530.0,14900.0,0.0,0.0,356.0,3023.0,910.0,1403,0.0,0.0,0.0,0.0,1090.0,2114.0,3353.0,0.0,3540,0.0,580.0,0.0,4856,0.0,0.0,0.0,1080.0,36200,12967,722.0,0.0,16000.0,7610,0.0,0.0,1835.0,0.0
600,0.0,5025,550,0.0,0.0,1555.0,15050.0,0.0,0.0,355.0,3078.0,910.0,1403,0.0,0.0,0.0,0.0,1090.0,2143.0,3256.0,0.0,3505,0.0,571.0,0.0,4816,0.0,0.0,0.0,1080.0,35960,12967,719.0,0.0,16400.0,7610,0.0,0.0,1830.0,0.0
610,0.0,5030,550,0.0,0.0,1525.0,15240.0,0.0,0.0,355.0,3153.0,911.0,1406,0.0,0.0,0.0,0.0,1100.0,2128.0,3190.0,0.0,3505,0.0,571.0,0.0,4744,0.0,0.0,0.0,1085.0,35900,13077,732.0,0.0,16340.0,7450,0.0,0.0,1840.0,0.0
595,0.0,5043,550,0.0,0.0,1530.0,15250.0,0.0,0.0,360.0,3198.0,946.0,1414,0.0,0.0,0.0,0.0,1110.0,2117.0,3186.0,0.0,3510,0.0,580.0,0.0,4780,0.0,0.0,0.0,1085.0,35000,13143,740.0,0.0,16500.0,7360,0.0,0.0,1850.0,0.0
595,0.0,4963,550,0.0,0.0,1530.0,14750.0,0.0,0.0,355.0,3273.0,980.0,1397,0.0,0.0,0.0,0.0,1105.0,2132.0,3089.0,0.0,3430,0.0,580.0,0.0,4800,0.0,0.0,0.0,1085.0,34700,13341,731.0,0.0,16000.0,7310,0.0,0.0,1830.0,0.0
600,0.0,4950,550,0.0,0.0,1540.0,14850.0,0.0,0.0,356.0,3008.0,970.0,1348,0.0,0.0,0.0,0.0,1080.0,2121.0,2983.0,0.0,3450,0.0,565.0,0.0,4840,0.0,0.0,0.0,1095.0,34000,13253,718.0,0.0,15800.0,7000,0.0,0.0,1865.0,0.0
600,0.0,4900,550,0.0,0.0,1525.0,14500.0,0.0,0.0,355.0,3008.0,950.0,1347,0.0,0.0,0.0,0.0,1065.0,2125.0,2930.0,0.0,3375,0.0,580.0,0.0,4700,0.0,0.0,0.0,1095.0,33020,13253,714.0,0.0,16000.0,6800,0.0,0.0,1810.0,0.0
600,0.0,4913,575,0.0,0.0,1530.0,14300.0,0.0,0.0,345.0,2953.0,955.0,1341,0.0,0.0,0.0,0.0,1090.0,2073.0,2860.0,0.0,3450,0.0,570.0,0.0,4720,0.0,0.0,0.0,1090.0,32020,12879,711.0,0.0,14900.0,6760,0.0,0.0,1725.0,0.0
600,0.0,4885,575,0.0,0.0,1530.0,14050.0,0.0,0.0,350.0,2908.0,1005.0,1347,0.0,0.0,0.0,0.0,1070.0,2051.0,2860.0,0.0,3475,0.0,575.0,0.0,4620,0.0,0.0,0.0,1090.0,32560,12725,718.0,0.0,14560.0,6860,0.0,0.0,1685.0,0.0
600,0.0,4900,500,0.0,0.0,1490.0,14150.0,0.0,0.0,350.0,2948.0,1000.0,1352,0.0,0.0,0.0,0.0,1090.0,2051.0,2926.0,0.0,3400,0.0,584.0,0.0,4604,0.0,0.0,0.0,1095.0,32700,12505,722.0,0.0,14800.0,7000,0.0,0.0,1680.0,0.0
605,0.0,4988,500,0.0,0.0,1480.0,14220.0,0.0,0.0,350.0,2898.0,965.0,1357,0.0,0.0,0.0,0.0,1070.0,2051.0,2974.0,0.0,3445,0.0,580.0,0.0,4612,0.0,0.0,0.0,1105.0,32600,12681,718.0,0.0,14960.0,6950,0.0,0.0,1740.0,0.0
611,0.0,4980,500,0.0,0.0,1475.0,14650.0,0.0,0.0,360.0,2953.0,960.0,1375,0.0,0.0,0.0,0.0,1050.0,2033.0,2979.0,0.0,3330,0.0,595.0,0.0,4500,0.0,0.0,0.0,1105.0,32700,12879,713.0,0.0,15000.0,7000,0.0,0.0,1690.0,0.0
640,0.0,5010,480,0.0,0.0,1480.0,15050.0,0.0,0.0,369.0,3098.0,920.0,1347,0.0,0.0,0.0,0.0,1060.0,2048.0,3010.0,0.0,3345,0.0,585.0,0.0,4428,0.0,0.0,0.0,1105.0,32660,13297,714.0,0.0,14860.0,6980,0.0,0.0,1740.0,0.0
650,0.0,5038,480,0.0,0.0,1480.0,15310.0,0.0,0.0,368.0,3063.0,925.0,1335,0.0,0.0,0.0,0.0,1060.0,2066.0,3036.0,0.0,3345,0.0,570.0,0.0,4396,0.0,0.0,0.0,1110.0,32400,13582,714.0,0.0,14620.0,7000,0.0,0.0,1840.0,0.0
645,0.0,4955,480,0.0,0.0,1475.0,15200.0,0.0,0.0,375.0,2988.0,920.0,1333,0.0,0.0,0.0,0.0,1065.0,2066.0,3001.0,0.0,3310,0.0,570.0,0.0,4420,0.0,0.0,0.0,1100.0,29800,13604,710.0,0.0,14380.0,7130,0.0,0.0,1780.0,0.0
650,0.0,4663,475,0.0,0.0,1485.0,15150.0,0.0,0.0,372.0,2938.0,920.0,1310,0.0,0.0,0.0,0.0,1055.0,2018.0,3045.0,0.0,3300,0.0,575.0,0.0,4280,0.0,0.0,0.0,1110.0,27300,12901,704.0,0.0,14700.0,7020,0.0,0.0,1740.0,0.0
650,0.0,4335,475,0.0,0.0,1500.0,15050.0,0.0,0.0,375.0,2888.0,925.0,1341,0.0,0.0,0.0,0.0,1070.0,2022.0,3159.0,0.0,3270,0.0,566.0,0.0,4180,0.0,0.0,0.0,1100.0,30200,12549,714.0,0.0,14460.0,6580,0.0,0.0,1725.0,0.0
650,0.0,4663,475,0.0,0.0,1500.0,15000.0,0.0,0.0,375.0,2808.0,900.0,1319,0.0,0.0,0.0,0.0,1055.0,2070.0,3098.0,0.0,3300,0.0,545.0,0.0,4300,0.0,0.0,0.0,1120.0,29820,12593,712.0,0.0,14700.0,6640,0.0,0.0,1800.0,0.0
655,0.0,4578,500,0.0,0.0,1450.0,15150.0,0.0,0.0,385.0,2848.0,880.0,1347,0.0,0.0,0.0,0.0,1065.0,2070.0,3076.0,0.0,3300,0.0,540.0,0.0,4140,0.0,0.0,0.0,1115.0,27900,12352,721.0,0.0,14620.0,6580,0.0,0.0,1790.0,0.0
685,0.0,4338,500,0.0,0.0,1390.0,15670.0,0.0,0.0,380.0,2858.0,870.0,1333,0.0,0.0,0.0,0.0,1060.0,2070.0,3010.0,0.0,3335,0.0,550.0,0.0,4140,0.0,0.0,0.0,1120.0,26080,12330,720.0,0.0,14600.0,6790,0.0,0.0,1775.0,0.0
675,0.0,4250,450,0.0,0.0,1410.0,15620.0,0.0,0.0,364.0,2868.0,875.0,1324,0.0,0.0,0.0,0.0,1060.0,2099.0,3067.0,0.0,3320,0.0,565.0,0.0,4084,0.0,0.0,0.0,1115.0,26100,12088,723.0,0.0,14500.0,6680,0.0,0.0,1745.0,0.0
655,0.0,4350,500,0.0,0.0,1390.0,15300.0,0.0,0.0,358.0,2773.0,870.0,1310,0.0,0.0,0.0,0.0,1060.0,2125.0,2930.0,0.0,3350,0.0,560.0,0.0,4192,0.0,0.0,0.0,1120.0,26360,11319,723.0,0.0,14520.0,6500,0.0,0.0,1735.0,0.0
657,0.0,4413,500,0.0,0.0,1325.0,15300.0,0.0,0.0,358.0,2808.0,890.0,1302,0.0,0.0,0.0,0.0,1055.0,2088.0,2930.0,0.0,3320,0.0,584.0,0.0,4200,0.0,0.0,0.0,1120.0,26900,11407,711.0,0.0,14600.0,6600,0.0,0.0,1620.0,0.0
640,0.0,4538,500,0.0,0.0,1280.0,15400.0,0.0,0.0,365.0,2898.0,885.0,1321,0.0,0.0,0.0,0.0,1050.0,2132.0,2961.0,0.0,3300,0.0,560.0,0.0,4100,0.0,0.0,0.0,1120.0,27300,11714,714.0,0.0,14560.0,6550,0.0,0.0,1450.0,0.0
650,0.0,4575,500,0.0,0.0,1290.0,14800.0,0.0,0.0,375.0,2778.0,895.0,1347,0.0,0.0,0.0,0.0,1070.0,2176.0,2966.0,0.0,3350,0.0,550.0,0.0,4160,0.0,0.0,0.0,1120.0,26800,11780,722.0,0.0,14160.0,6600,0.0,0.0,1470.0,0.0
650,0.0,4425,525,0.0,0.0,1310.0,14400.0,0.0,0.0,375.0,2698.0,894.0,1340,0.0,0.0,0.0,0.0,1090.0,2143.0,2948.0,0.0,3400,0.0,570.0,0.0,4060,0.0,0.0,0.0,1120.0,28000,11868,727.0,0.0,14380.0,6650,0.0,0.0,1400.0,0.0
650,0.0,4500,525,0.0,0.0,1320.0,14990.0,0.0,0.0,375.0,2693.0,908.0,1362,0.0,0.0,0.0,0.0,1145.0,2191.0,3014.0,0.0,3490,0.0,570.0,0.0,4020,0.0,0.0,0.0,1120.0,29400,12132,764.0,0.0,14840.0,6820,0.0,0.0,1460.0,0.0
641,0.0,4690,525,0.0,0.0,1360.0,14850.0,0.0,0.0,394.0,2663.0,945.0,1364,0.0,0.0,0.0,0.0,1145.0,2253.0,3062.0,0.0,3545,0.0,570.0,0.0,4056,0.0,0.0,0.0,1120.0,30000,12484,762.0,0.0,14720.0,7000,0.0,0.0,1585.0,0.0
650,0.0,4650,525,0.0,0.0,1300.0,14940.0,0.0,0.0,395.0,2598.0,912.0,1358,0.0,0.0,0.0,0.0,1135.0,2231.0,3018.0,0.0,3485,0.0,575.0,0.0,3980,0.0,0.0,0.0,1120.0,28800,12198,750.0,0.0,14940.0,7050,0.0,0.0,1590.0,0.0
650,0.0,4575,525,0.0,0.0,1360.0,15000.0,0.0,0.0,410.0,2568.0,910.0,1337,0.0,0.0,0.0,0.0,1085.0,2180.0,3040.0,0.0,3420,0.0,570.0,0.0,3824,0.0,0.0,0.0,1115.0,26780,12286,749.0,0.0,15040.0,6880,0.0,0.0,1560.0,0.0
650,0.0,4350,525,0.0,0.0,1390.0,15250.0,0.0,0.0,405.0,2498.0,918.0,1277,0.0,0.0,0.0,0.0,1050.0,2143.0,3142.0,0.0,3375,0.0,571.0,0.0,3800,0.0,0.0,0.0,1125.0,26100,11802,746.0,0.0,14440.0,6840,0.0,0.0,1520.0,0.0
635,0.0,4135,525,0.0,0.0,1415.0,15250.0,0.0,0.0,405.0,2498.0,904.0,1277,0.0,0.0,0.0,0.0,1050.0,2143.0,3142.0,0.0,3415,0.0,571.0,0.0,3764,0.0,0.0,0.0,1120.0,26100,11560,746.0,0.0,14340.0,6770,0.0,0.0,1495.0,0.0
625,0.0,4135,525,0.0,0.0,1420.0,15000.0,0.0,0.0,405.0,2453.0,918.0,1277,0.0,0.0,0.0,0.0,1045.0,2143.0,3335.0,0.0,3415,0.0,576.0,0.0,3764,0.0,0.0,0.0,1115.0,26140,11560,748.0,0.0,14380.0,6770,0.0,0.0,1495.0,0.0
625,0.0,4125,525,0.0,0.0,1370.0,14850.0,0.0,0.0,399.0,2478.0,913.0,1246,0.0,0.0,0.0,0.0,1045.0,2161.0,3309.0,0.0,3350,0.0,570.0,0.0,3740,0.0,0.0,0.0,1115.0,26740,11473,748.0,0.0,14000.0,6840,0.0,0.0,1470.0,0.0
610,0.0,4125,530,0.0,0.0,1315.0,14850.0,0.0,0.0,395.0,2598.0,900.0,1279,0.0,0.0,0.0,0.0,1065.0,2143.0,3256.0,0.0,3370,0.0,571.0,0.0,3760,0.0,0.0,0.0,1100.0,26920,11648,752.0,0.0,14000.0,7050,0.0,0.0,1510.0,0.0
600,0.0,4113,530,0.0,0.0,1315.0,15250.0,0.0,0.0,391.0,2533.0,900.0,1334,0.0,0.0,0.0,0.0,1070.0,2183.0,3212.0,0.0,3430,0.0,572.0,0.0,3920,0.0,0.0,0.0,1110.0,26720,11670,752.0,0.0,14000.0,7220,0.0,0.0,1550.0,0.0
610,0.0,4025,550,0.0,0.0,1310.0,15100.0,0.0,0.0,390.0,2583.0,890.0,1334,0.0,0.0,0.0,0.0,1055.0,2161.0,3124.0,0.0,3445,0.0,570.0,0.0,3940,0.0,0.0,0.0,1110.0,27400,11758,748.0,0.0,14200.0,7480,0.0,0.0,1520.0,0.0
610,0.0,4125,545,0.0,0.0,1330.0,14980.0,0.0,0.0,391.0,2598.0,901.0,1347,0.0,0.0,0.0,0.0,1060.0,2212.0,3216.0,0.0,3460,0.0,570.0,0.0,3920,0.0,0.0,0.0,1115.0,28000,11868,736.0,0.0,14600.0,7530,0.0,0.0,1480.0,0.0
606,0.0,4188,520,0.0,0.0,1335.0,14900.0,0.0,0.0,400.0,2528.0,917.0,1333,0.0,0.0,0.0,0.0,1045.0,2191.0,3177.0,0.0,3500,0.0,560.0,0.0,3984,0.0,0.0,0.0,1115.0,28900,11824,728.0,0.0,14540.0,7400,0.0,0.0,1465.0,0.0
611,0.0,4213,520,0.0,0.0,1320.0,14750.0,0.0,0.0,395.0,2598.0,910.0,1319,0.0,0.0,0.0,0.0,1045.0,2176.0,3190.0,0.0,3490,0.0,564.0,0.0,3940,0.0,0.0,0.0,1110.0,29600,11802,734.0,0.0,14620.0,7390,0.0,0.0,1415.0,0.0
625,0.0,4325,520,0.0,0.0,1340.0,14800.0,0.0,0.0,395.0,2603.0,920.0,1319,0.0,0.0,0.0,0.0,1050.0,2223.0,3234.0,0.0,3460,0.0,600.0,0.0,3940,0.0,0.0,0.0,1110.0,30200,11802,734.0,0.0,14660.0,7320,0.0,0.0,1430.0,0.0
630,0.0,4623,475,0.0,0.0,1340.0,14550.0,0.0,0.0,395.0,2648.0,920.0,1305,0.0,0.0,0.0,0.0,1025.0,2183.0,3194.0,0.0,3440,0.0,610.0,0.0,3952,0.0,0.0,0.0,1105.0,31160,12396,734.0,0.0,14500.0,7570,0.0,0.0,1440.0,0.0
665,0.0,4653,475,0.0,0.0,1210.0,14540.0,0.0,0.0,410.0,2738.0,914.0,1324,0.0,0.0,0.0,0.0,1040.0,2180.0,3168.0,0.0,3420,0.0,623.0,0.0,3944,0.0,0.0,0.0,1100.0,32000,12681,731.0,0.0,14520.0,7520,0.0,0.0,1395.0,0.0
670,0.0,4685,475,0.0,0.0,1205.0,15100.0,0.0,0.0,410.0,2818.0,915.0,1335,0.0,0.0,0.0,0.0,1050.0,2212.0,3137.0,0.0,3430,0.0,645.0,0.0,4040,0.0,0.0,0.0,1105.0,32780,13033,735.0,0.0,14540.0,7480,0.0,0.0,1390.0,0.0
650,0.0,4750,500,0.0,0.0,1280.0,15160.0,0.0,0.0,416.0,2798.0,915.0,1349,0.0,0.0,0.0,0.0,1045.0,2198.0,3142.0,0.0,3450,0.0,640.0,0.0,4120,0.0,0.0,0.0,1100.0,33000,13495,731.0,0.0,14520.0,7720,0.0,0.0,1460.0,0.0
690,0.0,4750,500,0.0,0.0,1280.0,14850.0,0.0,0.0,415.0,2708.0,916.0,1337,0.0,0.0,0.0,0.0,1050.0,2253.0,3199.0,0.0,3420,0.0,610.0,0.0,4144,0.0,0.0,0.0,1100.0,32700,13385,729.0,0.0,14700.0,7650,0.0,0.0,1500.0,0.0
700,0.0,4725,500,0.0,0.0,1330.0,15020.0,0.0,0.0,412.0,2648.0,915.0,1326,0.0,0.0,0.0,0.0,1050.0,2220.0,3164.0,0.0,3365,0.0,620.0,0.0,4084,0.0,0.0,0.0,1105.0,32240,13407,727.0,0.0,14880.0,7610,0.0,0.0,1520.0,0.0
700,0.0,4588,500,0.0,0.0,1360.0,14950.0,0.0,0.0,404.0,2658.0,915.0,1345,0.0,0.0,0.0,0.0,1070.0,2198.0,3186.0,0.0,3360,0.0,615.0,0.0,4012,0.0,0.0,0.0,1105.0,32500,13275,725.0,0.0,14880.0,7670,0.0,0.0,1500.0,0.0
670,0.0,4575,500,0.0,0.0,1350.0,14950.0,0.0,0.0,391.0,2653.0,915.0,1335,0.0,0.0,0.0,0.0,1040.0,2187.0,3234.0,0.0,3415,0.0,611.0,0.0,4000,0.0,0.0,0.0,1130.0,32300,13363,720.0,0.0,14800.0,7820,0.0,0.0,1460.0,0.0
670,0.0,4563,500,0.0,0.0,1320.0,14900.0,0.0,0.0,394.0,2658.0,909.0,1330,0.0,0.0,0.0,0.0,1040.0,2209.0,3194.0,0.0,3325,0.0,619.0,0.0,4000,0.0,0.0,0.0,1130.0,32300,12901,721.0,0.0,14760.0,7800,0.0,0.0,1475.0,0.0
694,0.0,4575,525,0.0,0.0,1320.0,14850.0,0.0,0.0,396.0,2588.0,900.0,1330,0.0,0.0,0.0,0.0,1030.0,2282.0,3076.0,0.0,3330,0.0,617.0,0.0,4032,0.0,0.0,0.0,1125.0,32800,12769,721.0,0.0,14720.0,7870,0.0,0.0,1490.0,0.0
700,0.0,4618,525,0.0,0.0,1300.0,14900.0,0.0,0.0,400.0,2398.0,909.0,1319,0.0,0.0,0.0,0.0,1025.0,2289.0,3023.0,0.0,3310,0.0,623.0,0.0,4012,0.0,0.0,0.0,1130.0,32800,13187,719.0,0.0,14660.0,7960,0.0,0.0,1480.0,0.0
700,0.0,4640,525,0.0,0.0,1300.0,14750.0,0.0,0.0,398.0,2313.0,900.0,1288,0.0,0.0,0.0,0.0,1025.0,2264.0,2992.0,0.0,3290,0.0,620.0,0.0,3992,0.0,0.0,0.0,1130.0,32620,12901,718.0,0.0,14640.0,8290,0.0,0.0,1445.0,0.0
730,0.0,4670,525,0.0,0.0,1325.0,13800.0,0.0,0.0,392.0,2298.0,900.0,1281,0.0,0.0,0.0,0.0,1015.0,2253.0,2966.0,0.0,3290,0.0,615.0,0.0,3940,0.0,0.0,0.0,1130.0,32560,12308,710.0,0.0,14660.0,8130,0.0,0.0,1435.0,0.0
735,0.0,4373,525,0.0,0.0,1300.0,13500.0,0.0,0.0,382.0,2273.0,878.0,1122,0.0,0.0,0.0,0.0,976.0,2238.0,3300.0,0.0,3305,0.0,600.0,0.0,3820,0.0,0.0,0.0,1130.0,31700,12044,667.0,0.0,14600.0,8260,0.0,0.0,1450.0,0.0
715,0.0,4288,485,0.0,0.0,1270.0,13450.0,0.0,0.0,380.0,2029.0,875.0,1192,0.0,0.0,0.0,0.0,935.0,2202.0,3256.0,0.0,3200,0.0,570.0,0.0,3592,0.0,0.0,0.0,1135.0,31400,11868,640.0,0.0,14640.0,8830,0.0,0.0,1350.0,0.0
710,0.0,4020,485,0.0,0.0,1260.0,13500.0,0.0,0.0,375.0,2124.0,890.0,1229,0.0,0.0,0.0,0.0,925.0,2139.0,3168.0,0.0,2980,0.0,585.0,0.0,3204,0.0,0.0,0.0,1140.0,31900,11121,647.0,0.0,14600.0,8170,0.0,0.0,1300.0,0.0
669,0.0,4188,485,0.0,0.0,1250.0,14750.0,0.0,0.0,371.0,1979.0,900.0,1195,0.0,0.0,0.0,0.0,910.0,2227.0,3353.0,0.0,3020,0.0,600.0,0.0,3680,0.0,0.0,0.0,1140.0,32100,11385,629.0,0.0,13900.0,8330,0.0,0.0,1300.0,0.0
695,0.0,4400,450,0.0,0.0,1230.0,14130.0,0.0,0.0,372.0,1869.0,900.0,1192,0.0,0.0,0.0,0.0,905.0,2242.0,3375.0,0.0,2950,0.0,600.0,0.0,3640,0.0,0.0,0.0,1120.0,31700,10769,633.0,0.0,13340.0,8450,0.0,0.0,1300.0,0.0
680,0.0,4208,455,0.0,0.0,1170.0,13950.0,0.0,0.0,368.0,1649.0,843.0,1199,0.0,0.0,0.0,0.0,890.0,2234.0,3309.0,0.0,2845,0.0,600.0,0.0,3580,0.0,0.0,0.0,1080.0,31300,10505,621.0,0.0,13520.0,8270,0.0,0.0,1305.0,0.0
646,0.0,4188,450,0.0,0.0,1190.0,14350.0,0.0,0.0,360.0,1649.0,862.0,1192,0.0,0.0,0.0,0.0,890.0,2216.0,3216.0,0.0,2840,0.0,610.0,0.0,3408,0.0,0.0,0.0,1040.0,31400,10440,608.0,0.0,13000.0,7900,0.0,0.0,1320.0,0.0
651,0.0,4228,475,0.0,0.0,1160.0,14500.0,0.0,0.0,365.0,1489.0,821.0,1150,0.0,0.0,0.0,0.0,854.0,2198.0,3150.0,0.0,2900,0.0,610.0,0.0,3452,0.0,0.0,0.0,1050.0,30660,10703,582.0,0.0,13020.0,7650,0.0,0.0,1335.0,0.0
665,0.0,4050,475,0.0,0.0,1200.0,14180.0,0.0,0.0,363.0,1469.0,775.0,1124,0.0,0.0,0.0,0.0,830.0,2077.0,3335.0,0.0,2800,0.0,585.0,0.0,3240,0.0,0.0,0.0,1050.0,29600,9901,575.0,0.0,12640.0,7550,0.0,0.0,1285.0,0.0
650,0.0,3900,460,0.0,0.0,1215.0,14100.0,0.0,0.0,351.0,1469.0,780.0,1124,0.0,0.0,0.0,0.0,830.0,1982.0,3335.0,0.0,2755,0.0,585.0,0.0,3080,0.0,0.0,0.0,1045.0,29600,9659,575.0,0.0,12660.0,7050,0.0,0.0,1215.0,0.0
625,0.0,3900,450,0.0,0.0,1230.0,14050.0,0.0,0.0,351.0,1459.0,780.0,1145,0.0,0.0,0.0,0.0,898.0,1982.0,3190.0,0.0,2755,0.0,600.0,0.0,3080,0.0,0.0,0.0,1050.0,30100,9659,633.0,0.0,12340.0,7050,0.0,0.0,1215.0,0.0
625,0.0,3875,450,0.0,0.0,1230.0,14400.0,0.0,0.0,360.0,1474.0,770.0,1150,0.0,0.0,0.0,0.0,930.0,2059.0,3265.0,0.0,2960,0.0,605.0,0.0,3228,0.0,0.0,0.0,1050.0,30080,10835,646.0,0.0,12240.0,7300,0.0,0.0,1265.0,0.0
625,0.0,3875,465,0.0,0.0,1160.0,14400.0,0.0,0.0,362.0,1474.0,700.0,1195,0.0,0.0,0.0,0.0,912.0,2121.0,3441.0,0.0,3060,0.0,600.0,0.0,3304,0.0,0.0,0.0,1025.0,30600,11319,633.0,0.0,12240.0,7050,0.0,0.0,1300.0,0.0
615,0.0,3975,465,0.0,0.0,1160.0,13850.0,0.0,0.0,363.0,1469.0,700.0,1205,0.0,0.0,0.0,0.0,939.0,2165.0,3582.0,0.0,3035,0.0,620.0,0.0,3224,0.0,0.0,0.0,1015.0,30000,11429,633.0,0.0,12600.0,7190,0.0,0.0,1320.0,0.0
613,0.0,3975,475,0.0,0.0,1160.0,14150.0,0.0,0.0,372.0,1469.0,737.0,1185,0.0,0.0,0.0,0.0,922.0,2180.0,3564.0,0.0,3090,0.0,613.0,0.0,3256,0.0,0.0,0.0,1015.0,29520,11802,622.0,0.0,13000.0,7360,0.0,0.0,1325.0,0.0
650,0.0,3895,475,0.0,0.0,1180.0,14450.0,0.0,0.0,375.0,1419.0,760.0,1240,0.0,0.0,0.0,0.0,928.0,2191.0,3815.0,0.0,3155,0.0,610.0,0.0,3204,0.0,0.0,0.0,1025.0,28600,11978,640.0,0.0,13080.0,7400,0.0,0.0,1330.0,0.0
660,0.0,3718,475,0.0,0.0,1220.0,14600.0,0.0,0.0,372.0,1404.0,746.0,1212,0.0,0.0,0.0,0.0,950.0,2256.0,3872.0,0.0,3135,0.0,621.0,0.0,3204,0.0,0.0,0.0,1030.0,29600,11868,652.0,0.0,13200.0,7580,0.0,0.0,1385.0,0.0
650,0.0,3870,495,0.0,0.0,1200.0,14200.0,0.0,0.0,375.0,1469.0,745.0,1257,0.0,0.0,0.0,0.0,995.0,2264.0,3863.0,0.0,3050,0.0,640.0,0.0,3180,0.0,0.0,0.0,1030.0,30500,11978,684.0,0.0,12900.0,7610,0.0,0.0,1390.0,0.0
620,0.0,4015,500,0.0,0.0,1190.0,15400.0,0.0,0.0,390.0,1479.0,760.0,1243,0.0,0.0,0.0,0.0,995.0,2315.0,3916.0,0.0,3120,0.0,635.0,0.0,3300,0.0,0.0,0.0,1030.0,31120,12945,689.0,0.0,13060.0,7750,0.0,0.0,1430.0,0.0
625,0.0,3900,500,0.0,0.0,1100.0,15350.0,0.0,0.0,385.0,1474.0,770.0,1251,0.0,0.0,0.0,0.0,985.0,2253.0,4039.0,0.0,3075,0.0,650.0,0.0,3332,0.0,0.0,0.0,1030.0,31120,12571,695.0,0.0,13020.0,7920,0.0,0.0,1445.0,0.0
630,0.0,3975,500,0.0,0.0,1135.0,15650.0,0.0,0.0,385.0,1499.0,800.0,1240,0.0,0.0,0.0,0.0,985.0,2256.0,3929.0,0.0,3090,0.0,650.0,0.0,3340,0.0,0.0,0.0,1050.0,32420,12857,694.0,0.0,13620.0,7950,0.0,0.0,1450.0,0.0
625,0.0,4063,485,0.0,0.0,1150.0,15440.0,0.0,0.0,390.0,1679.0,845.0,1223,0.0,0.0,0.0,0.0,980.0,2289.0,3828.0,0.0,3120,0.0,650.0,0.0,3096,0.0,0.0,0.0,1030.0,32000,12593,688.0,0.0,13540.0,8000,0.0,0.0,1440.0,0.0
625,0.0,4113,485,0.0,0.0,1150.0,15900.0,0.0,0.0,390.0,1739.0,840.0,1236,0.0,0.0,0.0,0.0,1020.0,2264.0,3656.0,0.0,3100,0.0,665.0,0.0,3076,0.0,0.0,0.0,1050.0,32300,12484,695.0,0.0,13900.0,8020,0.0,0.0,1455.0,0.0
650,0.0,4150,485,0.0,0.0,1120.0,15670.0,0.0,0.0,386.0,1599.0,827.0,1229,0.0,0.0,0.0,0.0,1000.0,2256.0,3652.0,0.0,3160,0.0,670.0,0.0,3080,0.0,0.0,0.0,1035.0,32900,12857,691.0,0.0,14000.0,8370,0.0,0.0,1475.0,0.0
626,0.0,4113,485,0.0,0.0,1130.0,15490.0,0.0,0.0,360.0,1519.0,845.0,1248,0.0,0.0,0.0,0.0,975.0,2216.0,3696.0,0.0,3130,0.0,674.0,0.0,3020,0.0,0.0,0.0,1030.0,32300,13055,681.0,0.0,13600.0,8260,0.0,0.0,1500.0,0.0
615,0.0,4100,485,0.0,0.0,1130.0,15040.0,0.0,0.0,370.0,1589.0,840.0,1234,0.0,0.0,0.0,0.0,995.0,2220.0,3766.0,0.0,3100,0.0,672.0,0.0,3020,0.0,0.0,0.0,1030.0,32800,12747,678.0,0.0,13720.0,8210,0.0,0.0,1470.0,0.0
615,0.0,4210,475,0.0,0.0,1150.0,14800.0,0.0,0.0,375.0,1719.0,850.0,1265,0.0,0.0,0.0,0.0,975.0,2271.0,3828.0,0.0,3140,0.0,671.0,0.0,3136,0.0,0.0,0.0,1030.0,32800,13385,671.0,0.0,13700.0,8400,0.0,0.0,1505.0,0.0
625,0.0,4125,485,0.0,0.0,1165.0,14980.0,0.0,0.0,383.0,1669.0,845.0,1225,0.0,0.0,0.0,0.0,945.0,2220.0,3894.0,0.0,3100,0.0,660.0,0.0,3164,0.0,0.0,0.0,1050.0,31600,13582,661.0,0.0,13560.0,8200,0.0,0.0,1525.0,0.0
625,0.0,3988,485,0.0,0.0,1140.0,15350.0,0.0,0.0,382.0,1624.0,760.0,1268,0.0,0.0,0.0,0.0,924.0,2220.0,3766.0,0.0,3040,0.0,670.0,0.0,3160,0.0,0.0,0.0,1040.0,30900,13099,667.0,0.0,13900.0,7970,0.0,0.0,1495.0,0.0
635,0.0,3875,475,0.0,0.0,1130.0,15450.0,0.0,0.0,382.0,1619.0,705.0,1265,0.0,0.0,0.0,0.0,915.0,2253.0,3780.0,0.0,2960,0.0,670.0,0.0,3160,0.0,0.0,0.0,1055.0,30600,13099,672.0,0.0,14020.0,8000,0.0,0.0,1525.0,0.0
630,0.0,3888,480,0.0,0.0,1100.0,15350.0,0.0,0.0,378.0,1619.0,742.0,1234,0.0,0.0,0.0,0.0,915.0,2253.0,3731.0,0.0,2975,0.0,670.0,0.0,3220,0.0,0.0,0.0,1070.0,31000,13538,650.0,0.0,13800.0,8090,0.0,0.0,1535.0,0.0
635,0.0,3913,485,0.0,0.0,1060.0,14800.0,0.0,0.0,380.0,1654.0,750.0,1232,0.0,0.0,0.0,0.0,906.0,2256.0,3714.0,0.0,2950,0.0,665.0,0.0,3332,0.0,0.0,0.0,1095.0,30700,13582,660.0,0.0,13760.0,8250,0.0,0.0,1510.0,0.0
640,0.0,3910,485,0.0,0.0,1070.0,14850.0,0.0,0.0,373.0,1624.0,745.0,1237,0.0,0.0,0.0,0.0,920.0,2249.0,3793.0,0.0,2950,0.0,670.0,0.0,3348,0.0,0.0,0.0,1100.0,30320,13560,655.0,0.0,13900.0,8220,0.0,0.0,1480.0,0.0
640,0.0,3905,485,0.0,0.0,1080.0,14900.0,0.0,0.0,361.0,1624.0,739.0,1237,0.0,0.0,0.0,0.0,910.0,2278.0,3810.0,0.0,3050,0.0,665.0,0.0,3364,0.0,0.0,0.0,1100.0,30700,13538,654.0,0.0,14000.0,8210,0.0,0.0,1505.0,0.0
640,0.0,3990,485,0.0,0.0,1075.0,15100.0,0.0,0.0,362.0,1679.0,710.0,1241,0.0,0.0,0.0,0.0,910.0,2308.0,3907.0,0.0,3080,0.0,670.0,0.0,3364,0.0,0.0,0.0,1100.0,31500,13560,651.0,0.0,13840.0,8300,0.0,0.0,1505.0,0.0
640,0.0,4158,485,0.0,0.0,1060.0,15200.0,0.0,0.0,365.0,1719.0,720.0,1241,0.0,0.0,0.0,0.0,900.0,2315.0,3925.0,0.0,3125,0.0,660.0,0.0,3200,0.0,0.0,0.0,1100.0,30800,13626,657.0,0.0,13800.0,8300,0.0,0.0,1515.0,0.0
640,0.0,4140,485,0.0,0.0,1080.0,15600.0,0.0,0.0,361.0,1809.0,735.0,1258,0.0,0.0,0.0,0.0,880.0,2278.0,3766.0,0.0,3070,0.0,670.0,0.0,3200,0.0,0.0,0.0,1100.0,30820,13143,651.0,0.0,13700.0,8180,0.0,0.0,1500.0,0.0
640,0.0,4195,485,0.0,0.0,1075.0,15620.0,0.0,0.0,370.0,1869.0,727.0,1277,0.0,0.0,0.0,0.0,909.0,2348.0,3854.0,0.0,3100,0.0,680.0,0.0,3192,0.0,0.0,0.0,1080.0,30900,13363,651.0,0.0,13700.0,8230,0.0,0.0,1495.0,0.0
640,0.0,4328,485,0.0,0.0,1095.0,15750.0,0.0,0.0,385.0,1874.0,735.0,1293,0.0,0.0,0.0,0.0,900.0,2381.0,3934.0,0.0,3120,0.0,665.0,0.0,3180,0.0,0.0,0.0,1050.0,31500,13582,663.0,0.0,13500.0,8340,0.0,0.0,1555.0,0.0
635,0.0,4600,485,0.0,0.0,1085.0,15910.0,0.0,0.0,380.0,1829.0,730.0,1319,0.0,0.0,0.0,0.0,899.0,2374.0,3978.0,0.0,3065,0.0,670.0,0.0,3184,0.0,0.0,0.0,1020.0,32000,13912,655.0,0.0,13440.0,8270,0.0,0.0,1615.0,0.0
635,0.0,4500,485,0.0,0.0,1070.0,15950.0,0.0,0.0,378.0,1779.0,740.0,1292,0.0,0.0,0.0,0.0,904.0,2377.0,4004.0,0.0,3060,0.0,664.0,0.0,3160,0.0,0.0,0.0,1010.0,31400,13846,658.0,0.0,13360.0,8380,0.0,0.0,1655.0,0.0
636,0.0,4355,485,0.0,0.0,1130.0,16000.0,0.0,0.0,380.0,1789.0,736.0,1313,0.0,0.0,0.0,0.0,914.0,2366.0,3872.0,0.0,3030,0.0,665.0,0.0,3124,0.0,0.0,0.0,1010.0,31600,13319,662.0,0.0,13200.0,8330,0.0,0.0,1635.0,0.0
637,0.0,4413,485,0.0,0.0,1160.0,16300.0,0.0,0.0,378.0,1819.0,737.0,1295,0.0,0.0,0.0,0.0,937.0,2381.0,3846.0,0.0,3040,0.0,666.0,0.0,3080,0.0,0.0,0.0,1020.0,31800,13626,660.0,0.0,13100.0,8320,0.0,0.0,1590.0,0.0
630,0.0,4438,500,0.0,0.0,1170.0,16250.0,0.0,0.0,378.0,1769.0,740.0,1305,0.0,0.0,0.0,0.0,916.0,2333.0,3758.0,0.0,3040,0.0,665.0,0.0,3060,0.0,0.0,0.0,1015.0,31320,13451,646.0,0.0,13300.0,8350,0.0,0.0,1630.0,0.0
627,0.0,4388,500,0.0,0.0,1110.0,16450.0,0.0,0.0,378.0,1784.0,740.0,1319,0.0,0.0,0.0,0.0,903.0,2308.0,3749.0,0.0,3005,0.0,670.0,0.0,3000,0.0,0.0,0.0,1020.0,31740,13868,643.0,0.0,13160.0,8460,0.0,0.0,1670.0,0.0
625,0.0,4515,515,0.0,0.0,1120.0,16720.0,0.0,0.0,378.0,1874.0,740.0,1317,0.0,0.0,0.0,0.0,913.0,2308.0,3771.0,0.0,2990,0.0,670.0,0.0,2912,0.0,0.0,0.0,1010.0,32700,14176,644.0,0.0,13080.0,8650,0.0,0.0,1710.0,0.0
670,0.0,4725,500,0.0,0.0,1150.0,16270.0,0.0,0.0,378.0,1949.0,745.0,1331,0.0,0.0,0.0,0.0,922.0,2333.0,3784.0,0.0,3050,0.0,675.0,0.0,2988,0.0,0.0,0.0,1005.0,33160,14681,651.0,0.0,12600.0,8760,0.0,0.0,1710.0,0.0
670,0.0,4985,485,0.0,0.0,1110.0,16570.0,0.0,0.0,385.0,1959.0,735.0,1330,0.0,0.0,0.0,0.0,926.0,2363.0,3898.0,0.0,3060,0.0,675.0,0.0,3020,0.0,0.0,0.0,1000.0,34400,15538,645.0,0.0,13100.0,8980,0.0,0.0,1760.0,0.0
680,0.0,5013,500,0.0,0.0,1100.0,16740.0,0.0,0.0,390.0,2069.0,725.0,1347,0.0,0.0,0.0,0.0,946.0,2352.0,3872.0,0.0,3000,0.0,680.0,0.0,3160,0.0,0.0,0.0,1000.0,35020,16330,655.0,0.0,13000.0,8650,0.0,0.0,1835.0,0.0
690,0.0,4950,500,0.0,0.0,1130.0,17250.0,0.0,0.0,392.0,2219.0,716.0,1319,0.0,0.0,0.0,0.0,965.0,2341.0,3863.0,0.0,3050,0.0,690.0,0.0,3368,0.0,0.0,0.0,1000.0,36160,15275,677.0,0.0,12860.0,7930,0.0,0.0,1890.0,0.0
700,0.0,5108,500,0.0,0.0,1200.0,16900.0,0.0,0.0,400.0,2199.0,724.0,1313,0.0,0.0,0.0,0.0,960.0,2344.0,3828.0,0.0,3100,0.0,680.0,0.0,3408,0.0,0.0,0.0,1000.0,36080,15670,655.0,0.0,12500.0,7880,0.0,0.0,2040.0,0.0
710,0.0,5205,515,0.0,0.0,1260.0,17400.0,0.0,0.0,401.0,2169.0,720.0,1310,0.0,0.0,0.0,0.0,955.0,2297.0,3916.0,0.0,3130,0.0,680.0,0.0,3400,0.0,0.0,0.0,1005.0,35520,16000,649.0,0.0,12800.0,7840,0.0,0.0,1820.0,0.0
704,0.0,5250,515,0.0,0.0,1310.0,17250.0,0.0,0.0,397.0,2099.0,729.0,1288,0.0,0.0,0.0,0.0,940.0,2293.0,3916.0,0.0,3060,0.0,680.0,0.0,3320,0.0,0.0,0.0,1050.0,35600,16220,642.0,0.0,13000.0,8050,0.0,0.0,1705.0,0.0
700,0.0,5300,515,0.0,0.0,1390.0,16830.0,0.0,0.0,383.0,2084.0,755.0,1305,0.0,0.0,0.0,0.0,927.0,2311.0,4004.0,0.0,3045,0.0,675.0,0.0,3500,0.0,0.0,0.0,1060.0,35400,15868,633.0,0.0,12900.0,8100,0.0,0.0,1650.0,0.0
700,0.0,5235,515,0.0,0.0,1360.0,17120.0,0.0,0.0,385.0,2159.0,775.0,1348,0.0,0.0,0.0,0.0,930.0,2363.0,4101.0,0.0,3040,0.0,677.0,0.0,3520,0.0,0.0,0.0,1050.0,35880,15956,642.0,0.0,12600.0,7990,0.0,0.0,1650.0,0.0
700,0.0,5258,515,0.0,0.0,1340.0,17250.0,0.0,1163.0,387.0,2089.0,782.0,1349,0.0,0.0,0.0,0.0,935.0,2385.0,4066.0,0.0,3070,0.0,671.0,0.0,3632,0.0,0.0,0.0,1045.0,35080,16286,633.0,0.0,12300.0,7950,0.0,0.0,1700.0,0.0
700,0.0,5063,510,0.0,0.0,1350.0,16850.0,0.0,1113.0,385.0,2099.0,775.0,1337,0.0,0.0,0.0,0.0,937.0,2374.0,4092.0,0.0,2980,0.0,670.0,0.0,3520,0.0,0.0,0.0,1045.0,34420,16418,608.0,0.0,13000.0,8050,0.0,0.0,1650.0,0.0
690,0.0,4968,515,0.0,0.0,1340.0,17070.0,0.0,1139.0,390.0,2109.0,770.0,1324,0.0,0.0,0.0,0.0,930.0,2319.0,4066.0,0.0,2890,0.0,680.0,0.0,3440,0.0,0.0,0.0,1045.0,34700,16154,622.0,0.0,12840.0,8200,0.0,0.0,1630.0,0.0
685,0.0,4950,505,0.0,0.0,1300.0,17200.0,0.0,1119.0,386.0,2209.0,768.0,1337,0.0,0.0,0.0,0.0,904.0,2308.0,4154.0,0.0,2910,0.0,685.0,0.0,3380,0.0,0.0,0.0,1000.0,36000,15978,604.0,0.0,12600.0,8280,0.0,0.0,1650.0,0.0
685,0.0,5375,495,0.0,0.0,1230.0,17200.0,0.0,1133.0,405.0,2224.0,764.0,1333,0.0,0.0,0.0,0.0,877.0,2300.0,4303.0,0.0,2920,0.0,675.0,0.0,3420,0.0,0.0,0.0,1000.0,37500,16967,593.0,0.0,12480.0,8500,0.0,0.0,1640.0,0.0
689,0.0,5625,495,0.0,0.0,1210.0,16650.0,0.0,1141.0,395.0,2179.0,755.0,1319,0.0,0.0,0.0,0.0,871.0,2289.0,4391.0,0.0,2820,0.0,675.0,0.0,3420,0.0,0.0,0.0,1005.0,38600,17495,588.0,0.0,12300.0,8720,0.0,0.0,1650.0,0.0
675,0.0,5675,490,0.0,0.0,1220.0,17150.0,0.0,1139.0,405.0,2199.0,760.0,1300,0.0,0.0,0.0,0.0,870.0,2337.0,4673.0,0.0,2770,0.0,670.0,0.0,3372,0.0,0.0,0.0,1005.0,39700,17978,589.0,0.0,11880.0,9070,0.0,0.0,1720.0,0.0
675,0.0,6050,490,0.0,0.0,1275.0,17600.0,0.0,1192.0,405.0,2229.0,780.0,1296,0.0,0.0,0.0,0.0,835.0,2297.0,4708.0,0.0,2770,0.0,670.0,0.0,3396,0.0,0.0,0.0,1005.0,41200,18593,567.0,0.0,11840.0,9580,0.0,0.0,1695.0,0.0
640,0.0,6263,460,0.0,0.0,1305.0,17850.0,0.0,1220.0,390.0,2263.0,755.0,1282,0.0,0.0,0.0,0.0,855.0,2234.0,4541.0,0.0,2640,0.0,660.0,0.0,3376,0.0,0.0,0.0,1000.0,41100,19692,595.0,0.0,11700.0,9960,0.0,0.0,1650.0,0.0
650,0.0,6350,450,0.0,0.0,1410.0,19150.0,0.0,1256.0,390.0,2283.0,760.0,1271,0.0,0.0,0.0,0.0,875.0,2253.0,4514.0,0.0,2790,0.0,655.0,0.0,3424,0.0,0.0,0.0,1000.0,42500,19495,605.0,0.0,11600.0,9500,0.0,0.0,1605.0,0.0
640,0.0,6463,455,0.0,0.0,1550.0,19600.0,0.0,1282.0,400.0,2199.0,700.0,1237,0.0,0.0,0.0,0.0,850.0,2289.0,4470.0,0.0,2965,0.0,650.0,0.0,3368,0.0,0.0,0.0,1050.0,41000,19516,600.0,0.0,11000.0,9210,0.0,0.0,1570.0,0.0
640,0.0,6243,455,0.0,0.0,1580.0,19200.0,0.0,1292.0,396.0,2149.0,695.0,1215,0.0,0.0,0.0,0.0,837.0,2234.0,4602.0,0.0,2960,0.0,650.0,0.0,3292,0.0,0.0,0.0,1010.0,40800,18813,599.0,0.0,11800.0,8780,0.0,0.0,1550.0,0.0
630,0.0,6038,450,0.0,0.0,1575.0,19190.0,0.0,1284.0,400.0,2149.0,700.0,1198,0.0,0.0,0.0,0.0,830.0,2234.0,4972.0,0.0,2980,0.0,640.0,0.0,3300,0.0,0.0,0.0,1020.0,40160,18418,598.0,0.0,12140.0,9150,0.0,0.0,1570.0,0.0
620,0.0,6313,450,0.0,0.0,1630.0,19090.0,0.0,1299.0,400.0,2149.0,715.0,1226,0.0,0.0,0.0,0.0,853.0,2289.0,5254.0,0.0,2950,0.0,630.0,0.0,3320,0.0,0.0,0.0,1020.0,43100,18791,598.0,0.0,12320.0,9600,0.0,0.0,1560.0,0.0
610,0.0,6625,425,0.0,0.0,1610.0,19500.0,0.0,1393.0,399.0,2149.0,725.0,1226,0.0,0.0,0.0,0.0,853.0,2363.0,5254.0,0.0,2925,0.0,630.0,0.0,3316,0.0,0.0,0.0,1020.0,43100,20769,598.0,0.0,12300.0,10060,0.0,0.0,1470.0,0.0
585,0.0,6625,430,0.0,0.0,1560.0,20300.0,0.0,1393.0,399.0,2169.0,715.0,1260,0.0,0.0,0.0,0.0,890.0,2363.0,5298.0,0.0,2925,0.0,635.0,0.0,3316,0.0,0.0,0.0,1010.0,41900,20769,612.0,0.0,12060.0,10060,0.0,0.0,1470.0,0.0
585,0.0,6550,430,0.0,0.0,1580.0,22700.0,0.0,1434.0,400.0,2109.0,680.0,1321,0.0,0.0,0.0,0.0,884.0,2418.0,5447.0,0.0,2940,0.0,645.0,0.0,3260,0.0,0.0,0.0,1010.0,41380,20835,629.0,0.0,11740.0,10500,0.0,0.0,1510.0,0.0
585,0.0,6438,445,0.0,0.0,1700.0,22700.0,0.0,1393.0,396.0,1924.0,671.0,1257,0.0,0.0,0.0,0.0,910.0,2337.0,5755.0,0.0,2960,0.0,625.0,0.0,3280,0.0,0.0,0.0,1010.0,43600,20945,613.0,0.0,11740.0,10800,0.0,0.0,1475.0,0.0
600,0.0,6778,445,0.0,0.0,1700.0,23100.0,0.0,1393.0,390.0,1909.0,671.0,1205,0.0,0.0,0.0,0.0,895.0,2322.0,5280.0,0.0,2850,0.0,615.0,0.0,3228,0.0,0.0,0.0,1010.0,43680,22352,616.0,0.0,12000.0,11000,0.0,0.0,1430.0,0.0
595,0.0,6838,430,0.0,0.0,1680.0,24250.0,0.0,1349.0,382.0,1949.0,650.0,1206,0.0,0.0,0.0,0.0,890.0,2326.0,5104.0,0.0,2950,0.0,605.0,0.0,3200,0.0,0.0,0.0,1010.0,43300,20505,614.0,0.0,12000.0,10020,0.0,0.0,1360.0,0.0
585,0.0,6638,430,0.0,0.0,1650.0,24300.0,0.0,1331.0,385.0,1949.0,635.0,1206,0.0,0.0,0.0,0.0,890.0,2341.0,5104.0,0.0,2950,0.0,605.0,0.0,3200,0.0,0.0,0.0,1020.0,43300,20220,614.0,0.0,12000.0,9940,0.0,0.0,1325.0,0.0
581,0.0,6638,430,0.0,0.0,1680.0,22900.0,0.0,1331.0,385.0,1949.0,600.0,1206,0.0,0.0,0.0,0.0,890.0,2341.0,5104.0,0.0,2950,0.0,605.0,0.0,3200,0.0,0.0,0.0,999.0,43300,20220,614.0,0.0,12100.0,9940,0.0,0.0,1325.0,0.0
581,0.0,6638,430,0.0,0.0,1640.0,21300.0,0.0,1331.0,385.0,1949.0,612.0,1188,0.0,0.0,0.0,0.0,900.0,2341.0,5104.0,0.0,2950,0.0,610.0,0.0,3200,0.0,0.0,0.0,900.0,44080,20220,621.0,0.0,12000.0,9940,0.0,0.0,1325.0,0.0
581,0.0,6875,430,0.0,0.0,1600.0,21300.0,0.0,1284.0,382.0,1929.0,610.0,1226,0.0,0.0,0.0,0.0,925.0,2326.0,5086.0,0.0,3010,0.0,623.0,0.0,3168,0.0,0.0,0.0,875.0,44620,19978,633.0,0.0,12000.0,10060,0.0,0.0,1310.0,0.0
595,0.0,6975,430,0.0,0.0,1600.0,21300.0,0.0,1252.0,385.0,1969.0,610.0,1240,0.0,0.0,0.0,0.0,919.0,2370.0,5060.0,0.0,3135,0.0,630.0,0.0,3180,0.0,0.0,0.0,875.0,44680,20066,633.0,0.0,12000.0,10280,0.0,0.0,1335.0,0.0
590,0.0,7030,430,0.0,0.0,1600.0,20600.0,0.0,1256.0,385.0,1969.0,610.0,1240,0.0,0.0,0.0,0.0,919.0,2381.0,5060.0,0.0,3120,0.0,630.0,0.0,3200,0.0,0.0,0.0,875.0,44680,20132,633.0,0.0,12020.0,10540,0.0,0.0,1320.0,0.0
600,0.0,7030,430,0.0,0.0,1650.0,20750.0,0.0,1256.0,385.0,1959.0,615.0,1212,0.0,0.0,0.0,0.0,920.0,2381.0,5139.0,0.0,3120,0.0,640.0,0.0,3200,0.0,0.0,0.0,875.0,45700,20132,638.0,0.0,12460.0,10540,0.0,0.0,1320.0,0.0
600,0.0,7125,430,0.0,0.0,1675.0,21100.0,0.0,1270.0,390.0,1939.0,620.0,1264,0.0,0.0,0.0,0.0,940.0,2388.0,5280.0,0.0,3095,0.0,645.0,0.0,3200,0.0,0.0,0.0,830.0,45700,21099,636.0,0.0,12420.0,10460,0.0,0.0,1310.0,0.0
600,0.0,6963,430,0.0,0.0,1695.0,21100.0,0.0,1292.0,390.0,1949.0,639.0,1277,0.0,0.0,0.0,0.0,989.0,2414.0,5324.0,0.0,3085,0.0,650.0,0.0,3272,0.0,0.0,0.0,810.0,45100,21209,638.0,0.0,12420.0,10460,0.0,0.0,1390.0,0.0
605,0.0,6850,450,0.0,0.0,1695.0,21600.0,0.0,1282.0,380.0,1999.0,639.0,1284,0.0,0.0,0.0,0.0,970.0,2337.0,5139.0,0.0,3145,0.0,655.0,0.0,3304,0.0,0.0,0.0,800.0,44100,21451,659.0,0.0,12700.0,10300,0.0,0.0,1470.0,0.0
610,0.0,6600,435,0.0,0.0,1700.0,22450.0,0.0,1333.0,388.0,2019.0,640.0,1321,0.0,0.0,0.0,0.0,985.0,2300.0,5042.0,0.0,3175,0.0,665.0,0.0,3432,0.0,0.0,0.0,800.0,43200,21429,685.0,0.0,12860.0,10240,0.0,0.0,1530.0,0.0
600,0.0,6273,450,0.0,0.0,1680.0,22160.0,0.0,1301.0,420.0,2019.0,660.0,1319,0.0,0.0,0.0,0.0,1000.0,2315.0,5122.0,0.0,3225,0.0,661.0,0.0,3532,0.0,0.0,0.0,800.0,42300,21253,681.0,0.0,12960.0,10300,0.0,0.0,1550.0,0.0
595,0.0,6035,450,0.0,0.0,1580.0,21730.0,0.0,1311.0,420.0,2014.0,655.0,1327,0.0,0.0,0.0,0.0,990.0,2330.0,5685.0,0.0,3300,0.0,667.0,0.0,3592,0.0,0.0,0.0,800.0,42320,21165,684.0,0.0,13320.0,10080,0.0,0.0,1520.0,0.0
600,0.0,6150,435,0.0,0.0,1600.0,21800.0,0.0,1317.0,434.0,2004.0,640.0,1316,0.0,0.0,0.0,0.0,980.0,2381.0,5579.0,0.0,3320,0.0,680.0,0.0,3564,0.0,0.0,0.0,800.0,44000,21516,673.0,0.0,13800.0,10100,0.0,0.0,1545.0,0.0
620,0.0,6488,450,0.0,0.0,1530.0,21500.0,0.0,1353.0,428.0,1999.0,645.0,1299,0.0,0.0,0.0,0.0,949.0,2396.0,5914.0,0.0,3300,0.0,680.0,0.0,3548,0.0,0.0,0.0,800.0,44000,21582,663.0,0.0,13800.0,10420,0.0,0.0,1550.0,0.0
620,0.0,6488,450,0.0,0.0,1460.0,22390.0,0.0,1410.0,401.0,1989.0,670.0,1314,0.0,0.0,0.0,0.0,900.0,2348.0,5966.0,0.0,3210,0.0,670.0,0.0,3472,0.0,0.0,0.0,802.0,45100,20659,641.0,0.0,13700.0,10080,0.0,0.0,1530.0,0.0
615,0.0,6613,450,0.0,0.0,1510.0,22500.0,0.0,1428.0,387.0,1974.0,715.0,1327,0.0,0.0,0.0,0.0,856.0,2363.0,6213.0,0.0,3045,0.0,665.0,0.0,3420,0.0,0.0,0.0,803.0,45600,21297,608.0,0.0,13560.0,10160,0.0,0.0,1560.0,0.0
620,0.0,6725,435,0.0,0.0,1600.0,23050.0,0.0,1426.0,380.0,1949.0,730.0,1313,0.0,0.0,0.0,0.0,849.0,2374.0,6230.0,0.0,2950,0.0,661.0,0.0,3300,0.0,0.0,0.0,816.0,45400,20989,591.0,0.0,13400.0,9900,0.0,0.0,1495.0,0.0
605,0.0,6725,445,0.0,0.0,1610.0,23250.0,0.0,1416.0,365.0,1914.0,715.0,1296,0.0,0.0,0.0,0.0,841.0,2381.0,6028.0,0.0,2975,0.0,665.0,0.0,3280,0.0,0.0,0.0,845.0,45320,20549,604.0,0.0,12980.0,9800,0.0,0.0,1480.0,0.0
600,0.0,6728,440,0.0,0.0,1550.0,24250.0,0.0,1406.0,365.0,1919.0,690.0,1296,0.0,0.0,0.0,0.0,847.0,2388.0,5843.0,0.0,2940,0.0,655.0,0.0,3280,0.0,0.0,0.0,920.0,43560,20440,597.0,0.0,12580.0,9640,0.0,0.0,1450.0,0.0
600,0.0,6575,440,0.0,0.0,1630.0,23800.0,0.0,1418.0,369.0,1914.0,701.0,1291,0.0,0.0,0.0,0.0,840.0,2355.0,5940.0,0.0,2985,0.0,656.0,0.0,3264,0.0,0.0,0.0,980.0,43500,20725,591.0,0.0,12280.0,9520,0.0,0.0,1400.0,0.0
600,0.0,6575,440,0.0,0.0,1635.0,22700.0,0.0,1438.0,365.0,1919.0,681.0,1263,0.0,0.0,0.0,0.0,828.0,2403.0,5878.0,0.0,2890,0.0,655.0,0.0,3260,0.0,0.0,0.0,980.0,43300,21099,577.0,0.0,12240.0,9600,0.0,0.0,1410.0,0.0
601,0.0,6650,425,0.0,0.0,1620.0,22450.0,0.0,1454.0,355.0,1909.0,676.0,1226,0.0,0.0,0.0,0.0,835.0,2344.0,5764.0,0.0,2775,0.0,655.0,0.0,3180,0.0,0.0,0.0,939.0,42800,20659,605.0,0.0,12120.0,9560,0.0,0.0,1390.0,0.0
615,0.0,6475,425,0.0,0.0,1620.0,22250.0,0.0,1454.0,355.0,1819.0,680.0,1226,0.0,0.0,0.0,0.0,885.0,2326.0,5588.0,0.0,2840,0.0,651.0,0.0,3292,0.0,0.0,0.0,881.0,41880,20835,594.0,0.0,12380.0,9600,0.0,0.0,1435.0,0.0
630,0.0,6225,425,0.0,0.0,1650.0,22410.0,0.0,1440.0,350.0,1739.0,675.0,1206,0.0,0.0,0.0,0.0,880.0,2337.0,5720.0,0.0,2800,0.0,651.0,0.0,3304,0.0,0.0,0.0,880.0,42500,20264,592.0,0.0,12400.0,9660,0.0,0.0,1475.0,0.0
645,0.0,6323,415,0.0,0.0,1685.0,21900.0,0.0,1482.0,340.0,1779.0,675.0,1257,0.0,0.0,0.0,0.0,881.0,2333.0,5676.0,0.0,2815,0.0,655.0,0.0,3340,0.0,0.0,0.0,870.0,42500,20571,561.0,0.0,12900.0,10060,0.0,0.0,1470.0,0.0
670,0.0,6338,435,0.0,0.0,1635.0,21460.0,0.0,1444.0,355.0,1719.0,675.0,1206,0.0,0.0,0.0,0.0,869.0,2300.0,5940.0,0.0,2810,0.0,650.0,0.0,3328,0.0,0.0,0.0,840.0,43160,20440,557.0,0.0,12800.0,10200,0.0,0.0,1480.0,0.0
680,0.0,6363,430,0.0,0.0,1610.0,22730.0,0.0,1458.0,353.0,1649.0,685.0,1202,0.0,0.0,0.0,0.0,859.0,2267.0,6371.0,0.0,2770,0.0,655.0,0.0,3280,0.0,0.0,0.0,845.0,44200,20000,556.0,0.0,12800.0,10160,0.0,0.0,1415.0,0.0
680,0.0,6460,430,0.0,0.0,1620.0,22600.0,0.0,1456.0,375.0,1609.0,690.0,1206,0.0,0.0,0.0,0.0,835.0,2282.0,6565.0,0.0,2725,0.0,655.0,0.0,3232,0.0,0.0,0.0,845.0,44200,20330,561.0,0.0,12500.0,10500,0.0,0.0,1385.0,0.0
675,0.0,6463,430,0.0,0.0,1610.0,23400.0,0.0,1452.0,360.0,1599.0,675.0,1206,0.0,0.0,0.0,0.0,839.0,2311.0,6767.0,0.0,2790,0.0,650.0,0.0,3140,0.0,0.0,0.0,850.0,43900,21670,565.0,0.0,12140.0,10960,0.0,0.0,1400.0,0.0
660,0.0,6500,430,0.0,0.0,1655.0,23750.0,0.0,1470.0,360.0,1574.0,665.0,1190,0.0,0.0,0.0,0.0,830.0,2311.0,7304.0,0.0,2775,0.0,651.0,0.0,3080,0.0,0.0,0.0,841.0,44200,21473,555.0,0.0,12200.0,11160,0.0,0.0,1400.0,0.0
673,0.0,6600,420,0.0,0.0,1550.0,24000.0,0.0,1511.0,360.0,1579.0,660.0,1190,0.0,0.0,0.0,0.0,815.0,2370.0,7920.0,0.0,2700,0.0,650.0,0.0,3008,0.0,0.0,0.0,835.0,45500,21451,537.0,0.0,12060.0,11180,0.0,0.0,1400.0,0.0
660,0.0,6863,435,0.0,0.0,1590.0,25750.0,0.0,1704.0,360.0,1589.0,660.0,1226,0.0,0.0,0.0,0.0,815.0,2341.0,7656.0,0.0,2645,0.0,652.0,0.0,3024,0.0,0.0,0.0,805.0,46600,22022,570.0,0.0,11800.0,11300,0.0,0.0,1400.0,0.0
660,0.0,6975,435,0.0,0.0,1605.0,26320.0,0.0,1789.0,371.0,1539.0,660.0,1246,0.0,0.0,0.0,0.0,815.0,2326.0,8043.0,0.0,2730,0.0,651.0,0.0,3000,0.0,0.0,0.0,805.0,46900,21692,584.0,0.0,11460.0,11000,0.0,0.0,1390.0,0.0
665,0.0,7000,430,0.0,0.0,1640.0,27050.0,0.0,1753.0,390.0,1499.0,650.0,1248,0.0,0.0,0.0,0.0,815.0,2319.0,8052.0,0.0,2775,0.0,660.0,0.0,3048,0.0,0.0,0.0,800.0,46800,21670,574.0,0.0,11320.0,10640,0.0,0.0,1355.0,0.0
660,0.0,7213,430,0.0,0.0,1650.0,25700.0,0.0,1765.0,400.0,1559.0,630.0,1227,0.0,0.0,0.0,0.0,812.0,2304.0,7990.0,0.0,2755,0.0,670.0,0.0,2960,0.0,0.0,0.0,750.0,46400,22132,575.0,0.0,11200.0,10880,0.0,0.0,1300.0,0.0
670,0.0,7225,425,0.0,0.0,1680.0,26500.0,0.0,1781.0,390.0,1484.0,620.0,1206,0.0,0.0,0.0,0.0,810.0,2267.0,8360.0,0.0,2805,0.0,665.0,0.0,2960,0.0,0.0,0.0,700.0,45800,22352,578.0,0.0,11340.0,11020,0.0,0.0,1280.0,0.0
685,0.0,7063,415,0.0,0.0,1755.0,26180.0,0.0,1785.0,395.0,1419.0,620.0,1229,0.0,0.0,0.0,0.0,858.0,2249.0,8941.0,0.0,2850,0.0,655.0,0.0,2940,0.0,0.0,0.0,715.0,47300,22879,577.0,0.0,11300.0,11040,0.0,0.0,1280.0,0.0
682,0.0,7263,415,0.0,0.0,1750.0,26400.0,0.0,1969.0,385.0,1409.0,631.0,1225,0.0,0.0,0.0,0.0,854.0,2256.0,9064.0,0.0,2900,0.0,652.0,0.0,2960,0.0,0.0,0.0,785.0,49500,23670,587.0,0.0,11680.0,11200,0.0,0.0,1300.0,0.0
690,0.0,7263,415,0.0,0.0,1690.0,26390.0,0.0,1963.0,366.0,1449.0,630.0,1234,0.0,0.0,0.0,0.0,860.0,2260.0,8782.0,0.0,2880,0.0,665.0,0.0,2840,0.0,0.0,0.0,800.0,51400,23121,608.0,0.0,11500.0,11040,0.0,0.0,1250.0,0.0
710,0.0,7563,415,0.0,0.0,1660.0,27900.0,0.0,1914.0,380.0,1499.0,631.0,1206,0.0,0.0,0.0,0.0,845.0,2282.0,8466.0,0.0,2890,0.0,670.0,0.0,2816,0.0,0.0,0.0,800.0,50900,22484,599.0,0.0,11880.0,11060,0.0,0.0,1280.0,0.0
715,180.0,7288,420,0.0,0.0,1685.0,29250.0,0.0,1914.0,385.0,1464.0,640.0,1218,0.0,0.0,0.0,0.0,850.0,2271.0,7656.0,0.0,2900,0.0,675.0,0.0,2800,0.0,0.0,0.0,800.0,47900,22132,613.0,0.0,11980.0,10800,0.0,0.0,1255.0,0.0
700,155.0,7253,420,0.0,0.0,1640.0,28400.0,0.0,1919.0,380.0,1434.0,649.0,1206,0.0,0.0,0.0,0.0,855.0,2337.0,7656.0,0.0,2995,0.0,675.0,0.0,2920,0.0,0.0,0.0,780.0,45280,21516,599.0,0.0,12080.0,10660,0.0,0.0,1255.0,0.0
690,148.0,7015,430,0.0,0.0,1585.0,27800.0,0.0,1858.0,375.0,1424.0,645.0,1192,0.0,0.0,0.0,0.0,852.0,2297.0,8228.0,0.0,2820,0.0,675.0,0.0,2880,0.0,0.0,0.0,780.0,45500,21099,599.0,0.0,12140.0,10300,0.0,0.0,1255.0,0.0
689,120.0,7025,430,0.0,0.0,1540.0,25500.0,0.0,1868.0,368.0,1434.0,640.0,1190,0.0,0.0,0.0,0.0,850.0,2267.0,8105.0,0.0,2800,0.0,680.0,0.0,2864,0.0,0.0,0.0,785.0,46300,21363,612.0,0.0,12840.0,10460,0.0,0.0,1260.0,0.0
669,120.0,7013,400,0.0,0.0,1500.0,26000.0,0.0,1866.0,380.0,1424.0,635.0,1195,0.0,0.0,0.0,0.0,821.0,2337.0,8254.0,0.0,2800,0.0,695.0,0.0,2872,0.0,0.0,0.0,775.0,45480,22242,604.0,0.0,12640.0,10500,0.0,0.0,1310.0,0.0
680,110.0,7063,400,0.0,0.0,1520.0,26500.0,0.0,1882.0,399.0,1389.0,640.0,1201,0.0,0.0,0.0,0.0,820.0,2344.0,8712.0,0.0,2790,0.0,694.0,0.0,2920,0.0,0.0,0.0,775.0,47200,22549,590.0,0.0,12400.0,10520,0.0,0.0,1315.0,0.0
690,116.0,7463,410,0.0,0.0,1535.0,26100.0,0.0,1995.0,400.0,1319.0,660.0,1201,0.0,0.0,0.0,0.0,805.0,2363.0,8694.0,0.0,2780,0.0,685.0,0.0,2860,0.0,0.0,0.0,770.0,46900,22813,587.0,0.0,12500.0,10900,0.0,0.0,1310.0,0.0
701,120.0,7425,410,0.0,0.0,1530.0,25700.0,0.0,1983.0,395.0,1364.0,640.0,1206,0.0,0.0,0.0,0.0,836.0,2344.0,8439.0,0.0,2730,0.0,665.0,0.0,2808,0.0,0.0,0.0,770.0,47000,21846,591.0,0.0,12560.0,11160,0.0,0.0,1320.0,0.0
705,117.0,7250,415,0.0,0.0,1540.0,26750.0,0.0,2028.0,381.0,1369.0,625.0,1184,0.0,0.0,0.0,0.0,860.0,2344.0,8518.0,0.0,2830,0.0,672.0,0.0,2860,0.0,0.0,0.0,745.0,49100,21648,578.0,0.0,12160.0,11180,0.0,0.0,1285.0,0.0
710,115.0,7400,430,0.0,0.0,1590.0,26650.0,0.0,2092.0,390.0,1409.0,612.0,1187,0.0,0.0,0.0,0.0,880.0,2319.0,8448.0,0.0,2870,0.0,670.0,0.0,2900,0.0,0.0,0.0,750.0,50220,21451,603.0,0.0,12300.0,11200,0.0,0.0,1285.0,0.0
715,117.0,7500,390,0.0,0.0,1605.0,25550.0,0.0,1959.0,395.0,1404.0,605.0,1190,0.0,0.0,0.0,0.0,870.0,2330.0,8070.0,0.0,2915,0.0,675.0,0.0,2952,0.0,0.0,0.0,820.0,50300,21451,595.0,0.0,12560.0,11140,0.0,0.0,1330.0,0.0
710,115.0,7523,410,0.0,0.0,1605.0,25850.0,0.0,1904.0,398.0,1424.0,600.0,1185,0.0,0.0,0.0,0.0,835.0,2315.0,8096.0,0.0,2895,0.0,669.0,0.0,2976,0.0,0.0,0.0,840.0,50200,21187,587.0,0.0,12560.0,11420,0.0,0.0,1365.0,0.0
700,105.0,7613,420,0.0,0.0,1600.0,25750.0,0.0,1951.0,398.0,1419.0,600.0,1167,0.0,0.0,0.0,0.0,840.0,2267.0,7656.0,0.0,2840,0.0,650.0,0.0,2988,0.0,0.0,0.0,895.0,50600,21538,574.0,0.0,12820.0,11300,0.0,0.0,1410.0,0.0
715,110.0,7875,430,0.0,0.0,1600.0,25250.0,0.0,1931.0,398.0,1429.0,600.0,1195,0.0,0.0,0.0,0.0,840.0,2198.0,7832.0,0.0,2760,0.0,645.0,0.0,2880,0.0,0.0,0.0,870.0,49200,22505,565.0,0.0,12760.0,11420,0.0,0.0,1420.0,0.0
715,103.0,8150,435,0.0,0.0,1600.0,25800.0,0.0,1919.0,395.0,1449.0,605.0,1188,0.0,0.0,0.0,0.0,830.0,2227.0,8131.0,0.0,2715,0.0,650.0,0.0,2780,0.0,0.0,0.0,870.0,49680,21736,580.0,0.0,12760.0,11620,0.0,0.0,1405.0,0.0
730,107.0,8100,440,0.0,0.0,1625.0,24650.0,0.0,2052.0,395.0,1439.0,600.0,1178,0.0,0.0,0.0,0.0,803.0,2253.0,8518.0,0.0,2760,0.0,640.0,0.0,2828,0.0,0.0,0.0,860.0,50200,21187,565.0,0.0,12780.0,12000,0.0,0.0,1410.0,0.0
718,95.0,8313,440,0.0,0.0,1660.0,24950.0,0.0,2169.0,401.0,1429.0,585.0,1176,0.0,0.0,0.0,0.0,820.0,2282.0,8219.0,0.0,2780,0.0,645.0,0.0,2740,0.0,0.0,0.0,871.0,51300,21319,582.0,0.0,12600.0,12300,0.0,0.0,1385.0,0.0
700,100.0,8413,435,0.0,0.0,1680.0,25400.0,0.0,2201.0,400.0,1379.0,590.0,1226,0.0,0.0,0.0,0.0,828.0,2293.0,8184.0,0.0,2900,0.0,640.0,0.0,2800,0.0,0.0,0.0,900.0,52000,20923,604.0,0.0,12940.0,12720,0.0,0.0,1380.0,0.0
700,91.0,8250,435,0.0,0.0,1615.0,25600.0,0.0,2302.0,398.0,1359.0,580.0,1215,0.0,0.0,0.0,0.0,840.0,2286.0,8422.0,0.0,3020,0.0,635.0,0.0,2856,0.0,0.0,0.0,930.0,50280,20615,587.0,0.0,12600.0,12920,0.0,0.0,1345.0,0.0
695,90.0,8185,435,0.0,0.0,1660.0,24950.0,0.0,2363.0,400.0,1329.0,575.0,1192,0.0,0.0,0.0,0.0,815.0,2271.0,8756.0,0.0,3030,0.0,650.0,0.0,2844,0.0,0.0,0.0,900.0,49700,21626,574.0,0.0,12640.0,13000,0.0,0.0,1330.0,0.0
705,80.0,8300,415,0.0,0.0,1625.0,24800.0,0.0,2242.0,400.0,1299.0,572.0,1197,0.0,0.0,0.0,0.0,807.0,2256.0,8562.0,0.0,3015,0.0,652.0,0.0,2820,0.0,0.0,0.0,900.0,50720,22154,578.0,0.0,12400.0,12580,0.0,0.0,1275.0,0.0
705,92.0,8268,415,0.0,0.0,1650.0,24600.0,0.0,2213.0,400.0,1299.0,579.0,1197,0.0,0.0,0.0,0.0,807.0,2256.0,8562.0,0.0,3070,0.0,652.0,0.0,2800,0.0,0.0,0.0,900.0,50720,21319,578.0,0.0,12300.0,12680,0.0,0.0,1305.0,0.0
706,94.0,8268,415,0.0,0.0,1700.0,25550.0,0.0,2213.0,400.0,1244.0,570.0,1178,0.0,0.0,0.0,0.0,803.0,2256.0,9117.0,0.0,3070,0.0,650.0,0.0,2800,0.0,0.0,0.0,900.0,49800,21319,596.0,0.0,11900.0,12680,0.0,0.0,1305.0,0.0
706,94.0,7950,415,0.0,0.0,1650.0,25960.0,0.0,2181.0,401.0,1199.0,569.0,1150,0.0,0.0,0.0,0.0,790.0,2264.0,10296.0,0.0,3125,0.0,645.0,0.0,2880,0.0,0.0,0.0,880.0,49900,20703,596.0,0.0,12060.0,12700,0.0,0.0,1315.0,0.0
710,92.0,7813,415,0.0,0.0,1650.0,25960.0,0.0,2100.0,401.0,1194.0,575.0,1195,0.0,0.0,0.0,0.0,770.0,2293.0,10102.0,0.0,3130,0.0,660.0,0.0,2832,0.0,0.0,0.0,880.0,49700,20440,589.0,0.0,12060.0,12300,0.0,0.0,1280.0,0.0
700,90.0,7750,400,0.0,0.0,1650.0,26100.0,0.0,2028.0,400.0,1204.0,575.0,1184,0.0,0.0,0.0,0.0,750.0,2300.0,10261.0,0.0,3115,0.0,660.0,0.0,2740,0.0,0.0,0.0,870.0,49460,20703,573.0,0.0,12200.0,12400,0.0,0.0,1320.0,0.0
705,92.0,7688,410,0.0,0.0,1600.0,27750.0,0.0,1971.0,395.0,1229.0,580.0,1173,0.0,0.0,0.0,0.0,740.0,2308.0,10454.0,0.0,3000,0.0,650.0,0.0,2688,0.0,0.0,0.0,870.0,49700,20747,563.0,0.0,12120.0,12700,0.0,0.0,1320.0,0.0
710,94.0,7538,425,0.0,0.0,1610.0,27850.0,0.0,1894.0,385.0,1229.0,590.0,1173,0.0,0.0,0.0,0.0,740.0,2308.0,10454.0,0.0,2930,0.0,650.0,0.0,2600,0.0,0.0,0.0,850.0,49700,20703,563.0,0.0,12040.0,12600,0.0,0.0,1330.0,0.0
700,95.0,7538,425,0.0,0.0,1630.0,28070.0,0.0,1894.0,385.0,1229.0,615.0,1173,0.0,0.0,0.0,0.0,740.0,2308.0,10454.0,0.0,2930,0.0,650.0,0.0,2600,0.0,0.0,0.0,850.0,49700,20703,563.0,0.0,11740.0,12600,0.0,0.0,1330.0,0.0
700,95.0,7538,425,0.0,0.0,1630.0,28600.0,0.0,1894.0,385.0,1259.0,625.0,1223,0.0,0.0,0.0,0.0,749.0,2308.0,10560.0,0.0,2930,0.0,670.0,0.0,2600,0.0,0.0,0.0,865.0,52900,20703,565.0,0.0,11500.0,12600,0.0,0.0,1330.0,0.0
700,95.0,7950,425,0.0,0.0,1615.0,28600.0,0.0,1886.0,400.0,1264.0,620.0,1215,0.0,0.0,0.0,0.0,790.0,2286.0,9768.0,0.0,2990,0.0,650.0,0.0,2552,0.0,0.0,0.0,860.0,52160,21429,591.0,0.0,11500.0,13240,0.0,0.0,1370.0,0.0
701,100.0,7950,410,0.0,0.0,1615.0,28600.0,0.0,1979.0,401.0,1299.0,620.0,1213,0.0,0.0,0.0,0.0,840.0,2333.0,9856.0,0.0,3025,0.0,650.0,0.0,2696,0.0,0.0,0.0,860.0,51400,21319,604.0,0.0,11500.0,13000,0.0,0.0,1350.0,0.0
705,98.0,8300,425,0.0,0.0,1615.0,28700.0,0.0,1991.0,410.0,1349.0,620.0,1220,0.0,0.0,0.0,0.0,885.0,2370.0,9504.0,0.0,3150,0.0,651.0,0.0,2860,0.0,0.0,0.0,860.0,51000,20967,621.0,0.0,11800.0,13280,0.0,0.0,1350.0,0.0
710,95.0,8375,425,0.0,0.0,1670.0,27400.0,0.0,2020.0,420.0,1409.0,620.0,1220,0.0,0.0,0.0,0.0,871.0,2326.0,9539.0,0.0,3290,0.0,664.0,0.0,2980,0.0,0.0,0.0,860.0,49720,21077,621.0,0.0,11920.0,13020,0.0,0.0,1340.0,0.0
715,155.0,8263,425,0.0,0.0,1740.0,26350.0,0.0,1939.0,420.0,1479.0,628.0,1223,0.0,0.0,0.0,0.0,875.0,2366.0,9557.0,0.0,3150,0.0,660.0,0.0,2900,0.0,0.0,0.0,850.0,50000,20484,626.0,0.0,12180.0,13100,0.0,0.0,1280.0,0.0
715,150.0,8225,415,0.0,0.0,1700.0,26090.0,0.0,1939.0,415.0,1599.0,635.0,1263,0.0,0.0,0.0,0.0,884.0,2392.0,9715.0,0.0,3165,0.0,669.0,0.0,2904,0.0,0.0,0.0,830.0,50000,20637,628.0,0.0,12380.0,13100,0.0,0.0,1270.0,0.0
720,149.0,8325,415,0.0,0.0,1705.0,26050.0,0.0,2020.0,424.0,1619.0,640.0,1255,0.0,0.0,0.0,0.0,885.0,2502.0,10454.0,0.0,3240,0.0,670.0,0.0,2880,0.0,0.0,0.0,865.0,49800,20396,620.0,0.0,12020.0,12800,0.0,0.0,1270.0,0.0
720,140.0,8275,420,0.0,0.0,1700.0,25690.0,0.0,2048.0,435.0,1599.0,655.0,1232,0.0,0.0,0.0,0.0,881.0,2418.0,10138.0,0.0,3235,0.0,650.0,0.0,3060,0.0,0.0,0.0,870.0,50000,20088,613.0,0.0,12320.0,12700,0.0,0.0,1240.0,0.0
725,142.0,8425,430,0.0,0.0,1730.0,25690.0,0.0,1999.0,415.0,1619.0,653.0,1229,0.0,0.0,0.0,0.0,866.0,2385.0,10384.0,0.0,3155,0.0,660.0,0.0,3064,0.0,0.0,0.0,850.0,50840,19758,612.0,0.0,12600.0,12540,0.0,0.0,1240.0,0.0
734,150.0,8688,440,0.0,0.0,1750.0,26750.0,0.0,2009.0,426.0,1659.0,670.0,1282,0.0,0.0,0.0,0.0,895.0,2381.0,10190.0,0.0,3120,0.0,670.0,0.0,3152,0.0,0.0,0.0,850.0,51800,19560,629.0,0.0,12560.0,12540,0.0,0.0,1235.0,0.0
740,160.0,8688,440,0.0,0.0,1780.0,26100.0,0.0,1975.0,430.0,1729.0,685.0,1313,0.0,0.0,0.0,0.0,897.0,2436.0,10472.0,0.0,3160,0.0,710.0,0.0,3080,0.0,0.0,0.0,850.0,51900,19780,632.0,0.0,12500.0,12880,0.0,0.0,1260.0,0.0
740,168.0,8738,450,0.0,0.0,1885.0,26450.0,0.0,2060.0,432.0,1719.0,680.0,1277,0.0,0.0,0.0,0.0,870.0,2454.0,10824.0,0.0,3200,0.0,705.0,0.0,2996,0.0,0.0,0.0,860.0,51800,20396,638.0,0.0,12400.0,12500,0.0,0.0,1290.0,0.0
750,170.0,8850,446,0.0,0.0,1930.0,26200.0,0.0,2040.0,429.0,1724.0,680.0,1277,0.0,0.0,0.0,0.0,883.0,2443.0,10877.0,0.0,3220,0.0,705.0,0.0,3020,0.0,0.0,0.0,860.0,51500,20044,643.0,0.0,12560.0,12640,0.0,0.0,1280.0,0.0
767,177.0,8688,450,0.0,0.0,1915.0,27500.0,0.0,2080.0,415.0,1729.0,699.0,1277,0.0,0.0,0.0,0.0,893.0,2451.0,11387.0,0.0,3325,0.0,712.0,0.0,3200,0.0,0.0,0.0,850.0,49900,20198,669.0,0.0,12500.0,12620,0.0,0.0,1275.0,0.0
768,165.0,8525,450,0.0,0.0,1900.0,28700.0,0.0,2032.0,410.0,1729.0,710.0,1277,0.0,0.0,0.0,0.0,927.0,2469.0,11264.0,0.0,3495,0.0,720.0,0.0,3384,0.0,0.0,0.0,845.0,49800,19736,683.0,0.0,12760.0,12440,0.0,0.0,1265.0,0.0
775,170.0,8663,450,0.0,0.0,1900.0,27930.0,0.0,1886.0,405.0,1739.0,705.0,1271,0.0,0.0,0.0,0.0,933.0,2498.0,11704.0,0.0,3560,0.0,738.0,0.0,3360,0.0,0.0,0.0,850.0,49800,18791,692.0,0.0,12900.0,12060,0.0,0.0,1250.0,0.0
775,173.0,8688,450,0.0,0.0,1900.0,28150.0,0.0,1761.0,415.0,1749.0,700.0,1319,0.0,0.0,0.0,0.0,950.0,2491.0,12338.0,0.0,3660,0.0,761.0,0.0,3308,0.0,0.0,0.0,810.0,50100,18242,706.0,0.0,13360.0,11900,0.0,0.0,1255.0,0.0
770,180.0,8763,446,0.0,0.0,1850.0,27230.0,0.0,1818.0,420.0,1759.0,680.0,1341,0.0,0.0,0.0,0.0,926.0,2557.0,11757.0,0.0,3620,0.0,746.0,0.0,3344,0.0,0.0,0.0,800.0,49900,18154,701.0,0.0,13760.0,11660,0.0,0.0,1310.0,0.0
755,184.0,8800,450,0.0,0.0,1810.0,28400.0,0.0,1765.0,415.0,1739.0,700.0,1316,0.0,0.0,0.0,0.0,890.0,2564.0,11968.0,0.0,3600,0.0,752.0,0.0,3312,0.0,0.0,0.0,800.0,50000,17978,678.0,0.0,13900.0,11400,0.0,0.0,1300.0,0.0
760,200.0,8888,450,0.0,0.0,1825.0,29200.0,0.0,1696.0,410.0,1724.0,705.0,1313,0.0,0.0,0.0,0.0,890.0,2546.0,11282.0,0.0,3460,0.0,745.0,0.0,3120,0.0,0.0,0.0,810.0,50700,18396,672.0,0.0,14300.0,11300,0.0,0.0,1280.0,0.0
770,185.0,8625,450,0.0,0.0,1820.0,28550.0,0.0,1704.0,415.0,1724.0,711.0,1313,0.0,0.0,0.0,0.0,890.0,2524.0,11282.0,0.0,3450,0.0,745.0,0.0,3192,0.0,0.0,0.0,830.0,50700,18462,672.0,0.0,14200.0,11300,0.0,0.0,1300.0,0.0
760,185.0,8625,450,0.0,0.0,1780.0,29300.0,0.0,1704.0,415.0,1744.0,715.0,1340,0.0,0.0,0.0,0.0,919.0,2524.0,11211.0,0.0,3450,0.0,755.0,0.0,3192,0.0,0.0,0.0,830.0,48600,18462,706.0,0.0,13700.0,11300,0.0,0.0,1300.0,0.0
760,185.0,8138,450,0.0,0.0,1765.0,28900.0,0.0,1648.0,410.0,1769.0,690.0,1361,0.0,0.0,0.0,0.0,942.0,2564.0,11334.0,0.0,3590,0.0,750.0,0.0,3372,0.0,0.0,0.0,870.0,47900,18352,714.0,0.0,13700.0,11280,0.0,0.0,1295.0,0.0
750,195.0,7825,459,0.0,0.0,1720.0,28900.0,0.0,1745.0,410.0,1769.0,680.0,1375,0.0,0.0,0.0,0.0,960.0,2575.0,11880.0,0.0,3660,0.0,745.0,0.0,3436,0.0,0.0,0.0,880.0,48100,18505,727.0,0.0,13700.0,11640,0.0,0.0,1330.0,0.0
750,200.0,8000,459,0.0,0.0,1720.0,29950.0,0.0,1797.0,410.0,1799.0,680.0,1368,0.0,0.0,0.0,0.0,955.0,2637.0,12566.0,0.0,3680,0.0,745.0,0.0,3396,0.0,0.0,0.0,860.0,49100,19077,735.0,0.0,14200.0,11800,0.0,0.0,1350.0,0.0
740,191.0,8163,462,0.0,0.0,1620.0,30450.0,0.0,1818.0,411.0,2099.0,700.0,1403,0.0,0.0,0.0,0.0,940.0,2648.0,12496.0,0.0,3690,0.0,753.0,0.0,3380,0.0,0.0,0.0,860.0,50800,18813,744.0,0.0,14800.0,11460,0.0,0.0,1435.0,0.0
740,200.0,8513,462,0.0,0.0,1610.0,30500.0,0.0,1914.0,435.0,2308.0,695.0,1394,0.0,0.0,0.0,0.0,915.0,2641.0,12408.0,0.0,3640,0.0,752.0,0.0,3488,0.0,0.0,0.0,860.0,49820,19341,744.0,0.0,15040.0,11980,0.0,0.0,1515.0,0.0
740,196.0,8513,470,0.0,0.0,1700.0,31050.0,0.0,1929.0,451.0,2259.0,695.0,1380,0.0,0.0,0.0,0.0,910.0,2637.0,12566.0,0.0,3550,0.0,785.0,0.0,3436,0.0,0.0,0.0,850.0,49980,19319,744.0,0.0,14600.0,12000,0.0,0.0,1500.0,0.0
750,210.0,8725,495,0.0,0.0,1750.0,30450.0,0.0,1898.0,457.0,2348.0,720.0,1375,0.0,0.0,0.0,0.0,900.0,2597.0,13270.0,0.0,3570,0.0,790.0,0.0,3360,0.0,0.0,0.0,860.0,49900,19473,740.0,0.0,14040.0,11900,0.0,0.0,1500.0,0.0
755,210.0,8750,495,0.0,0.0,1900.0,29850.0,0.0,1822.0,440.0,2328.0,740.0,1421,0.0,0.0,0.0,0.0,924.0,2604.0,13235.0,0.0,3610,0.0,790.0,0.0,3432,0.0,0.0,0.0,850.0,49900,19493,736.0,0.0,13420.0,11500,0.0,0.0,1470.0,0.0
780,200.0,8713,505,0.0,0.0,1900.0,29500.0,0.0,1858.0,450.0,2298.0,760.0,1408,0.0,0.0,0.0,0.0,923.0,2601.0,12584.0,0.0,3590,0.0,790.0,0.0,3460,0.0,0.0,0.0,850.0,49300,19879,712.0,0.0,13080.0,11599,0.0,0.0,1484.0,0.0
775,199.0,8288,510,0.0,0.0,1900.0,29000.0,0.0,1886.0,449.0,2323.0,765.0,1417,0.0,0.0,0.0,0.0,930.0,2565.0,12672.0,0.0,3525,0.0,800.0,0.0,3302,0.0,0.0,0.0,830.0,49300,20000,713.0,0.0,13340.0,11800,0.0,0.0,1426.0,0.0
750,200.0,8199,510,0.0,0.0,1875.0,29450.0,0.0,1963.0,485.0,2303.0,765.0,1403,0.0,0.0,0.0,0.0,930.0,2560.0,12804.0,0.0,3550,0.0,845.0,0.0,3300,0.0,0.0,0.0,820.0,49200,19758,706.0,0.0,13660.0,12000,0.0,0.0,1398.0,0.0
770,192.0,8125,515,0.0,0.0,1850.0,29500.0,0.0,1940.0,460.0,2279.0,735.0,1397,0.0,0.0,0.0,0.0,930.0,2553.0,13297.0,0.0,3510,0.0,810.0,0.0,3320,0.0,0.0,0.0,800.0,49000,19209,710.0,0.0,13700.0,11800,0.0,0.0,1415.0,0.0
770,196.0,8000,515,0.0,0.0,1885.0,29506.0,0.0,1931.0,450.0,2239.0,746.0,1403,0.0,0.0,0.0,0.0,923.0,2542.0,14001.0,0.0,3475,0.0,825.0,0.0,3340,0.0,0.0,0.0,800.0,49300,19374,710.0,0.0,13640.0,11810,0.0,0.0,1420.0,0.0
765,195.0,8038,515,0.0,0.0,1860.0,29716.0,0.0,1939.0,464.0,2199.0,776.0,1375,0.0,0.0,0.0,0.0,920.0,2564.0,14784.0,0.0,3500,0.0,822.0,0.0,3320,0.0,0.0,0.0,800.0,49500,19856,697.0,0.0,13470.0,11900,0.0,0.0,1395.0,0.0
765,190.0,7938,511,0.0,0.0,1825.0,31250.0,0.0,1953.0,470.0,2139.0,760.0,1375,0.0,0.0,0.0,0.0,925.0,2582.0,14142.0,0.0,3420,0.0,820.0,0.0,3240,0.0,0.0,0.0,800.0,49010,20473,694.0,0.0,13480.0,12100,0.0,0.0,1372.0,0.0
758,190.0,7813,500,0.0,0.0,1801.0,32300.0,0.0,1989.0,470.0,2130.0,760.0,1403,0.0,0.0,0.0,0.0,930.0,2650.0,14247.0,0.0,3496,0.0,805.0,0.0,3200,0.0,0.0,0.0,790.0,49500,19890,694.0,0.0,13515.0,12050,0.0,0.0,1380.0,0.0
735,190.0,7863,500,0.0,0.0,1900.0,33350.0,0.0,1979.0,470.0,2124.0,760.0,1389,0.0,0.0,0.0,0.0,923.0,2669.0,13394.0,0.0,3535,0.0,780.0,0.0,3320,0.0,0.0,0.0,790.0,48400,20000,689.0,0.0,13348.0,11999,0.0,0.0,1380.0,0.0
745,180.0,7813,500,0.0,0.0,1945.0,32500.0,0.0,1983.0,460.0,2099.0,760.0,1383,0.0,0.0,0.0,0.0,890.0,2608.0,13596.0,0.0,3500,0.0,775.0,0.0,3340,0.0,0.0,0.0,780.0,48098,20022,693.0,0.0,13050.0,11449,0.0,0.0,1361.0,0.0
745,180.0,7963,505,0.0,0.0,1910.0,33350.0,0.0,2032.0,455.0,2129.0,760.0,1378,0.0,0.0,0.0,0.0,883.0,2564.0,13376.0,0.0,3400,0.0,780.0,0.0,3330,0.0,0.0,0.0,765.0,48300,20093,700.0,0.0,12955.0,11280,0.0,0.0,1330.0,0.0
740,175.0,8250,505,0.0,0.0,1900.0,32750.0,0.0,1996.0,440.0,2129.0,770.0,1403,0.0,0.0,0.0,0.0,872.0,2542.0,12250.0,0.0,3368,0.0,800.0,0.0,3400,0.0,0.0,0.0,760.0,47700,19890,700.0,0.0,12900.0,11069,0.0,0.0,1355.0,0.0
750,160.0,8275,505,0.0,0.0,1880.0,32600.0,0.0,1971.0,435.0,2119.0,769.0,1389,0.0,0.0,0.0,0.0,878.0,2557.0,11396.0,0.0,3400,0.0,810.0,0.0,3400,0.0,0.0,0.0,760.0,47500,19505,686.0,0.0,13050.0,10879,0.0,0.0,1370.0,0.0
755,164.0,7995,505,0.0,0.0,1865.0,32900.0,0.0,1979.0,450.0,2119.0,760.0,1389,0.0,0.0,0.0,0.0,875.0,2557.0,12056.0,0.0,3399,0.0,820.0,0.0,3400,0.0,0.0,0.0,780.0,46500,19725,685.0,0.0,13300.0,10870,0.0,0.0,1305.0,0.0
765,163.0,7613,500,0.0,0.0,1900.0,32150.0,0.0,2020.0,447.0,2099.0,750.0,1389,0.0,0.0,0.0,0.0,882.0,2601.0,12584.0,0.0,3540,0.0,810.0,0.0,3464,0.0,0.0,0.0,774.0,45900,20319,693.0,0.0,12980.0,11460,0.0,0.0,1312.0,0.0
765,161.0,7313,500,0.0,0.0,1900.0,31450.0,0.0,2020.0,443.0,2040.0,745.0,1428,0.0,0.0,0.0,0.0,915.0,2601.0,11264.0,0.0,3550,0.0,800.0,0.0,3416,0.0,0.0,0.0,750.0,46000,20495,711.0,0.0,13050.0,11300,0.0,0.0,1314.0,0.0
755,155.0,7250,499,0.0,0.0,1921.0,31490.0,0.0,2072.0,442.0,1979.0,760.0,1445,0.0,0.0,0.0,0.0,890.0,2650.0,11414.0,0.0,3610,0.0,815.0,0.0,3401,0.0,0.0,0.0,749.0,45880,20000,714.0,0.0,13010.0,11450,0.0,0.0,1325.0,0.0
750,155.0,6950,485,0.0,0.0,1886.0,33400.0,0.0,2098.0,443.0,1919.0,754.0,1417,0.0,0.0,0.0,0.0,899.0,2619.0,11466.0,0.0,3600,0.0,815.0,0.0,3400,0.0,0.0,0.0,749.0,46100,19434,706.0,0.0,13150.0,11150,0.0,0.0,1300.0,0.0
750,160.0,7128,485,0.0,0.0,1830.0,31400.0,0.0,2072.0,443.0,1939.0,760.0,1445,0.0,0.0,0.0,0.0,900.0,2564.0,10595.0,0.0,3500,0.0,827.0,0.0,3390,0.0,0.0,0.0,740.0,46300,19341,706.0,0.0,13350.0,11350,0.0,0.0,1281.0,0.0
750,180.0,7200,475,0.0,0.0,1760.0,31100.0,0.0,2096.0,450.0,1949.0,750.0,1389,0.0,0.0,0.0,0.0,902.0,2564.0,9548.0,0.0,3450,0.0,835.0,0.0,3364,0.0,0.0,0.0,740.0,46300,19407,697.0,0.0,13334.0,11330,0.0,0.0,1300.0,0.0
745,144.0,7500,475,0.0,0.0,1800.0,30585.0,0.0,2022.0,442.0,1924.0,760.0,1403,0.0,0.0,0.0,0.0,895.0,2564.0,11528.0,0.0,3460,0.0,811.0,0.0,3370,0.0,0.0,0.0,740.0,45400,19670,693.0,0.0,13100.0,11110,0.0,0.0,1287.0,0.0
755,141.0,7675,475,0.0,0.0,1800.0,29150.0,0.0,2020.0,431.0,1914.0,750.0,1417,0.0,0.0,0.0,0.0,885.0,2549.0,10441.0,0.0,3370,0.0,801.0,0.0,3290,0.0,0.0,0.0,730.0,45000,20056,684.0,0.0,13250.0,11050,0.0,0.0,1300.0,0.0
754,140.0,7625,475,0.0,0.0,1760.0,27400.0,0.0,2020.0,437.0,1910.0,765.0,1389,0.0,0.0,0.0,0.0,861.0,2557.0,11308.0,0.0,3325,0.0,790.0,0.0,3280,0.0,0.0,0.0,715.0,44500,19632,668.0,0.0,13060.0,10911,0.0,0.0,1280.0,0.0
755,138.0,7501,475,0.0,0.0,1770.0,30400.0,0.0,2020.0,439.0,1910.0,770.0,1389,0.0,0.0,0.0,0.0,861.0,2520.0,11308.0,0.0,3330,0.0,790.0,0.0,3210,0.0,0.0,0.0,700.0,44500,19451,668.0,0.0,12902.0,11120,0.0,0.0,1270.0,0.0
750,140.0,7501,475,0.0,0.0,1780.0,29550.0,0.0,2020.0,439.0,1899.0,770.0,1422,0.0,0.0,0.0,0.0,846.0,2520.0,10551.0,0.0,3330,0.0,779.0,0.0,3210,0.0,0.0,0.0,701.0,44400,19451,655.0,0.0,12260.0,11120,0.0,0.0,1270.0,0.0
750,140.0,7350,475,0.0,0.0,1780.0,30450.0,0.0,2038.0,435.0,1909.0,770.0,1431,0.0,0.0,0.0,0.0,842.0,2549.0,11194.0,0.0,3350,0.0,782.0,0.0,3280,0.0,0.0,0.0,700.0,42400,19407,655.0,0.0,12305.0,11300,0.0,0.0,1261.0,0.0
750,139.0,7050,471,0.0,0.0,1770.0,30450.0,0.0,1999.0,428.0,1878.0,780.0,1445,0.0,0.0,0.0,0.0,861.0,2542.0,11836.0,0.0,3300,0.0,785.0,0.0,3270,0.0,0.0,0.0,700.0,43100,19451,650.0,0.0,12305.0,10960,0.0,0.0,1280.0,0.0
752,135.0,7050,470,0.0,0.0,1770.0,29000.0,0.0,1987.0,430.0,1749.0,780.0,1427,0.0,0.0,0.0,0.0,840.0,2560.0,12144.0,0.0,3215,0.0,787.0,0.0,3284,0.0,0.0,0.0,700.0,42000,19648,643.0,0.0,12456.0,10810,0.0,0.0,1245.0,0.0
760,140.0,7125,469,0.0,0.0,1750.0,29400.0,0.0,1977.0,420.0,1799.0,770.0,1431,0.0,0.0,0.0,0.0,833.0,2528.0,12408.0,0.0,3205,0.0,785.0,0.0,3290,0.0,0.0,0.0,700.0,42900,19780,642.0,0.0,12510.0,10900,0.0,0.0,1190.0,0.0
755,140.0,7298,465,0.0,0.0,1700.0,29601.0,0.0,1939.0,410.0,1839.0,762.0,1352,0.0,0.0,0.0,0.0,837.0,2570.0,11440.0,0.0,3300,0.0,785.0,0.0,3320,0.0,0.0,0.0,710.0,42200,19231,642.0,0.0,12350.0,10800,0.0,0.0,1160.0,0.0
750,137.0,7325,465,0.0,0.0,1700.0,29300.0,0.0,1947.0,408.0,1769.0,762.0,1291,0.0,0.0,0.0,0.0,815.0,2549.0,11616.0,0.0,3180,0.0,755.0,0.0,3290,0.0,0.0,0.0,710.0,39800,18626,618.0,0.0,12000.0,10850,0.0,0.0,1210.0,0.0
750,139.0,6950,465,0.0,0.0,1685.0,30060.0,0.0,1949.0,385.0,1839.0,760.0,1310,0.0,0.0,0.0,0.0,856.0,2509.0,11299.0,0.0,3151,0.0,780.0,0.0,3160,0.0,0.0,0.0,710.0,39300,18352,655.0,0.0,12100.0,10600,0.0,0.0,1125.0,0.0
730,133.0,6915,465,0.0,0.0,1690.0,29450.0,0.0,1999.0,406.0,1879.0,754.0,1291,0.0,0.0,0.0,0.0,859.0,2529.0,10718.0,0.0,3326,0.0,775.0,0.0,3210,0.0,0.0,0.0,710.0,40500,18329,650.0,0.0,11880.0,10575,0.0,0.0,1170.0,0.0
750,136.0,7148,464,0.0,0.0,1720.0,30000.0,0.0,1906.0,439.0,1872.0,751.0,1293,0.0,0.0,0.0,0.0,820.0,2542.0,10252.0,0.0,3200,0.0,750.0,0.0,3180,0.0,0.0,0.0,680.0,40000,18899,630.0,0.0,11560.0,11000,0.0,0.0,1170.0,0.0
745,134.0,7112,465,0.0,0.0,1650.0,28220.0,0.0,1826.0,430.0,1849.0,745.0,1305,0.0,0.0,0.0,0.0,805.0,2586.0,11219.0,0.0,3250,0.0,740.0,0.0,3200,0.0,0.0,0.0,672.0,38800,18791,615.0,0.0,11900.0,11000,0.0,0.0,1220.0,0.0
730,130.0,6825,460,0.0,0.0,1680.0,27400.0,0.0,1850.0,429.0,1804.0,745.0,1254,0.0,0.0,0.0,0.0,792.0,2582.0,10613.0,0.0,3219,0.0,725.0,0.0,3130,0.0,0.0,0.0,670.0,37002,18835,598.0,0.0,11700.0,11000,0.0,0.0,1225.0,0.0
720,125.0,6525,470,0.0,0.0,1665.0,26450.0,0.0,1818.0,430.0,1849.0,760.0,1251,0.0,0.0,0.0,0.0,827.0,2488.0,10410.0,0.0,3250,0.0,740.0,0.0,3039,0.0,0.0,0.0,735.0,36300,18264,616.0,0.0,11750.0,11100,0.0,0.0,1145.0,0.0
720,125.0,6631,470,0.0,0.0,1735.0,27300.0,0.0,1848.0,440.0,1869.0,745.0,1255,0.0,0.0,0.0,0.0,851.0,2509.0,10283.0,0.0,3190,0.0,725.0,0.0,3012,0.0,0.0,0.0,720.0,37200,18549,622.0,0.0,11677.0,11100,0.0,0.0,1140.0,0.0
730,130.0,6750,465,0.0,0.0,1710.0,26900.0,0.0,1898.0,435.0,1869.0,750.0,1277,0.0,0.0,0.0,0.0,835.0,2509.0,10647.0,0.0,3176,0.0,720.0,0.0,3020,0.0,0.0,0.0,720.0,37950,19055,618.0,0.0,11669.0,11200,0.0,0.0,1125.0,0.0
740,140.0,6813,465,0.0,0.0,1725.0,26071.0,0.0,1882.0,430.0,1869.0,745.0,1274,0.0,0.0,0.0,0.0,815.0,2524.0,11317.0,0.0,3071,0.0,720.0,0.0,2976,0.0,0.0,0.0,720.0,36800,19198,604.0,0.0,12051.0,11235,0.0,0.0,1130.0,0.0
740,140.0,6838,465,0.0,0.0,1690.0,26015.0,0.0,1818.0,445.0,1779.0,725.0,1270,0.0,0.0,0.0,0.0,821.0,2454.0,11766.0,0.0,3095,0.0,720.0,0.0,2940,0.0,0.0,0.0,720.0,35000,18769,599.0,0.0,12550.0,10910,0.0,0.0,1091.0,0.0
740,136.0,6700,465,0.0,0.0,1690.0,26701.0,0.0,1778.0,446.0,1749.0,705.0,1263,0.0,0.0,0.0,0.0,825.0,2454.0,11748.0,0.0,3106,0.0,700.0,0.0,2880,0.0,0.0,0.0,725.0,34700,18308,612.0,0.0,12221.0,10501,0.0,0.0,1070.0,0.0
736,135.0,6563,465,0.0,0.0,1735.0,27200.0,0.0,1753.0,445.0,1739.0,700.0,1290,0.0,0.0,0.0,0.0,844.0,2476.0,11352.0,0.0,3150,0.0,710.0,0.0,2740,0.0,0.0,0.0,750.0,36401,17802,638.0,0.0,11810.0,10300,0.0,0.0,1065.0,0.0
730,140.0,6650,464,0.0,0.0,1750.0,27950.0,0.0,1878.0,440.0,1739.0,680.0,1263,0.0,0.0,0.0,0.0,838.0,2509.0,11986.0,0.0,3210,0.0,710.0,0.0,2840,0.0,0.0,0.0,735.0,37999,17302,638.0,0.0,11750.0,10500,0.0,0.0,1084.0,0.0
748,130.0,6638,456,0.0,0.0,1740.0,28900.0,0.0,1919.0,435.0,1732.0,680.0,1277,0.0,0.0,0.0,0.0,843.0,2454.0,11264.0,0.0,3139,0.0,710.0,0.0,2880,0.0,0.0,0.0,700.0,37000,17291,642.0,0.0,11400.0,10635,0.0,0.0,1035.0,0.0
730,125.0,6525,456,0.0,0.0,1690.0,27850.0,0.0,1987.0,440.0,1754.0,670.0,1270,0.0,0.0,0.0,0.0,851.0,2454.0,10736.0,0.0,3200,0.0,710.0,0.0,2829,0.0,0.0,0.0,700.0,37600,17648,659.0,0.0,11800.0,10700,0.0,0.0,1102.0,0.0
734,125.0,6713,456,0.0,0.0,1720.0,28400.0,0.0,1979.0,449.0,1774.0,670.0,1285,0.0,0.0,0.0,0.0,850.0,2465.0,10683.0,0.0,3300,0.0,720.0,0.0,2850,0.0,0.0,0.0,710.0,40205,17912,635.0,0.0,11800.0,10700,0.0,0.0,1203.0,0.0
745,135.0,6700,456,0.0,0.0,1720.0,28500.0,0.0,1979.0,450.0,1777.0,671.0,1262,0.0,0.0,0.0,0.0,822.0,2469.0,11263.0,0.0,3230,0.0,720.0,0.0,2840,0.0,0.0,0.0,700.0,39900,18401,612.0,0.0,11850.0,10450,0.0,0.0,1150.0,0.0
740,135.0,6659,456,0.0,0.0,1710.0,27250.0,0.0,1939.0,441.0,1774.0,700.0,1236,0.0,0.0,0.0,0.0,800.0,2407.0,10419.0,0.0,3110,0.0,715.0,0.0,2770,0.0,0.0,0.0,700.0,37500,17978,587.0,0.0,12160.0,10120,0.0,0.0,1100.0,0.0
740,130.0,6525,456,0.0,0.0,1720.0,26850.0,0.0,1919.0,435.0,1749.0,700.0,1234,0.0,0.0,0.0,0.0,785.0,2363.0,9944.0,0.0,3000,0.0,725.0,0.0,2770,0.0,0.0,2580.0,700.0,36700,17411,582.0,0.0,12165.0,9700,0.0,0.0,1061.0,0.0
735,130.0,6412,456,0.0,0.0,1700.0,27450.0,0.0,1919.0,435.0,1754.0,707.0,1201,0.0,0.0,0.0,0.0,785.0,2333.0,9495.0,0.0,3036,0.0,718.0,0.0,2594,0.0,0.0,2600.0,700.0,36600,16516,591.0,0.0,12030.0,9425,0.0,0.0,1095.0,0.0
735,135.0,6188,465,0.0,0.0,1690.0,26350.0,0.0,1858.0,417.0,1724.0,695.0,1215,0.0,0.0,0.0,0.0,775.0,2344.0,9944.0,0.0,2962,0.0,735.0,0.0,2641,0.0,0.0,2650.0,700.0,35800,15923,578.0,0.0,11700.0,9801,0.0,0.0,1086.0,0.0
725,126.0,6225,460,0.0,0.0,1683.0,24350.0,0.0,1874.0,420.0,1719.0,695.0,1258,0.0,0.0,0.0,0.0,775.0,2381.0,8906.0,0.0,2999,0.0,740.0,0.0,2800,0.0,0.0,2840.0,700.0,34000,16615,595.0,0.0,11650.0,10300,0.0,0.0,1100.0,0.0
725,125.0,5988,465,0.0,0.0,1685.0,22050.0,0.0,1773.0,414.0,1719.0,700.0,1220,0.0,0.0,0.0,0.0,791.0,2484.0,8492.0,0.0,3000,0.0,750.0,0.0,2960,0.0,0.0,2940.0,690.0,32200,15275,625.0,0.0,11301.0,10891,0.0,0.0,1117.0,0.0
730,135.0,5688,465,0.0,0.0,1610.0,23000.0,0.0,1718.0,410.0,1749.0,665.0,1248,0.0,0.0,0.0,0.0,800.0,2464.0,9601.0,0.0,2980,0.0,710.0,0.0,2980,0.0,0.0,2991.0,690.0,33000,14500,594.0,0.0,11200.0,10550,0.0,0.0,1175.0,0.0
735,135.0,5438,460,0.0,0.0,1626.0,20725.0,0.0,1717.0,415.0,1759.0,670.0,1206,0.0,0.0,0.0,0.0,775.0,2491.0,9592.0,0.0,2950,0.0,730.0,0.0,3040,0.0,0.0,3040.0,679.0,31400,15121,570.0,0.0,11400.0,10495,0.0,0.0,1090.0,0.0
730,135.0,5350,460,0.0,0.0,1601.0,20330.0,0.0,1615.0,410.0,1759.0,670.0,1195,0.0,0.0,0.0,0.0,778.0,2491.0,9020.0,0.0,2825,0.0,736.0,0.0,2800,0.0,0.0,2715.0,680.0,32020,13901,549.0,0.0,11950.0,10200,0.0,0.0,1080.0,0.0
730,131.0,5625,460,0.0,0.0,1625.0,22560.0,0.0,1514.0,415.0,1749.0,680.0,1167,0.0,0.0,0.0,0.0,765.0,2509.0,9350.0,0.0,2800,0.0,730.0,0.0,2720,0.0,0.0,2748.0,660.0,32000,14286,556.0,0.0,11850.0,10150,0.0,0.0,1070.0,0.0
720,140.0,5700,460,0.0,0.0,1666.0,22050.0,0.0,1413.0,420.0,1724.0,710.0,1122,0.0,0.0,0.0,0.0,780.0,2480.0,10208.0,0.0,2775,0.0,725.0,0.0,2680,0.0,0.0,2688.0,670.0,32300,13736,557.0,0.0,11150.0,9690,0.0,0.0,1100.0,0.0
715,140.0,5813,460,0.0,0.0,1640.0,21800.0,0.0,1343.0,400.0,1719.0,715.0,1131,0.0,0.0,0.0,0.0,790.0,2418.0,9328.0,0.0,2801,0.0,705.0,0.0,2616,0.0,0.0,2620.0,670.0,31600,12692,557.0,0.0,11200.0,9380,0.0,0.0,1031.0,0.0
710,135.0,6051,460,0.0,0.0,1630.0,22300.0,0.0,1414.0,410.0,1729.0,680.0,1150,0.0,0.0,0.0,0.0,800.0,2436.0,10076.0,0.0,2925,0.0,708.0,0.0,2580,0.0,0.0,2550.0,671.0,32300,13549,549.0,0.0,11100.0,10000,0.0,0.0,1055.0,0.0
695,130.0,6250,465,0.0,0.0,1660.0,23400.0,0.0,1505.0,400.0,1719.0,685.0,1135,0.0,0.0,0.0,0.0,809.0,2404.0,9592.0,0.0,2894,0.0,730.0,0.0,2640,0.0,0.0,2620.0,670.0,35200,14066,552.0,0.0,11000.0,9760,0.0,0.0,1025.0,0.0
685,162.0,6808,465,0.0,0.0,1670.0,22205.0,0.0,1583.0,398.0,1719.0,670.0,1135,0.0,0.0,0.0,0.0,809.0,2473.0,9592.0,0.0,2840,0.0,730.0,0.0,2600,0.0,0.0,2620.0,670.0,35200,14331,552.0,0.0,11100.0,9900,0.0,0.0,1031.0,0.0
689,160.0,6808,465,0.0,0.0,1630.0,23825.0,0.0,1583.0,398.0,1699.0,660.0,1131,0.0,0.0,0.0,0.0,812.0,2473.0,10102.0,0.0,2840,0.0,710.0,0.0,2600,0.0,0.0,2620.0,670.0,34000,14331,553.0,0.0,11040.0,9900,0.0,0.0,1031.0,0.0
689,160.0,6561,465,0.0,0.0,1675.0,23600.0,0.0,1599.0,410.0,1679.0,660.0,1128,0.0,0.0,0.0,0.0,800.0,2388.0,10164.0,0.0,2950,0.0,675.0,0.0,2580,0.0,0.0,2585.0,653.0,33000,14365,553.0,0.0,11200.0,9950,0.0,0.0,1030.0,0.0
690,160.0,6490,460,0.0,0.0,1800.0,23600.0,0.0,1567.0,406.0,1669.0,660.0,1139,0.0,0.0,0.0,0.0,790.0,2399.0,10199.0,0.0,2935,0.0,690.0,0.0,2570,0.0,0.0,2565.0,653.0,33180,14308,553.0,0.0,11200.0,10560,0.0,0.0,1070.0,0.0
710,160.0,6588,460,0.0,0.0,1800.0,24000.0,0.0,1555.0,405.0,1664.0,660.0,1183,0.0,0.0,0.0,0.0,780.0,2407.0,10208.0,0.0,2925,0.0,700.0,0.0,2568,0.0,0.0,2570.0,650.0,33520,13846,553.0,0.0,11498.0,10850,0.0,0.0,1070.0,0.0
695,165.0,6838,460,0.0,0.0,1870.0,24010.0,0.0,1595.0,415.0,1652.0,660.0,1234,0.0,0.0,0.0,0.0,780.0,2454.0,10340.0,0.0,2940,0.0,700.0,0.0,2540,0.0,0.0,2630.0,650.0,32800,14165,548.0,0.0,11600.0,10800,0.0,0.0,1100.0,0.0
700,165.0,6663,460,0.0,0.0,1860.0,24400.0,0.0,1668.0,410.0,1664.0,650.0,1215,0.0,0.0,0.0,0.0,800.0,2484.0,10041.0,0.0,2960,0.0,685.0,0.0,2660,0.0,0.0,2584.0,640.0,31640,13574,548.0,0.0,11380.0,10733,0.0,0.0,1078.0,0.0
710,190.0,6563,460,0.0,0.0,1870.0,24500.0,0.0,1690.0,401.0,1649.0,660.0,1220,0.0,0.0,0.0,0.0,800.0,2491.0,9856.0,0.0,3020,0.0,680.0,0.0,2580,0.0,0.0,2660.0,629.0,31900,13835,532.0,0.0,11005.0,10780,0.0,0.0,1090.0,0.0
710,190.0,6638,460,0.0,0.0,1870.0,25150.0,0.0,1587.0,400.0,1664.0,656.0,1248,0.0,0.0,0.0,0.0,792.0,2506.0,9662.0,0.0,2980,0.0,645.0,0.0,2620,0.0,0.0,2660.0,629.0,32700,14154,534.0,0.0,11030.0,10445,0.0,0.0,1045.0,0.0
709,166.0,6788,460,0.0,0.0,1870.0,23000.0,0.0,1542.0,407.0,1649.0,655.0,1240,0.0,0.0,0.0,0.0,805.0,2579.0,9601.0,0.0,2975,0.0,658.0,0.0,2600,0.0,0.0,2600.0,600.0,32570,14775,534.0,0.0,11000.0,10960,0.0,0.0,1054.0,0.0
710,191.0,7000,461,0.0,0.0,1950.0,23345.0,0.0,1470.0,422.0,1649.0,650.0,1248,0.0,0.0,0.0,0.0,758.0,2619.0,10076.0,0.0,3000,0.0,647.0,0.0,2500,0.0,0.0,2500.0,615.0,33600,15132,527.0,0.0,10935.0,11500,0.0,0.0,1090.0,0.0
710,200.0,7188,460,0.0,0.0,1905.0,23050.0,0.0,1414.0,450.0,1639.0,650.0,1209,0.0,0.0,0.0,0.0,785.0,2564.0,10120.0,0.0,2965,0.0,642.0,0.0,2510,0.0,0.0,2530.0,600.0,33500,15154,519.0,0.0,10490.0,11440,0.0,0.0,1060.0,0.0
705,195.0,7000,460,0.0,0.0,1980.0,22575.0,0.0,1383.0,435.0,1594.0,640.0,1211,0.0,0.0,0.0,0.0,805.0,2559.0,10339.0,0.0,2910,0.0,640.0,0.0,2460,0.0,0.0,2500.0,590.0,34400,14934,540.0,0.0,10900.0,11050,0.0,0.0,1026.0,0.0
695,190.0,7106,460,0.0,0.0,1990.0,23750.0,0.0,1454.0,445.0,1699.0,640.0,1279,0.0,0.0,0.0,0.0,817.0,2556.0,10270.0,0.0,2855,0.0,651.0,0.0,2380,0.0,0.0,2430.0,605.0,36950,15231,547.0,0.0,10800.0,11500,0.0,0.0,1035.0,0.0
690,190.0,7275,462,0.0,0.0,1980.0,23650.0,0.0,1393.0,449.0,1699.0,642.0,1235,0.0,0.0,0.0,0.0,814.0,2546.0,10516.0,0.0,2875,0.0,660.0,0.0,2380,0.0,0.0,2400.0,605.0,36600,14847,531.0,0.0,10600.0,11200,0.0,0.0,1000.0,0.0
680,186.0,6900,465,0.0,0.0,1815.0,24000.0,0.0,1393.0,442.0,1774.0,633.0,1263,0.0,0.0,0.0,0.0,822.0,2546.0,11018.0,0.0,2790,0.0,669.0,0.0,2310,0.0,0.0,2350.0,625.0,36399,14637,550.0,0.0,10800.0,11200,0.0,0.0,930.0,0.0
685,185.0,6675,470,0.0,0.0,1830.0,23525.0,0.0,1454.0,420.0,1799.0,640.0,1255,0.0,0.0,0.0,0.0,810.0,2558.0,11088.0,0.0,2855,0.0,670.0,0.0,2360,0.0,0.0,2360.0,625.0,35410,14615,547.0,0.0,10829.0,11600,0.0,0.0,930.0,0.0
685,180.0,6838,470,0.0,0.0,1860.0,24200.0,0.0,1422.0,435.0,1799.0,650.0,1240,0.0,0.0,0.0,0.0,775.0,2557.0,11220.0,0.0,2840,0.0,670.0,0.0,2348,0.0,0.0,2370.0,650.0,34600,14923,524.0,0.0,10550.0,12000,0.0,0.0,930.0,0.0
680,190.0,6463,461,0.0,0.0,1780.0,24500.0,0.0,1453.0,440.0,1799.0,649.0,1227,0.0,0.0,0.0,0.0,773.0,2557.0,11441.0,0.0,2730,0.0,651.0,0.0,2404,0.0,0.0,2420.0,720.0,33800,14242,524.0,0.0,10480.0,11750,0.0,0.0,910.0,0.0
670,185.0,6463,470,0.0,0.0,1790.0,24500.0,0.0,1454.0,449.0,1849.0,650.0,1220,0.0,0.0,0.0,0.0,792.0,2568.0,11836.0,0.0,2740,0.0,660.0,0.0,2370,0.0,0.0,2375.0,720.0,33800,13901,531.0,0.0,10400.0,11700,0.0,0.0,909.0,0.0
665,190.0,6725,470,0.0,0.0,1800.0,25010.0,0.0,1414.0,450.0,1890.0,651.0,1199,0.0,0.0,0.0,0.0,770.0,2573.0,11928.0,0.0,2785,0.0,660.0,0.0,2380,0.0,0.0,2400.0,735.0,34000,13329,556.0,0.0,10100.0,11700,0.0,0.0,920.0,0.0
670,171.0,6938,465,0.0,0.0,1740.0,24900.0,0.0,1414.0,450.0,1899.0,660.0,1209,0.0,0.0,0.0,0.0,781.0,2577.0,12962.0,0.0,2810,0.0,655.0,0.0,2380,0.0,0.0,2428.0,725.0,34700,13758,565.0,0.0,9900.0,11990,0.0,0.0,940.0,0.0
670,171.0,7188,467,0.0,0.0,1715.0,25400.0,0.0,1414.0,460.0,1899.0,655.0,1285,0.0,0.0,0.0,0.0,815.0,2637.0,12496.0,0.0,2850,0.0,665.0,0.0,2540,0.0,0.0,2428.0,720.0,35299,13874,591.0,0.0,9650.0,11700,0.0,0.0,1020.0,0.0
660,175.0,7368,467,0.0,0.0,1715.0,25500.0,0.0,1474.0,460.0,1964.0,650.0,1274,0.0,0.0,0.0,0.0,815.0,2692.0,11581.0,0.0,3000,0.0,664.0,0.0,2658,0.0,0.0,2654.0,710.0,37000,14703,591.0,0.0,10002.0,11680,0.0,0.0,1000.0,0.0
660,175.0,7500,467,0.0,0.0,1680.0,27850.0,0.0,1573.0,475.0,2098.0,651.0,1232,0.0,0.0,0.0,0.0,786.0,2710.0,12584.0,0.0,3130,0.0,650.0,0.0,2768,0.0,0.0,2800.0,700.0,34850,15166,577.0,0.0,10000.0,11780,0.0,0.0,989.0,0.0
661,176.0,7500,455,0.0,0.0,1750.0,27250.0,0.0,1519.0,465.0,2150.0,670.0,1206,0.0,0.0,0.0,0.0,759.0,2652.0,12593.0,0.0,3010,0.0,650.0,0.0,2590,0.0,0.0,2646.0,710.0,34800,14670,553.0,0.0,10500.0,12000,0.0,0.0,960.0,0.0
660,180.0,7325,455,0.0,0.0,1810.0,25900.0,0.0,1523.0,457.0,2180.0,680.0,1226,0.0,0.0,0.0,0.0,760.0,2619.0,13255.0,0.0,2930,0.0,641.0,0.0,2440,0.0,0.0,2465.0,710.0,34800,14505,557.0,0.0,10650.0,11850,0.0,0.0,930.0,0.0
660,190.0,7325,470,0.0,0.0,1810.0,27100.0,0.0,1565.0,455.0,2199.0,695.0,1244,0.0,0.0,0.0,0.0,768.0,2614.0,12672.0,0.0,2911,0.0,660.0,0.0,2368,0.0,0.0,2390.0,720.0,34800,14527,551.0,0.0,10475.0,12001,0.0,0.0,910.0,0.0
690,190.0,7125,454,0.0,0.0,1822.0,28355.0,0.0,1555.0,465.0,2149.0,685.0,1213,0.0,0.0,0.0,0.0,762.0,2645.0,12936.0,0.0,2978,0.0,670.0,0.0,2380,0.0,0.0,2440.0,750.0,34500,14505,539.0,0.0,10100.0,11820,0.0,0.0,908.0,0.0
689,180.0,7000,450,0.0,0.0,1820.0,29750.0,0.0,1537.0,460.0,2145.0,660.0,1229,0.0,0.0,0.0,0.0,734.0,2604.0,13156.0,0.0,2915,0.0,661.0,0.0,2328,0.0,0.0,2400.0,760.0,34300,14148,536.0,0.0,10397.0,11530,0.0,0.0,908.0,0.0
665,180.0,6939,450,0.0,0.0,1820.0,29305.0,0.0,1494.0,456.0,2121.0,661.0,1206,0.0,0.0,0.0,0.0,728.0,2571.0,13042.0,0.0,2820,0.0,660.0,0.0,2400,0.0,0.0,2450.0,770.0,34500,13736,553.0,0.0,10600.0,11500,0.0,0.0,890.0,0.0
665,165.0,7500,450,0.0,0.0,1900.0,29100.0,0.0,1452.0,459.0,2139.0,665.0,1206,0.0,0.0,0.0,0.0,720.0,2560.0,12830.0,0.0,2770,0.0,650.0,0.0,2570,0.0,0.0,2610.0,770.0,34500,14275,549.0,0.0,10200.0,11680,0.0,0.0,880.0,0.0
668,175.0,7650,450,0.0,0.0,1900.0,28895.0,0.0,1454.0,450.0,2139.0,651.0,1206,0.0,0.0,0.0,0.0,720.0,2494.0,12830.0,0.0,2740,0.0,650.0,0.0,2530,0.0,0.0,2612.0,810.0,34500,14066,549.0,0.0,10151.0,11950,0.0,0.0,880.0,0.0
670,170.0,7650,451,0.0,0.0,1840.0,29405.0,0.0,1454.0,450.0,2159.0,655.0,1263,0.0,0.0,0.0,0.0,746.0,2494.0,12330.0,0.0,2740,0.0,660.0,0.0,2530,0.0,0.0,2612.0,800.0,35310,14066,549.0,0.0,10500.0,11950,0.0,0.0,880.0,0.0
670,170.0,7625,451,0.0,0.0,1860.0,30051.0,0.0,1416.0,455.0,2049.0,660.0,1260,0.0,0.0,0.0,0.0,770.0,2482.0,11396.0,0.0,2830,0.0,655.0,0.0,2500,0.0,0.0,2600.0,820.0,35110,14066,571.0,0.0,10197.0,11900,0.0,0.0,890.0,0.0
661,170.0,7413,453,0.0,0.0,1860.0,30051.0,0.0,1448.0,495.0,1914.0,652.0,1234,0.0,0.0,0.0,0.0,765.0,2529.0,11427.0,0.0,2964,0.0,655.0,0.0,2558,0.0,0.0,2630.0,830.0,35600,14835,565.0,0.0,10197.0,11850,0.0,0.0,895.0,0.0
670,180.0,7388,453,0.0,0.0,1860.0,29600.0,0.0,1468.0,461.0,1899.0,652.0,1198,0.0,0.0,0.0,0.0,750.0,2500.0,11967.0,0.0,2980,0.0,650.0,0.0,2530,0.0,0.0,2590.0,825.0,35400,15385,556.0,0.0,10100.0,11875,0.0,0.0,890.0,0.0
665,190.0,7003,453,0.0,0.0,1857.0,27520.0,0.0,1444.0,465.0,1879.0,645.0,1213,0.0,0.0,0.0,0.0,740.0,2418.0,11395.0,0.0,2870,0.0,650.0,0.0,2427,0.0,0.0,2520.0,825.0,35900,14670,568.0,0.0,10350.0,11880,0.0,0.0,830.0,0.0
660,180.0,7325,453,0.0,0.0,1855.0,27845.0,0.0,1498.0,456.0,1779.0,650.0,1226,0.0,0.0,0.0,0.0,755.0,2421.0,10681.0,0.0,2870,0.0,650.0,0.0,2412,0.0,0.0,2500.0,830.0,35800,15275,570.0,0.0,10150.0,11705,0.0,0.0,848.0,0.0
665,160.0,6875,456,0.0,0.0,1900.0,28485.0,0.0,1464.0,455.0,1799.0,645.0,1234,0.0,0.0,0.0,0.0,732.0,2445.0,10736.0,0.0,2929,0.0,650.0,0.0,2520,0.0,0.0,2600.0,825.0,36600,15374,570.0,0.0,9940.0,11460,0.0,0.0,870.0,0.0
660,160.0,6938,456,0.0,0.0,1900.0,27850.0,0.0,1494.0,450.0,1829.0,630.0,1232,0.0,0.0,0.0,0.0,735.0,2436.0,10560.0,0.0,2875,0.0,655.0,0.0,2439,0.0,0.0,2520.0,822.0,37200,15275,570.0,0.0,10160.0,11320,0.0,0.0,885.0,0.0
655,160.0,7188,456,0.0,0.0,1920.0,27500.0,0.0,1535.0,445.0,1849.0,625.0,1220,0.0,0.0,0.0,0.0,725.0,2417.0,10384.0,0.0,2889,0.0,640.0,0.0,2500,0.0,0.0,2599.0,820.0,37000,15703,559.0,0.0,10200.0,11438,0.0,0.0,910.0,0.0
650,161.0,7338,457,0.0,0.0,1860.0,27500.0,0.0,1474.0,435.0,1874.0,625.0,1199,0.0,0.0,0.0,0.0,726.0,2308.0,9944.0,0.0,2860,0.0,640.0,0.0,2400,0.0,0.0,2490.0,805.0,36520,14797,558.0,0.0,10000.0,11010,0.0,0.0,890.0,0.0
645,165.0,7125,457,0.0,0.0,1895.0,27700.0,0.0,1521.0,440.0,1859.0,625.0,1178,0.0,0.0,0.0,0.0,732.0,2330.0,9803.0,0.0,2850,0.0,636.0,0.0,2398,0.0,0.0,2490.0,800.0,36100,15016,548.0,0.0,10000.0,10865,0.0,0.0,895.0,0.0
655,179.0,7250,457,0.0,0.0,1860.0,27351.0,0.0,1506.0,445.0,1849.0,620.0,1162,0.0,0.0,0.0,0.0,747.0,2317.0,9433.0,0.0,2775,0.0,625.0,0.0,2400,0.0,0.0,2500.0,800.0,36130,14363,544.0,0.0,9865.0,10979,0.0,0.0,900.0,0.0
655,165.0,6938,457,0.0,0.0,1860.0,26126.0,0.0,1454.0,450.0,1879.0,622.0,1178,0.0,0.0,0.0,0.0,755.0,2310.0,9671.0,0.0,2740,0.0,650.0,0.0,2372,0.0,0.0,2475.0,790.0,36999,14066,553.0,0.0,9950.0,11025,0.0,0.0,978.0,0.0
655,180.0,7000,457,0.0,0.0,1850.0,25510.0,0.0,1474.0,460.0,1849.0,625.0,1178,0.0,0.0,0.0,0.0,750.0,2348.0,10314.0,0.0,2835,0.0,650.0,0.0,2372,0.0,0.0,2480.0,790.0,38500,14918,566.0,0.0,10000.0,11500,0.0,0.0,1025.0,0.0
660,170.0,7038,457,0.0,0.0,1850.0,24500.0,0.0,1515.0,455.0,1874.0,625.0,1218,0.0,0.0,0.0,0.0,760.0,2399.0,10076.0,0.0,2929,0.0,670.0,0.0,2451,0.0,0.0,2520.0,760.0,38810,14396,595.0,0.0,10200.0,11440,0.0,0.0,995.0,0.0
670,176.0,7250,457,0.0,0.0,1875.0,24850.0,0.0,1511.0,460.0,1900.0,620.0,1206,0.0,0.0,0.0,0.0,745.0,2445.0,10076.0,0.0,2989,0.0,660.0,0.0,2510,0.0,0.0,2560.0,740.0,37450,14978,578.0,0.0,10440.0,11550,0.0,0.0,1005.0,0.0
690,185.0,7000,460,0.0,0.0,1850.0,26350.0,0.0,1462.0,440.0,1975.0,650.0,1211,0.0,0.0,0.0,0.0,754.0,2381.0,8976.0,0.0,2865,0.0,670.0,0.0,2460,0.0,0.0,2540.0,730.0,38010,14846,573.0,0.0,10265.0,11090,0.0,0.0,1005.0,0.0
690,165.0,7188,462,0.0,0.0,1867.0,25500.0,0.0,1470.0,435.0,1964.0,620.0,1215,0.0,0.0,0.0,0.0,765.0,2414.0,9108.0,0.0,2945,0.0,660.0,0.0,2480,0.0,0.0,2520.0,730.0,37900,15473,575.0,0.0,10480.0,11290,0.0,0.0,1045.0,0.0
690,185.0,7188,470,0.0,0.0,1875.0,25850.0,0.0,1478.0,445.0,1999.0,600.0,1219,0.0,0.0,0.0,0.0,766.0,2410.0,9205.0,0.0,2900,0.0,664.0,0.0,2480,0.0,0.0,2492.0,730.0,37400,15407,587.0,0.0,10483.0,11069,0.0,0.0,1050.0,0.0
700,170.0,7175,470,0.0,0.0,1901.0,24100.0,0.0,1476.0,445.0,2029.0,590.0,1216,0.0,0.0,0.0,0.0,806.0,2410.0,9358.0,0.0,2984,0.0,670.0,0.0,2460,0.0,0.0,2480.0,730.0,37700,15075,597.0,0.0,10765.0,10850,0.0,0.0,1070.0,0.0
675,170.0,7188,470,0.0,0.0,1975.0,24500.0,0.0,1515.0,445.0,2019.0,590.0,1248,0.0,0.0,0.0,0.0,800.0,2480.0,9539.0,0.0,3090,0.0,665.0,0.0,2540,0.0,0.0,2536.0,735.0,37200,15478,608.0,0.0,10790.0,10690,0.0,0.0,1100.0,0.0
700,185.0,7188,470,0.0,0.0,1990.0,24150.0,0.0,1519.0,445.0,2044.0,570.0,1263,0.0,0.0,0.0,0.0,820.0,2498.0,9275.0,0.0,3090,0.0,665.0,0.0,2580,0.0,0.0,2585.0,735.0,38895,15242,612.0,0.0,11100.0,10650,0.0,0.0,1139.0,0.0
700,177.0,7250,475,0.0,0.0,1960.0,24300.0,0.0,1579.0,440.0,1999.0,577.0,1257,0.0,0.0,0.0,0.0,791.0,2480.0,9596.0,0.0,3130,0.0,670.0,0.0,2572,0.0,0.0,2600.0,740.0,38200,15308,608.0,0.0,11320.0,10820,0.0,0.0,1165.0,0.0
705,177.0,7188,480,0.0,0.0,1920.0,24750.0,0.0,1543.0,445.0,2029.0,585.0,1257,0.0,0.0,0.0,0.0,790.0,2458.0,9482.0,0.0,3090,0.0,661.0,0.0,2540,0.0,0.0,2580.0,750.0,37950,14835,604.0,0.0,11250.0,10700,0.0,0.0,1100.0,0.0
699,190.0,7238,485,0.0,0.0,1932.0,24390.0,0.0,1494.0,452.0,2029.0,595.0,1220,0.0,0.0,0.0,0.0,730.0,2454.0,9856.0,0.0,3100,0.0,661.0,0.0,2520,0.0,0.0,2520.0,740.0,36040,14824,587.0,0.0,11350.0,10630,0.0,0.0,1120.0,0.0
690,190.0,7213,490,0.0,0.0,1950.0,24550.0,0.0,1414.0,450.0,2029.0,600.0,1221,0.0,0.0,0.0,0.0,762.0,2385.0,10120.0,0.0,3000,0.0,670.0,0.0,2372,0.0,0.0,2360.0,760.0,36000,14418,598.0,0.0,11050.0,10400,0.0,0.0,1105.0,0.0
693,190.0,7250,490,0.0,0.0,1960.0,24275.0,0.0,1434.0,449.0,2030.0,600.0,1220,0.0,0.0,0.0,0.0,755.0,2345.0,10086.0,0.0,2960,0.0,670.0,0.0,2323,0.0,0.0,2394.0,770.0,36050,14368,587.0,0.0,11350.0,10400,0.0,0.0,1080.0,0.0
701,177.0,7188,500,0.0,0.0,1997.0,25185.0,0.0,1414.0,450.0,2049.0,610.0,1229,0.0,0.0,0.0,0.0,790.0,2344.0,10692.0,0.0,2945,0.0,690.0,0.0,2330,0.0,0.0,2372.0,798.0,37400,14396,612.0,0.0,10820.0,10925,0.0,0.0,1107.0,0.0
710,200.0,7238,500,0.0,0.0,1990.0,25450.0,0.0,1515.0,465.0,2130.0,595.0,1226,0.0,0.0,0.0,0.0,790.0,2472.0,10314.0,0.0,3050,0.0,700.0,0.0,2438,0.0,0.0,2460.0,810.0,36200,14824,612.0,0.0,10860.0,11200,0.0,0.0,1115.0,0.0
730,195.0,7375,495,0.0,0.0,2000.0,26090.0,0.0,1494.0,456.0,2164.0,595.0,1234,0.0,0.0,0.0,0.0,780.0,2491.0,10648.0,0.0,3028,0.0,700.0,0.0,2380,0.0,0.0,2435.0,800.0,36010,14302,616.0,0.0,10860.0,10950,0.0,0.0,1149.0,0.0
720,194.0,7613,495,0.0,0.0,2000.0,26950.0,0.0,1454.0,460.0,2199.0,597.0,1240,0.0,0.0,0.0,0.0,796.0,2454.0,10472.0,0.0,3030,0.0,695.0,0.0,2400,0.0,0.0,2445.0,785.0,36300,14473,626.0,0.0,11100.0,10780,0.0,0.0,1144.0,0.0
730,195.0,7800,495,0.0,0.0,2015.0,26875.0,0.0,1454.0,460.0,2220.0,610.0,1263,0.0,0.0,0.0,0.0,800.0,2462.0,10472.0,0.0,3100,0.0,690.0,0.0,2412,0.0,0.0,2490.0,800.0,37100,14714,651.0,0.0,11200.0,10799,0.0,0.0,1165.0,0.0
750,201.0,7550,485,0.0,0.0,2000.0,27700.0,0.0,1434.0,465.0,2273.0,600.0,1255,0.0,0.0,0.0,0.0,790.0,2436.0,9680.0,0.0,3215,0.0,697.0,0.0,2420,0.0,0.0,2471.0,825.0,36100,15027,672.0,0.0,11150.0,10560,0.0,0.0,1205.0,0.0
750,210.0,7500,485,0.0,0.0,2025.0,27395.0,0.0,1406.0,465.0,2243.0,610.0,1243,0.0,0.0,0.0,0.0,800.0,2389.0,9680.0,0.0,3340,0.0,695.0,0.0,2480,0.0,0.0,2492.0,830.0,36900,14780,680.0,0.0,11250.0,10640,0.0,0.0,1235.0,0.0
736,220.0,7650,495,0.0,0.0,2100.0,27950.0,0.0,1393.0,470.0,2214.0,620.0,1276,0.0,0.0,0.0,0.0,820.0,2381.0,9812.0,0.0,3320,0.0,680.0,0.0,2460,0.0,0.0,2520.0,820.0,37100,14714,662.0,0.0,11500.0,10850,0.0,0.0,1219.0,0.0
740,200.0,7415,495,0.0,0.0,2170.0,28596.0,0.0,1408.0,475.0,2195.0,620.0,1263,0.0,0.0,0.0,0.0,813.0,2385.0,10072.0,0.0,3260,0.0,680.0,0.0,2420,0.0,0.0,2460.0,800.0,37000,14670,648.0,0.0,11940.0,11020,0.0,0.0,1211.0,0.0
740,210.0,7503,495,0.0,0.0,2100.0,28300.0,0.0,1418.0,485.0,2179.0,620.0,1278,0.0,0.0,0.0,0.0,825.0,2372.0,9526.0,0.0,3190,0.0,699.0,0.0,2340,0.0,0.0,2400.0,800.0,37400,14725,667.0,0.0,11890.0,10700,0.0,0.0,1185.0,0.0
730,220.0,7525,495,0.0,0.0,2135.0,27750.0,0.0,1410.0,490.0,2169.0,620.0,1307,0.0,0.0,0.0,0.0,845.0,2407.0,9680.0,0.0,3220,0.0,695.0,0.0,2370,0.0,0.0,2420.0,810.0,37555,14592,672.0,0.0,11750.0,10690,0.0,0.0,1185.0,0.0
730,220.0,7493,495,0.0,0.0,2120.0,28750.0,0.0,1393.0,500.0,2204.0,620.0,1329,0.0,0.0,0.0,0.0,860.0,2471.0,9940.0,0.0,3300,0.0,705.0,0.0,2440,0.0,0.0,2464.0,800.0,38200,14231,663.0,0.0,11600.0,10500,0.0,0.0,1194.0,0.0
740,219.0,7500,495,0.0,0.0,2000.0,28125.0,0.0,1393.0,504.0,2209.0,615.0,1284,0.0,0.0,0.0,0.0,842.0,2517.0,9926.0,0.0,3266,0.0,725.0,0.0,2540,0.0,0.0,2571.0,801.0,38000,14687,656.0,0.0,12000.0,10700,0.0,0.0,1215.0,0.0
730,230.0,7375,505,0.0,0.0,2050.0,27890.0,0.0,1362.0,515.0,2219.0,625.0,1338,0.0,0.0,0.0,0.0,829.0,2528.0,9627.0,0.0,3200,0.0,719.0,0.0,2536,0.0,0.0,2550.0,820.0,37600,14355,643.0,0.0,12365.0,10900,0.0,0.0,1190.0,0.0
750,230.0,7500,505,0.0,0.0,2120.0,28650.0,0.0,1373.0,515.0,2244.0,650.0,1361,0.0,0.0,0.0,0.0,855.0,2528.0,9328.0,0.0,3120,0.0,718.0,0.0,2490,0.0,0.0,2520.0,830.0,37700,14604,650.0,0.0,12150.0,11300,0.0,0.0,1200.0,0.0
752,250.0,7375,505,0.0,0.0,2150.0,28101.0,0.0,1389.0,523.0,2298.0,635.0,1347,0.0,0.0,0.0,0.0,854.0,2560.0,9214.0,0.0,3175,0.0,740.0,0.0,2458,0.0,0.0,2505.0,830.0,37700,14725,659.0,0.0,12050.0,11260,0.0,0.0,1220.0,0.0
765,242.0,7125,510,0.0,0.0,2177.0,27925.0,0.0,1454.0,520.0,2298.0,638.0,1333,0.0,0.0,0.0,0.0,860.0,2509.0,8712.0,0.0,3195,0.0,733.0,0.0,2440,0.0,0.0,2480.0,830.0,37005,14615,662.0,0.0,11750.0,11120,0.0,0.0,1250.0,0.0
765,250.0,6825,505,0.0,0.0,2100.0,27245.0,0.0,1434.0,518.0,2303.0,665.0,1330,0.0,0.0,0.0,0.0,822.0,2381.0,8580.0,0.0,3170,0.0,733.0,0.0,2360,0.0,0.0,2364.0,825.0,36100,14176,665.0,0.0,11600.0,10840,0.0,0.0,1261.0,0.0
770,250.0,6638,505,0.0,0.0,2080.0,25501.0,0.0,1400.0,515.0,2370.0,699.0,1333,0.0,0.0,0.0,0.0,850.0,2374.0,8844.0,0.0,3150,0.0,755.0,0.0,2262,0.0,0.0,2294.0,807.0,35099,13516,667.0,0.0,11800.0,10105,0.0,0.0,1230.0,0.0
730,250.0,6825,510,0.0,0.0,2100.0,24740.0,0.0,1422.0,516.0,2399.0,710.0,1319,0.0,0.0,0.0,0.0,855.0,2451.0,8481.0,0.0,3210,0.0,770.0,0.0,2280,0.0,0.0,2320.0,810.0,34800,13625,666.0,0.0,11920.0,10160,0.0,0.0,1365.0,0.0
750,246.0,6813,513,0.0,0.0,1910.0,24000.0,0.0,1397.0,516.0,2418.0,700.0,1291,0.0,0.0,0.0,0.0,850.0,2436.0,8756.0,0.0,3201,0.0,780.0,0.0,2320,0.0,0.0,2380.0,800.0,33300,13888,663.0,0.0,11650.0,10700,0.0,0.0,1370.0,0.0
750,245.0,7075,515,0.0,0.0,1826.0,25150.0,0.0,1396.0,520.0,2448.0,700.0,1312,0.0,0.0,0.0,0.0,845.0,2425.0,8659.0,0.0,3210,0.0,799.0,0.0,2400,0.0,0.0,2434.0,790.0,33000,14231,655.0,0.0,11775.0,10801,0.0,0.0,1362.0,0.0
740,250.0,7188,515,0.0,0.0,1830.0,24250.0,0.0,1422.0,521.0,2448.0,704.0,1285,0.0,0.0,0.0,0.0,820.0,2454.0,9152.0,0.0,3212,0.0,792.0,0.0,2459,0.0,0.0,2490.0,780.0,33000,14560,642.0,0.0,11685.0,10690,0.0,0.0,1365.0,0.0
760,250.0,7012,515,0.0,0.0,1830.0,24350.0,0.0,1393.0,525.0,2549.0,695.0,1288,0.0,0.0,0.0,0.0,812.0,2418.0,9768.0,0.0,3110,0.0,780.0,0.0,2416,0.0,0.0,2480.0,780.0,32900,14505,633.0,0.0,11721.0,10620,0.0,0.0,1360.0,0.0
755,260.0,7175,515,0.0,0.0,1860.0,24450.0,0.0,1337.0,525.0,2498.0,700.0,1291,0.0,0.0,0.0,0.0,820.0,2421.0,9855.0,0.0,3060,0.0,750.0,0.0,2380,0.0,0.0,2390.0,760.0,32200,14418,629.0,0.0,11845.0,10300,0.0,0.0,1345.0,0.0
750,255.0,6825,515,0.0,0.0,1870.0,25501.0,0.0,1357.0,525.0,2499.0,715.0,1288,0.0,0.0,0.0,0.0,811.0,2399.0,10230.0,0.0,3099,0.0,749.0,0.0,2375,0.0,0.0,2395.0,775.0,31700,14286,613.0,0.0,11650.0,9980,0.0,0.0,1350.0,0.0
750,270.0,6813,511,0.0,0.0,1929.0,26640.0,0.0,1338.0,520.0,2499.0,703.0,1291,0.0,0.0,0.0,0.0,810.0,2392.0,10331.0,0.0,3010,0.0,740.0,0.0,2410,0.0,0.0,2420.0,740.0,33000,13813,616.0,0.0,11400.0,9550,0.0,0.0,1340.0,0.0
755,270.0,6875,511,0.0,0.0,1970.0,26450.0,0.0,1339.0,520.0,2506.0,700.0,1291,0.0,0.0,0.0,0.0,809.0,2381.0,9944.0,0.0,3000,0.0,715.0,0.0,2340,0.0,0.0,2360.0,775.0,32500,13791,608.0,0.0,11498.0,9650,0.0,0.0,1330.0,0.0
740,270.0,6763,520,0.0,0.0,1960.0,27550.0,0.0,1320.0,515.0,2498.0,710.0,1279,0.0,0.0,0.0,0.0,790.0,2359.0,9900.0,0.0,3000,0.0,700.0,0.0,2243,0.0,0.0,2270.0,780.0,31935,13220,626.0,0.0,11405.0,9480,0.0,0.0,1330.0,0.0
735,265.0,6688,540,0.0,0.0,1920.0,28499.0,0.0,1333.0,515.0,2498.0,700.0,1263,0.0,0.0,0.0,0.0,755.0,2308.0,10305.0,0.0,3061,0.0,666.0,0.0,2232,0.0,0.0,2240.0,760.0,31700,12859,629.0,0.0,11280.0,9400,0.0,0.0,1295.0,0.0
735,270.0,6438,540,0.0,0.0,1949.0,27575.0,0.0,1293.0,520.0,2488.0,704.0,1263,0.0,0.0,0.0,0.0,775.0,2242.0,10872.0,0.0,3010,0.0,690.0,0.0,2222,0.0,0.0,2220.0,760.0,31000,12934,612.0,0.0,11400.0,9460,0.0,0.0,1270.0,0.0
750,270.0,6438,520,0.0,0.0,1885.0,26500.0,0.0,1212.0,516.0,2488.0,702.0,1263,0.0,0.0,0.0,0.0,775.0,2215.0,10872.0,0.0,3021,0.0,690.0,0.0,2180,0.0,0.0,2148.0,780.0,31000,13099,612.0,0.0,11402.0,9495,0.0,0.0,1225.0,0.0
755,271.0,6438,520,0.0,0.0,1810.0,27350.0,0.0,1212.0,516.0,2448.0,710.0,1277,0.0,0.0,0.0,0.0,795.0,2215.0,11361.0,0.0,3021,0.0,700.0,0.0,2180,0.0,0.0,2148.0,760.0,31400,13099,621.0,0.0,11440.0,9495,0.0,0.0,1225.0,0.0
755,271.0,6688,520,0.0,0.0,1750.0,28600.0,0.0,1252.0,530.0,2447.0,690.0,1285,0.0,0.0,0.0,0.0,780.0,2308.0,10826.0,0.0,3161,0.0,730.0,0.0,2240,0.0,0.0,2256.0,760.0,31075,14121,624.0,0.0,11401.0,10400,0.0,0.0,1250.0,0.0
760,271.0,6731,520,0.0,0.0,1730.0,28600.0,0.0,1373.0,545.0,2428.0,710.0,1285,0.0,0.0,0.0,0.0,770.0,2371.0,10913.0,0.0,3210,0.0,680.0,0.0,2260,0.0,0.0,2282.0,760.0,31000,14297,612.0,0.0,11401.0,10406,0.0,0.0,1290.0,0.0
750,271.0,7050,520,0.0,0.0,1730.0,29900.0,0.0,1353.0,540.0,2423.0,710.0,1279,0.0,0.0,0.0,0.0,775.0,2289.0,10296.0,0.0,3080,0.0,703.0,0.0,2330,0.0,0.0,2370.0,755.0,31800,14253,621.0,0.0,11800.0,10400,0.0,0.0,1276.0,0.0
750,270.0,6825,535,0.0,0.0,1800.0,28401.0,0.0,1317.0,520.0,2423.0,705.0,1263,0.0,0.0,0.0,0.0,777.0,2308.0,10908.0,0.0,3025,0.0,701.0,0.0,2320,0.0,0.0,2324.0,755.0,31600,14010,621.0,0.0,11699.0,10540,0.0,0.0,1250.0,0.0
765,270.0,6753,530,0.0,0.0,1850.0,29500.0,0.0,1317.0,516.0,2425.0,700.0,1263,0.0,0.0,0.0,0.0,775.0,2271.0,10903.0,0.0,3000,0.0,705.0,0.0,2288,0.0,0.0,2318.0,775.0,31654,14066,621.0,0.0,11506.0,10720,0.0,0.0,1240.0,0.0
750,271.0,6781,530,0.0,0.0,1900.0,28000.0,0.0,1292.0,521.0,2425.0,700.0,1263,0.0,0.0,0.0,0.0,775.0,2264.0,10903.0,0.0,2975,0.0,705.0,0.0,2241,0.0,0.0,2296.0,780.0,31654,13956,621.0,0.0,11500.0,10400,0.0,0.0,1259.0,0.0
750,271.0,6781,535,0.0,0.0,1915.0,28650.0,0.0,1292.0,521.0,2425.0,710.0,1263,0.0,0.0,0.0,0.0,775.0,2264.0,10903.0,0.0,2975,0.0,705.0,0.0,2241,0.0,0.0,2296.0,780.0,31654,13956,621.0,0.0,11400.0,10400,0.0,0.0,1259.0,0.0
750,271.0,6781,535,0.0,0.0,1861.0,29225.0,0.0,1292.0,521.0,2422.0,702.0,1265,0.0,0.0,0.0,0.0,760.0,2264.0,11264.0,0.0,2975,0.0,706.0,0.0,2241,0.0,0.0,2296.0,780.0,31600,13956,616.0,0.0,11350.0,10400,0.0,0.0,1259.0,0.0
750,271.0,6900,535,0.0,0.0,1863.0,29225.0,0.0,1292.0,522.0,2378.0,702.0,1265,0.0,0.0,0.0,0.0,770.0,2260.0,10776.0,0.0,3000,0.0,710.0,0.0,2260,0.0,0.0,2299.0,750.0,31800,14011,625.0,0.0,11350.0,10400,0.0,0.0,1201.0,0.0
755,271.0,6939,535,0.0,0.0,1863.0,29225.0,0.0,1323.0,522.0,2358.0,702.0,1263,0.0,0.0,0.0,0.0,760.0,2264.0,10551.0,0.0,3010,0.0,710.0,0.0,2240,0.0,0.0,2260.0,750.0,31600,13984,626.0,0.0,11350.0,10600,0.0,0.0,1230.0,0.0
765,255.0,6813,535,0.0,0.0,1863.0,30400.0,0.0,1315.0,515.0,2358.0,702.0,1263,0.0,0.0,0.0,0.0,760.0,2267.0,10551.0,0.0,3015,0.0,710.0,0.0,2260,0.0,0.0,2260.0,750.0,31600,13901,626.0,0.0,11200.0,10500,0.0,0.0,1225.0,0.0
770,255.0,6813,530,0.0,0.0,1860.0,29850.0,0.0,1315.0,515.0,2348.0,702.0,1263,0.0,0.0,0.0,0.0,769.0,2267.0,10179.0,0.0,3015,0.0,710.0,0.0,2260,0.0,0.0,2260.0,750.0,31700,13901,623.0,0.0,11380.0,10500,0.0,0.0,1225.0,0.0
770,255.0,6794,530,0.0,0.0,1870.0,29050.0,0.0,1333.0,515.0,2398.0,702.0,1285,0.0,0.0,0.0,0.0,768.0,2270.0,10384.0,0.0,3040,0.0,703.0,0.0,2300,0.0,0.0,2300.0,740.0,31700,13956,629.0,0.0,11110.0,10500,0.0,0.0,1220.0,0.0
769,255.0,6825,530,0.0,0.0,1920.0,29050.0,0.0,1333.0,516.0,2398.0,700.0,1281,0.0,0.0,0.0,0.0,758.0,2266.0,10921.0,0.0,3095,0.0,700.0,0.0,2302,0.0,0.0,2320.0,740.0,32000,13846,625.0,0.0,11110.0,10400,0.0,0.0,1230.0,0.0
765,255.0,7063,535,0.0,0.0,1920.0,28760.0,0.0,1327.0,525.0,2419.0,700.0,1305,0.0,0.0,0.0,0.0,768.0,2271.0,10463.0,0.0,3130,0.0,700.0,0.0,2300,0.0,0.0,2305.0,740.0,32100,13571,638.0,0.0,11295.0,10270,0.0,0.0,1240.0,0.0
750,280.0,7188,530,0.0,0.0,1860.0,29400.0,0.0,1325.0,508.0,2513.0,690.0,1304,0.0,0.0,0.0,0.0,770.0,2300.0,10385.0,0.0,3180,0.0,690.0,0.0,2300,0.0,0.0,2310.0,740.0,32600,13780,637.0,0.0,11500.0,10400,0.0,0.0,1250.0,0.0
765,280.0,7313,530,0.0,0.0,1900.0,30725.0,0.0,1349.0,500.0,2598.0,690.0,1319,0.0,0.0,0.0,0.0,760.0,2346.0,10394.0,0.0,3160,0.0,699.0,0.0,2280,0.0,0.0,2272.0,740.0,34000,13844,621.0,0.0,11630.0,10300,0.0,0.0,1250.0,0.0
755,285.0,7488,535,0.0,0.0,1925.0,29900.0,0.0,1357.0,500.0,2528.0,690.0,1310,0.0,0.0,0.0,0.0,770.0,2366.0,10561.0,0.0,3130,0.0,700.0,0.0,2260,0.0,0.0,2260.0,740.0,34200,13791,629.0,0.0,11740.0,10199,0.0,0.0,1307.0,0.0
760,285.0,7075,540,0.0,0.0,1975.0,30000.0,0.0,1357.0,519.0,2527.0,694.0,1306,0.0,0.0,0.0,0.0,757.0,2383.0,10614.0,0.0,3111,0.0,700.0,0.0,2260,0.0,0.0,2260.0,739.0,35080,13516,638.0,0.0,11630.0,10000,0.0,0.0,1320.0,0.0
760,280.0,7275,540,0.0,0.0,1965.0,30001.0,0.0,1369.0,517.0,2503.0,690.0,1288,0.0,0.0,0.0,0.0,768.0,2381.0,10820.0,0.0,3120,0.0,699.0,0.0,2240,0.0,0.0,2259.0,721.0,34900,14231,653.0,0.0,11600.0,10341,0.0,0.0,1425.0,0.0
755,280.0,7250,537,0.0,0.0,1968.0,30006.0,0.0,1373.0,500.0,2547.0,690.0,1285,0.0,0.0,0.0,0.0,769.0,2432.0,10231.0,0.0,3200,0.0,705.0,0.0,2244,0.0,0.0,2260.0,740.0,35200,14303,653.0,0.0,11600.0,10140,0.0,0.0,1420.0,0.0
756,280.0,7500,530,0.0,0.0,1925.0,30510.0,0.0,1362.0,514.0,2563.0,685.0,1270,0.0,0.0,0.0,0.0,750.0,2418.0,10296.0,0.0,3180,0.0,705.0,0.0,2280,0.0,0.0,2280.0,740.0,34360,14462,638.0,0.0,11615.0,10430,0.0,0.0,1420.0,0.0
755,280.0,7388,530,0.0,0.0,1919.0,31200.0,0.0,1362.0,490.0,2563.0,690.0,1279,0.0,0.0,0.0,0.0,760.0,2354.0,10781.0,0.0,3070,0.0,690.0,0.0,2240,0.0,0.0,2200.0,745.0,35200,14385,635.0,0.0,11715.0,10560,0.0,0.0,1410.0,0.0
763,300.0,7428,530,0.0,0.0,1920.0,30050.0,0.0,1337.0,495.0,2563.0,675.0,1279,0.0,0.0,0.0,0.0,765.0,2333.0,10647.0,0.0,3070,0.0,700.0,0.0,2270,0.0,0.0,2280.0,750.0,34900,14670,646.0,0.0,11785.0,10300,0.0,0.0,1360.0,0.0
765,290.0,7438,530,0.0,0.0,1920.0,29850.0,0.0,1373.0,519.0,2598.0,670.0,1263,0.0,0.0,0.0,0.0,760.0,2352.0,10472.0,0.0,3095,0.0,700.0,0.0,2244,0.0,0.0,2240.0,750.0,35400,14560,635.0,0.0,11550.0,10295,0.0,0.0,1370.0,0.0
755,285.0,7625,551,0.0,0.0,1950.0,31500.0,0.0,1383.0,515.0,2578.0,631.0,1234,0.0,0.0,0.0,0.0,754.0,2344.0,10850.0,0.0,3064,0.0,700.0,0.0,2280,0.0,0.0,2320.0,745.0,35240,14692,621.0,0.0,11535.0,10100,0.0,0.0,1370.0,0.0
760,300.0,7625,551,0.0,0.0,1920.0,31450.0,0.0,1383.0,518.0,2548.0,650.0,1215,0.0,0.0,0.0,0.0,750.0,2308.0,11001.0,0.0,2990,0.0,690.0,0.0,2290,0.0,0.0,2320.0,740.0,34350,14560,617.0,0.0,11630.0,9950,0.0,0.0,1320.0,0.0
770,285.0,7388,555,0.0,0.0,1925.0,30650.0,0.0,1367.0,505.0,2528.0,650.0,1201,0.0,0.0,0.0,0.0,750.0,2275.0,11351.0,0.0,2910,0.0,695.0,0.0,2210,0.0,0.0,2240.0,735.0,33700,14208,604.0,0.0,11530.0,9651,0.0,0.0,1300.0,0.0
770,285.0,7263,560,0.0,0.0,1930.0,31500.0,0.0,1325.0,505.0,2497.0,650.0,1170,0.0,0.0,0.0,0.0,726.0,2252.0,11264.0,0.0,2891,0.0,683.0,0.0,2210,0.0,0.0,2204.0,725.0,32900,13956,587.0,0.0,11425.0,9450,0.0,0.0,1313.0,0.0
770,285.0,7100,560,0.0,0.0,1970.0,31750.0,0.0,1255.0,495.0,2463.0,660.0,1169,0.0,0.0,0.0,0.0,723.0,2194.0,10868.0,0.0,2835,0.0,690.0,0.0,2080,0.0,0.0,2090.0,720.0,32800,13621,590.0,0.0,11418.0,9520,0.0,0.0,1320.0,0.0
770,255.0,7113,555,0.0,0.0,1960.0,32600.0,0.0,1260.0,485.0,2398.0,650.0,1171,0.0,0.0,0.0,0.0,730.0,2197.0,10648.0,0.0,2875,0.0,683.0,0.0,2120,0.0,0.0,2120.0,690.0,32800,13758,591.0,0.0,11000.0,9520,0.0,0.0,1330.0,0.0
764,260.0,7125,555,0.0,0.0,1900.0,32840.0,0.0,1256.0,478.0,2398.0,650.0,1220,0.0,0.0,0.0,0.0,745.0,2158.0,9962.0,0.0,2901,0.0,685.0,0.0,2090,0.0,0.0,2090.0,710.0,33940,13626,608.0,0.0,10700.0,9360,0.0,0.0,1350.0,0.0
770,260.0,7338,555,0.0,0.0,1800.0,32150.0,0.0,1272.0,470.0,2398.0,640.0,1190,0.0,0.0,0.0,0.0,735.0,2161.0,9794.0,0.0,2995,0.0,710.0,0.0,2090,0.0,0.0,2102.0,712.0,32800,13346,608.0,0.0,10455.0,9345,0.0,0.0,1345.0,0.0
770,250.0,7388,555,0.0,0.0,1800.0,31600.0,0.0,1272.0,476.0,2328.0,630.0,1214,0.0,0.0,0.0,0.0,736.0,2172.0,9680.0,0.0,2995,0.0,715.0,0.0,2040,0.0,0.0,2020.0,700.0,33400,13022,621.0,0.0,10701.0,9070,0.0,0.0,1311.0,0.0
770,240.0,7500,555,0.0,0.0,1810.0,30450.0,0.0,1313.0,475.0,2327.0,630.0,1196,0.0,0.0,0.0,0.0,725.0,2179.0,9329.0,0.0,3000,0.0,720.0,0.0,2046,0.0,0.0,2061.0,715.0,33000,13253,615.0,0.0,10950.0,9010,0.0,0.0,1315.0,0.0
770,240.0,7625,552,0.0,0.0,1845.0,30000.0,0.0,1292.0,478.0,2318.0,640.0,1192,0.0,0.0,0.0,0.0,724.0,2136.0,10032.0,0.0,2950,0.0,710.0,0.0,1980,0.0,0.0,1982.0,710.0,33201,13297,619.0,0.0,10900.0,8730,0.0,0.0,1300.0,0.0
770,245.0,7750,555,0.0,0.0,1800.0,29825.0,0.0,1333.0,480.0,2319.0,645.0,1186,0.0,0.0,0.0,0.0,730.0,2180.0,9473.0,0.0,2960,0.0,700.0,0.0,1971,0.0,0.0,1970.0,710.0,33700,13407,627.0,0.0,11000.0,8570,0.0,0.0,1305.0,0.0
767,240.0,7906,556,0.0,0.0,1841.0,30000.0,0.0,1332.0,486.0,2298.0,640.0,1177,0.0,0.0,0.0,0.0,728.0,2172.0,9240.0,0.0,2990,0.0,690.0,0.0,1980,0.0,0.0,1980.0,700.0,34100,13533,629.0,0.0,11000.0,8679,0.0,0.0,1330.0,0.0
770,240.0,7474,556,0.0,0.0,1880.0,30500.0,0.0,1373.0,485.0,2295.0,645.0,1176,0.0,0.0,0.0,0.0,730.0,2145.0,9082.0,0.0,3000,0.0,701.0,0.0,1940,0.0,0.0,1930.0,700.0,34300,13764,629.0,0.0,11100.0,8650,0.0,0.0,1335.0,0.0
768,255.0,7438,556,0.0,0.0,1880.0,28900.0,0.0,1355.0,492.0,2314.0,635.0,1178,0.0,0.0,0.0,0.0,724.0,2151.0,8932.0,0.0,2970,0.0,700.0,0.0,1830,0.0,0.0,1830.0,700.0,34500,13573,631.0,0.0,10990.0,8830,0.0,0.0,1318.0,0.0
769,245.0,7325,555,0.0,0.0,1900.0,28000.0,0.0,1370.0,480.0,2348.0,625.0,1178,0.0,0.0,0.0,0.0,722.0,2170.0,8976.0,0.0,2990,0.0,690.0,0.0,1810,0.0,0.0,1810.0,700.0,33010,13703,629.0,0.0,10790.0,8900,0.0,0.0,1354.0,0.0
750,240.0,7125,557,0.0,0.0,1820.0,27160.0,0.0,1332.0,475.0,2323.0,620.0,1178,0.0,0.0,0.0,0.0,723.0,2169.0,9153.0,0.0,2975,0.0,690.0,0.0,1821,0.0,0.0,1820.0,700.0,31800,13385,629.0,0.0,10600.0,8830,0.0,0.0,1350.0,0.0
751,240.0,6875,557,0.0,0.0,1850.0,27100.0,0.0,1297.0,475.0,2338.0,620.0,1178,0.0,0.0,0.0,0.0,740.0,2106.0,9416.0,0.0,2945,0.0,675.0,0.0,1780,0.0,0.0,1780.0,700.0,31500,13011,625.0,0.0,10800.0,8670,0.0,0.0,1330.0,0.0
746,255.0,6813,560,0.0,0.0,1745.0,27000.0,0.0,1297.0,471.0,2362.0,630.0,1172,0.0,0.0,0.0,0.0,742.0,2125.0,9213.0,0.0,2940,0.0,681.0,0.0,1776,0.0,0.0,1780.0,730.0,32200,13000,632.0,0.0,10700.0,8700,0.0,0.0,1320.0,0.0
765,255.0,6888,570,0.0,0.0,1785.0,27000.0,0.0,1311.0,470.0,2349.0,625.0,1178,0.0,0.0,0.0,0.0,756.0,2150.0,8932.0,0.0,2990,0.0,650.0,0.0,1730,0.0,0.0,1738.0,730.0,32200,13269,633.0,0.0,10500.0,8911,0.0,0.0,1321.0,0.0
735,235.0,6663,570,0.0,0.0,1775.0,27500.0,0.0,1317.0,451.0,2358.0,620.0,1169,0.0,0.0,0.0,0.0,736.0,2137.0,9152.0,0.0,2980,0.0,621.0,0.0,1660,0.0,0.0,1660.0,710.0,31000,13132,623.0,0.0,10490.0,8920,0.0,0.0,1320.0,0.0
720,240.0,6563,580,0.0,0.0,1725.0,26700.0,0.0,1309.0,463.0,2321.0,625.0,1136,0.0,0.0,0.0,0.0,728.0,2121.0,9239.0,0.0,2950,0.0,630.0,0.0,1580,0.0,0.0,1580.0,720.0,28800,13044,611.0,0.0,10420.0,8800,0.0,0.0,1333.0,0.0
720,241.0,6250,570,0.0,0.0,1700.0,26400.0,0.0,1305.0,484.0,2303.0,625.0,1137,0.0,0.0,0.0,0.0,737.0,2108.0,9231.0,0.0,2930,0.0,640.0,0.0,1646,0.0,0.0,1640.0,720.0,29000,12637,612.0,0.0,10425.0,8900,0.0,0.0,1325.0,0.0
720,240.0,6500,570,0.0,0.0,1700.0,26900.0,0.0,1325.0,500.0,2349.0,625.0,1150,0.0,0.0,0.0,0.0,730.0,2115.0,9002.0,0.0,2935,0.0,670.0,0.0,1712,0.0,0.0,1719.0,715.0,29800,12646,609.0,0.0,10340.0,9200,0.0,0.0,1330.0,0.0
715,245.0,6563,570,0.0,0.0,1700.0,27300.0,0.0,1312.0,503.0,2348.0,625.0,1128,0.0,0.0,0.0,0.0,725.0,2115.0,9029.0,0.0,2925,0.0,660.0,0.0,1739,0.0,0.0,1740.0,715.0,29150,12703,611.0,0.0,10399.0,9460,0.0,0.0,1330.0,0.0
720,240.0,6163,600,0.0,0.0,1650.0,27101.0,0.0,1232.0,505.0,2337.0,625.0,1131,0.0,0.0,0.0,0.0,720.0,2115.0,8628.0,0.0,2900,0.0,660.0,0.0,1678,0.0,0.0,1670.0,720.0,29000,12275,604.0,0.0,10300.0,9150,0.0,0.0,1317.0,0.0
720,245.0,6063,600,0.0,0.0,1674.0,26900.0,0.0,1202.0,506.0,2288.0,620.0,1133,0.0,0.0,0.0,0.0,720.0,2051.0,8694.0,0.0,2890,0.0,650.0,0.0,1660,0.0,0.0,1652.0,721.0,29000,12275,600.0,0.0,10219.0,8920,0.0,0.0,1318.0,0.0
715,290.0,6250,580,0.0,0.0,1600.0,26300.0,0.0,1192.0,510.0,2288.0,634.0,1132,0.0,0.0,0.0,0.0,710.0,2088.0,8888.0,0.0,2840,0.0,650.0,0.0,1700,0.0,0.0,1700.0,715.0,28800,12385,599.0,0.0,10000.0,9150,0.0,0.0,1315.0,0.0
720,260.0,6128,580,0.0,0.0,1590.0,25410.0,0.0,1212.0,515.0,2278.0,625.0,1131,0.0,0.0,0.0,0.0,700.0,2143.0,8448.0,0.0,2875,0.0,660.0,0.0,1702,0.0,0.0,1710.0,725.0,28600,12863,621.0,0.0,9700.0,9495,0.0,0.0,1275.0,0.0
700,260.0,6250,580,0.0,0.0,1550.0,25598.0,0.0,1232.0,510.0,2259.0,626.0,1145,0.0,0.0,0.0,0.0,696.0,2139.0,8444.0,0.0,2900,0.0,660.0,0.0,1750,0.0,0.0,1750.0,725.0,28000,13077,604.0,0.0,9700.0,9470,0.0,0.0,1272.0,0.0
715,245.0,5923,575,0.0,0.0,1550.0,25869.0,0.0,1204.0,510.0,2239.0,630.0,1178,0.0,0.0,0.0,0.0,686.0,2106.0,8360.0,0.0,2845,0.0,620.0,0.0,1780,0.0,0.0,1780.0,720.0,28000,12962,599.0,0.0,9600.0,9251,0.0,0.0,1242.0,0.0
700,245.0,5838,575,0.0,0.0,1550.0,25450.0,0.0,1175.0,480.0,2219.0,620.0,1178,0.0,0.0,0.0,0.0,682.0,2053.0,8351.0,0.0,2790,0.0,621.0,0.0,1740,0.0,0.0,1730.0,720.0,28001,12791,599.0,0.0,9620.0,9001,0.0,0.0,1240.0,0.0
700,250.0,5838,580,0.0,0.0,1520.0,25700.0,0.0,1151.0,498.0,2219.0,625.0,1177,0.0,0.0,0.0,0.0,655.0,2040.0,8078.0,0.0,2780,0.0,620.0,0.0,1801,0.0,0.0,1806.0,719.0,27600,12758,599.0,0.0,9540.0,8800,0.0,0.0,1230.0,0.0
680,245.0,5600,599,0.0,0.0,1502.0,25100.0,0.0,1141.0,498.0,2189.0,600.0,1165,0.0,0.0,0.0,0.0,650.0,2060.0,7674.0,0.0,2750,0.0,605.0,0.0,1820,0.0,0.0,1810.0,720.0,26900,12581,604.0,0.0,9375.0,8620,0.0,0.0,1240.0,0.0
665,220.0,5420,580,0.0,0.0,1505.0,25700.0,0.0,1091.0,490.0,2184.0,596.0,1174,0.0,0.0,0.0,0.0,637.0,2048.0,7128.0,0.0,2780,0.0,590.0,0.0,1794,0.0,0.0,1780.0,710.0,26600,12220,601.0,0.0,9500.0,8391,0.0,0.0,1240.0,0.0
663,220.0,5500,575,0.0,0.0,1510.0,25150.0,0.0,1098.0,481.0,2164.0,600.0,1177,0.0,0.0,0.0,0.0,620.0,2070.0,6952.0,0.0,2790,0.0,590.0,0.0,1740,0.0,0.0,1760.0,700.0,26900,11962,588.0,0.0,9245.0,8185,0.0,0.0,1290.0,0.0
663,220.0,5563,565,0.0,0.0,1485.0,24200.0,0.0,1105.0,481.0,2199.0,580.0,1173,0.0,0.0,0.0,0.0,615.0,2064.0,7132.0,0.0,2805,0.0,589.0,0.0,1740,0.0,0.0,1760.0,700.0,28800,12088,587.0,0.0,9170.0,8300,0.0,0.0,1235.0,0.0
664,210.0,5851,575,0.0,0.0,1460.0,22900.0,0.0,1105.0,481.0,2208.0,580.0,1152,0.0,0.0,0.0,0.0,627.0,2062.0,7542.0,0.0,2781,0.0,600.0,0.0,1770,0.0,0.0,1810.0,700.0,28800,12901,578.0,0.0,9000.0,8589,0.0,0.0,1245.0,0.0
650,210.0,6000,580,0.0,0.0,1455.0,22350.0,0.0,1120.0,480.0,2219.0,580.0,1136,0.0,0.0,0.0,0.0,612.0,2051.0,7744.0,0.0,2765,0.0,595.0,0.0,1770,0.0,0.0,1780.0,700.0,27647,13187,561.0,0.0,9200.0,8701,0.0,0.0,1235.0,0.0
652,240.0,5881,575,0.0,0.0,1400.0,23500.0,0.0,1099.0,466.0,2229.0,600.0,1164,0.0,0.0,0.0,0.0,630.0,2034.0,7612.0,0.0,2715,0.0,595.0,0.0,1760,0.0,0.0,1750.0,700.0,28200,13187,587.0,0.0,9155.0,8700,0.0,0.0,1220.0,0.0
640,215.0,5938,570,0.0,0.0,1410.0,24306.0,0.0,1107.0,475.0,2189.0,573.0,1164,0.0,0.0,0.0,0.0,637.0,2070.0,7735.0,0.0,2770,0.0,595.0,0.0,1800,0.0,0.0,1770.0,700.0,27600,13840,599.0,0.0,9150.0,8885,0.0,0.0,1251.0,0.0
650,210.0,5838,575,0.0,0.0,1440.0,24670.0,0.0,1129.0,500.0,2298.0,570.0,1150,0.0,0.0,0.0,0.0,626.0,2088.0,7410.0,0.0,2780,0.0,580.0,0.0,1780,0.0,0.0,1790.0,700.0,26500,13516,595.0,0.0,9000.0,9200,0.0,0.0,1250.0,0.0
660,225.0,5664,575,0.0,0.0,1415.0,24500.0,0.0,1107.0,465.0,2298.0,560.0,1150,0.0,0.0,0.0,0.0,626.0,2051.0,7410.0,0.0,2770,0.0,580.0,0.0,1720,0.0,0.0,1710.0,680.0,26500,13297,595.0,0.0,9165.0,9155,0.0,0.0,1225.0,0.0
660,230.0,5664,575,0.0,0.0,1440.0,24390.0,0.0,1107.0,465.0,2200.0,580.0,1122,0.0,0.0,0.0,0.0,615.0,2051.0,7172.0,0.0,2770,0.0,585.0,0.0,1720,0.0,0.0,1710.0,680.0,24999,13297,561.0,0.0,9230.0,9155,0.0,0.0,1225.0,0.0
660,230.0,5325,575,0.0,0.0,1465.0,24298.0,0.0,1091.0,465.0,2134.0,601.0,1121,0.0,0.0,0.0,0.0,625.0,2006.0,7128.0,0.0,2690,0.0,570.0,0.0,1645,0.0,0.0,1630.0,685.0,23900,13462,558.0,0.0,9330.0,9005,0.0,0.0,1155.0,0.0
660,220.0,4988,580,0.0,0.0,1410.0,24298.0,0.0,1080.0,465.0,2158.0,610.0,1125,0.0,0.0,0.0,0.0,621.0,2014.0,6952.0,0.0,2705,0.0,575.0,0.0,1610,0.0,0.0,1610.0,690.0,23798,13185,553.0,0.0,9330.0,8870,0.0,0.0,1170.0,0.0
655,205.0,4791,575,0.0,0.0,1410.0,23800.0,0.0,1082.0,468.0,2099.0,610.0,1122,0.0,0.0,0.0,0.0,635.0,1949.0,6762.0,0.0,2685,0.0,565.0,0.0,1596,0.0,0.0,1590.0,700.0,23995,13060,553.0,0.0,8980.0,8535,0.0,0.0,1196.0,0.0
655,205.0,4875,575,0.0,0.0,1410.0,23700.0,0.0,1082.0,470.0,1948.0,600.0,1135,0.0,0.0,0.0,0.0,625.0,1959.0,6776.0,0.0,2705,0.0,558.0,0.0,1545,0.0,0.0,1550.0,700.0,23000,12934,548.0,0.0,8941.0,8725,0.0,0.0,1187.0,0.0
650,225.0,5019,580,0.0,0.0,1330.0,23001.0,0.0,1038.0,484.0,1934.0,600.0,1119,0.0,0.0,0.0,0.0,608.0,1941.0,7410.0,0.0,2710,0.0,565.0,0.0,1538,0.0,0.0,1540.0,680.0,23300,12665,553.0,0.0,9005.0,8710,0.0,0.0,1173.0,0.0
657,240.0,5013,580,0.0,0.0,1295.0,22301.0,0.0,1014.0,510.0,1985.0,600.0,1139,0.0,0.0,0.0,0.0,625.0,1885.0,7356.0,0.0,2715,0.0,575.0,0.0,1530,0.0,0.0,1520.0,660.0,23900,12462,561.0,0.0,9070.0,8700,0.0,0.0,1198.0,0.0
657,230.0,5280,575,0.0,0.0,1260.0,21900.0,0.0,1048.0,495.0,2029.0,570.0,1125,0.0,0.0,0.0,0.0,640.0,1897.0,7207.0,0.0,2732,0.0,565.0,0.0,1550,0.0,0.0,1540.0,640.0,24800,12555,574.0,0.0,8980.0,8998,0.0,0.0,1199.0,0.0
665,245.0,5500,580,0.0,0.0,1180.0,23660.0,0.0,1095.0,490.0,2054.0,560.0,1142,0.0,0.0,0.0,0.0,650.0,1904.0,7129.0,0.0,2785,0.0,565.0,0.0,1580,0.0,0.0,1580.0,630.0,24299,13077,587.0,0.0,8800.0,9050,0.0,0.0,1187.0,0.0
680,250.0,5376,580,0.0,0.0,1200.0,23299.0,0.0,1111.0,475.0,2059.0,550.0,1123,0.0,0.0,0.0,0.0,655.0,1923.0,7062.0,0.0,2800,0.0,565.0,0.0,1620,0.0,0.0,1640.0,630.0,23200,13297,582.0,0.0,8820.0,9010,0.0,0.0,1188.0,0.0
700,260.0,5300,575,0.0,0.0,1232.0,23200.0,0.0,1121.0,495.0,2097.0,565.0,1152,0.0,0.0,0.0,0.0,640.0,1941.0,7080.0,0.0,2826,0.0,563.0,0.0,1700,0.0,0.0,1700.0,630.0,24500,12869,600.0,0.0,8930.0,8850,0.0,0.0,1205.0,0.0
730,260.0,5463,576,0.0,0.0,1280.0,22702.0,0.0,1093.0,520.0,2099.0,580.0,1133,0.0,0.0,0.0,0.0,616.0,2015.0,7119.0,0.0,2850,0.0,568.0,0.0,1760,0.0,0.0,1760.0,625.0,24300,13330,587.0,0.0,9205.0,8700,0.0,0.0,1234.0,0.0
720,260.0,5425,580,0.0,0.0,1275.0,22299.0,0.0,1062.0,505.0,2074.0,576.0,1128,0.0,0.0,0.0,0.0,623.0,1974.0,6952.0,0.0,2800,0.0,574.0,0.0,1740,0.0,0.0,1720.0,620.0,24600,13004,595.0,0.0,9280.0,8600,0.0,0.0,1205.0,0.0
715,270.0,5425,575,0.0,0.0,1246.0,22000.0,0.0,1030.0,515.0,2089.0,575.0,1122,0.0,0.0,0.0,0.0,615.0,1960.0,7181.0,0.0,2820,0.0,575.0,0.0,1740,0.0,0.0,1740.0,625.0,24400,12502,582.0,0.0,9800.0,8450,0.0,0.0,1200.0,0.0
710,271.0,5338,575,0.0,0.0,1280.0,22000.0,0.0,1010.0,508.0,2099.0,584.0,1129,0.0,0.0,0.0,0.0,623.0,1934.0,7214.0,0.0,2795,0.0,579.0,0.0,1711,0.0,0.0,1710.0,640.0,23150,12275,587.0,0.0,9550.0,8081,0.0,0.0,1200.0,0.0
705,270.0,5413,580,0.0,0.0,1275.0,21700.0,0.0,1032.0,517.0,2169.0,575.0,1122,0.0,0.0,0.0,0.0,633.0,1978.0,7172.0,0.0,2850,0.0,579.0,0.0,1741,0.0,0.0,1740.0,650.0,23100,12418,603.0,0.0,9590.0,8100,0.0,0.0,1191.0,0.0
715,300.0,5375,580,0.0,0.0,1270.0,22000.0,0.0,1038.0,515.0,2169.0,581.0,1136,0.0,0.0,0.0,0.0,644.0,2002.0,7125.0,0.0,2860,0.0,565.0,0.0,1765,0.0,0.0,1780.0,690.0,22998,12551,608.0,0.0,9500.0,8200,0.0,0.0,1200.0,0.0
702,275.0,5200,580,0.0,0.0,1275.0,21900.0,0.0,1052.0,550.0,2189.0,585.0,1128,0.0,0.0,0.0,0.0,633.0,1960.0,7172.0,0.0,2850,0.0,579.0,0.0,1800,0.0,0.0,1778.0,670.0,22702,12330,588.0,0.0,9700.0,8160,0.0,0.0,1208.0,0.0
708,272.0,5063,580,0.0,0.0,1274.0,21850.0,0.0,1030.0,530.0,2174.0,560.0,1122,0.0,0.0,0.0,0.0,625.0,1952.0,7185.0,0.0,2850,0.0,575.0,0.0,1760,0.0,0.0,1764.0,675.0,22300,12402,596.0,0.0,9780.0,8070,0.0,0.0,1199.0,0.0
700,270.0,4875,570,0.0,0.0,1270.0,21520.0,0.0,1022.0,528.0,2174.0,554.0,1122,0.0,0.0,0.0,0.0,625.0,1952.0,7185.0,0.0,2836,0.0,575.0,0.0,1760,0.0,0.0,1766.0,680.0,22300,12215,596.0,0.0,9950.0,7810,0.0,0.0,1190.0,0.0
703,270.0,4875,570,0.0,0.0,1270.0,21700.0,0.0,1022.0,528.0,2174.0,545.0,1122,0.0,0.0,0.0,0.0,625.0,1952.0,7185.0,0.0,2836,0.0,575.0,0.0,1760,0.0,0.0,1766.0,683.0,22300,12215,596.0,0.0,9895.0,7810,0.0,0.0,1190.0,0.0
703,270.0,4875,570,0.0,0.0,1240.0,22001.0,0.0,1022.0,528.0,2174.0,535.0,1122,0.0,0.0,0.0,0.0,611.0,1952.0,7410.0,0.0,2836,0.0,570.0,0.0,1760,0.0,0.0,1766.0,690.0,22200,12215,595.0,0.0,9770.0,7810,0.0,0.0,1190.0,0.0
703,270.0,4988,570,0.0,0.0,1230.0,22001.0,0.0,1010.0,520.0,2178.0,541.0,1132,0.0,0.0,0.0,0.0,620.0,1941.0,7462.0,0.0,2845,0.0,569.0,0.0,1720,0.0,0.0,1720.0,690.0,22600,12038,595.0,0.0,9770.0,7900,0.0,0.0,1190.0,0.0
705,250.0,4988,574,0.0,0.0,1230.0,22001.0,0.0,1046.0,520.0,2104.0,541.0,1122,0.0,0.0,0.0,0.0,595.0,1945.0,7221.0,0.0,2860,0.0,560.0,0.0,1722,0.0,0.0,1750.0,690.0,21700,11978,602.0,0.0,9770.0,7900,0.0,0.0,1190.0,0.0
700,260.0,4763,570,0.0,0.0,1230.0,22400.0,0.0,981.0,515.0,2119.0,541.0,1119,0.0,0.0,0.0,0.0,600.0,1932.0,6706.0,0.0,2870,0.0,555.0,0.0,1660,0.0,0.0,1660.0,690.0,20100,11042,601.0,0.0,9700.0,7900,0.0,0.0,1210.0,0.0
700,280.0,4525,550,0.0,0.0,1210.0,22811.0,0.0,973.0,509.0,2119.0,550.0,1119,0.0,0.0,0.0,0.0,600.0,1941.0,6706.0,0.0,2900,0.0,555.0,0.0,1651,0.0,0.0,1650.0,690.0,20100,10962,601.0,0.0,9840.0,7785,0.0,0.0,1225.0,0.0
705,300.0,4525,540,0.0,0.0,1190.0,22050.0,0.0,973.0,509.0,2150.0,545.0,1116,0.0,0.0,0.0,0.0,610.0,1941.0,6283.0,0.0,2900,0.0,560.0,0.0,1651,0.0,0.0,1650.0,680.0,19900,10962,612.0,0.0,9600.0,7785,0.0,0.0,1225.0,0.0
705,300.0,4500,540,0.0,0.0,1150.0,21000.0,0.0,992.0,505.0,2173.0,545.0,1111,0.0,0.0,0.0,0.0,603.0,1912.0,6503.0,0.0,2960,0.0,560.0,0.0,1700,0.0,0.0,1658.0,690.0,20400,10989,604.0,0.0,9480.0,7679,0.0,0.0,1226.0,0.0
700,295.0,4500,530,0.0,0.0,1100.0,21000.0,0.0,990.0,520.0,2173.0,545.0,1111,0.0,0.0,0.0,0.0,603.0,1923.0,6503.0,0.0,2920,0.0,560.0,0.0,1732,0.0,0.0,1720.0,690.0,20400,11582,604.0,0.0,9480.0,7889,0.0,0.0,1220.0,0.0
710,305.0,4500,540,0.0,0.0,1100.0,20160.0,0.0,990.0,520.0,2199.0,545.0,1097,0.0,0.0,0.0,0.0,585.0,1923.0,6635.0,0.0,2920,0.0,560.0,0.0,1732,0.0,0.0,1720.0,670.0,21400,11582,601.0,0.0,9568.0,7889,0.0,0.0,1220.0,0.0
710,305.0,4950,540,0.0,0.0,1010.0,20750.0,0.0,1026.0,530.0,2149.0,540.0,1118,0.0,0.0,0.0,0.0,613.0,1934.0,6565.0,0.0,2890,0.0,550.0,0.0,1732,0.0,0.0,1732.0,670.0,21800,12088,604.0,0.0,9800.0,8040,0.0,0.0,1222.0,0.0
710,310.0,5056,540,0.0,0.0,980.0,20750.0,0.0,1038.0,530.0,2154.0,540.0,1128,0.0,0.0,0.0,0.0,625.0,1929.0,6512.0,0.0,2935,0.0,552.0,0.0,1759,0.0,0.0,1798.0,670.0,22800,11885,608.0,0.0,9800.0,8000,0.0,0.0,1220.0,0.0
715,296.0,5125,545,0.0,0.0,980.0,22190.0,0.0,1030.0,530.0,2167.0,540.0,1128,0.0,0.0,0.0,0.0,620.0,1941.0,6420.0,0.0,2935,0.0,557.0,0.0,1770,0.0,0.0,1780.0,670.0,23900,12059,600.0,0.0,9900.0,8020,0.0,0.0,1230.0,0.0
720,320.0,5363,549,0.0,0.0,1075.0,21800.0,0.0,1034.0,530.0,2169.0,540.0,1128,0.0,0.0,0.0,0.0,610.0,1941.0,6556.0,0.0,2925,0.0,550.0,0.0,1800,0.0,0.0,1800.0,650.0,23000,11659,593.0,0.0,9950.0,8015,0.0,0.0,1261.0,0.0
725,311.0,5038,560,0.0,0.0,1100.0,22420.0,0.0,1019.0,530.0,2199.0,540.0,1142,0.0,0.0,0.0,0.0,618.0,1905.0,6617.0,0.0,2880,0.0,550.0,0.0,1780,0.0,0.0,1760.0,651.0,23200,11236,599.0,0.0,9925.0,8180,0.0,0.0,1255.0,0.0
726,310.0,4888,555,0.0,0.0,1150.0,22410.0,0.0,1004.0,544.0,2229.0,554.0,1163,0.0,0.0,0.0,0.0,624.0,1886.0,6882.0,0.0,2965,0.0,552.0,0.0,1780,0.0,0.0,1785.0,650.0,24400,11374,612.0,0.0,9700.0,8180,0.0,0.0,1290.0,0.0
725,306.0,5100,555,0.0,0.0,1180.0,22020.0,0.0,1038.0,545.0,2219.0,555.0,1188,0.0,0.0,0.0,0.0,620.0,1923.0,6996.0,0.0,3000,0.0,555.0,0.0,1860,0.0,0.0,1860.0,630.0,25101,11857,628.0,0.0,9325.0,8406,0.0,0.0,1320.0,0.0
725,305.0,5338,555,0.0,0.0,1140.0,22100.0,0.0,1086.0,540.0,2219.0,560.0,1181,0.0,0.0,0.0,0.0,628.0,1941.0,7198.0,0.0,3030,0.0,553.0,0.0,1920,0.0,0.0,1920.0,630.0,25650,11978,633.0,0.0,9600.0,8425,0.0,0.0,1350.0,0.0
725,307.0,5313,556,0.0,0.0,1139.0,22880.0,0.0,1123.0,527.0,2249.0,560.0,1206,0.0,0.0,0.0,0.0,618.0,2008.0,7920.0,0.0,3135,0.0,580.0,0.0,1949,0.0,0.0,1944.0,640.0,26800,12220,624.0,0.0,9900.0,8650,0.0,0.0,1345.0,0.0
725,325.0,5475,558,0.0,0.0,1130.0,22700.0,0.0,1163.0,530.0,2244.0,560.0,1190,0.0,0.0,0.0,0.0,615.0,2004.0,7769.0,0.0,3000,0.0,575.0,0.0,1920,0.0,0.0,1920.0,650.0,27110,13066,611.0,0.0,9929.0,9000,0.0,0.0,1373.0,0.0
726,330.0,5750,555,0.0,0.0,1151.0,23000.0,0.0,1151.0,515.0,2248.0,560.0,1198,0.0,0.0,0.0,0.0,605.0,2015.0,8184.0,0.0,2975,0.0,555.0,0.0,1880,0.0,0.0,1900.0,650.0,27100,12835,604.0,0.0,9800.0,8702,0.0,0.0,1370.0,0.0
728,315.0,6125,530,0.0,0.0,1200.0,24310.0,0.0,1202.0,507.0,2209.0,560.0,1195,0.0,0.0,0.0,0.0,610.0,2042.0,7982.0,0.0,3000,0.0,555.0,0.0,1900,0.0,0.0,1890.0,660.0,26500,12813,602.0,0.0,9550.0,9001,0.0,0.0,1350.0,0.0
730,315.0,5938,510,0.0,0.0,1238.0,23380.0,0.0,1196.0,510.0,2254.0,570.0,1184,0.0,0.0,0.0,0.0,620.0,2011.0,7964.0,0.0,2980,0.0,555.0,0.0,1850,0.0,0.0,1840.0,650.0,25980,12565,619.0,0.0,9200.0,8700,0.0,0.0,1360.0,0.0
735,325.0,5750,510,0.0,0.0,1200.0,23955.0,0.0,1189.0,520.0,2348.0,574.0,1164,0.0,0.0,0.0,0.0,620.0,2117.0,7921.0,0.0,3050,0.0,544.0,0.0,1830,0.0,0.0,1790.0,640.0,25750,12418,617.0,0.0,8675.0,8600,0.0,0.0,1366.0,0.0
740,320.0,5800,510,0.0,0.0,1225.0,23600.0,0.0,1167.0,510.0,2418.0,575.0,1156,0.0,0.0,0.0,0.0,630.0,2114.0,7995.0,0.0,3070,0.0,550.0,0.0,1840,0.0,0.0,1840.0,626.0,26100,12747,616.0,0.0,8650.0,8710,0.0,0.0,1380.0,0.0
740,360.0,5813,510,0.0,0.0,1225.0,23945.0,0.0,1187.0,521.0,2484.0,570.0,1145,0.0,0.0,0.0,0.0,641.0,2178.0,8152.0,0.0,3110,0.0,545.0,0.0,1840,0.0,0.0,1840.0,630.0,26700,13016,616.0,0.0,8700.0,8900,0.0,0.0,1440.0,0.0
743,360.0,6025,516,0.0,0.0,1194.0,23900.0,0.0,1222.0,530.0,2503.0,580.0,1142,0.0,0.0,0.0,0.0,655.0,2180.0,8286.0,0.0,3140,0.0,550.0,0.0,1836,0.0,0.0,1836.0,639.0,26800,13198,612.0,0.0,8700.0,9200,0.0,0.0,1433.0,0.0
745,340.0,5944,525,0.0,0.0,1200.0,23760.0,0.0,1232.0,531.0,2498.0,570.0,1160,0.0,0.0,0.0,0.0,660.0,2198.0,8193.0,0.0,3110,0.0,555.0,0.0,1782,0.0,0.0,1800.0,640.0,28100,13319,607.0,0.0,8990.0,9320,0.0,0.0,1418.0,0.0
750,350.0,6338,525,0.0,0.0,1200.0,24200.0,0.0,1258.0,541.0,2488.0,570.0,1176,0.0,0.0,0.0,0.0,660.0,2202.0,7920.0,0.0,3100,0.0,540.0,0.0,1820,0.0,0.0,1838.0,650.0,26800,13847,616.0,0.0,9020.0,9520,0.0,0.0,1402.0,0.0
752,350.0,6013,535,0.0,0.0,1205.0,24499.0,0.0,1234.0,560.0,2498.0,575.0,1170,0.0,0.0,0.0,0.0,655.0,2242.0,7920.0,0.0,3120,0.0,534.0,0.0,1834,0.0,0.0,1841.0,670.0,27200,13714,613.0,0.0,8860.0,9444,0.0,0.0,1391.0,0.0
751,385.0,6125,535,0.0,0.0,1220.0,24350.0,0.0,1308.0,550.0,2538.0,588.0,1164,0.0,0.0,0.0,0.0,675.0,2240.0,7934.0,0.0,3219,0.0,549.0,0.0,1880,0.0,0.0,1920.0,665.0,27300,13791,633.0,0.0,8990.0,9410,0.0,0.0,1370.0,0.0
752,380.0,6063,545,0.0,0.0,1260.0,23300.0,0.0,1282.0,545.0,2538.0,587.0,1164,0.0,0.0,0.0,0.0,675.0,2271.0,8015.0,0.0,3250,0.0,540.0,0.0,1940,0.0,0.0,1950.0,665.0,26850,13956,629.0,0.0,8830.0,9550,0.0,0.0,1400.0,0.0
755,395.0,6013,550,0.0,0.0,1250.0,22710.0,0.0,1256.0,530.0,2533.0,580.0,1166,0.0,0.0,0.0,0.0,690.0,2231.0,8228.0,0.0,3200,0.0,551.0,0.0,1980,0.0,0.0,1973.0,690.0,27500,13857,646.0,0.0,9100.0,9330,0.0,0.0,1380.0,0.0
765,401.0,6100,565,0.0,0.0,1260.0,23330.0,0.0,1258.0,557.0,2553.0,590.0,1192,0.0,0.0,0.0,0.0,710.0,2185.0,8184.0,0.0,3270,0.0,560.0,0.0,2060,0.0,0.0,2100.0,690.0,28200,14231,667.0,0.0,9170.0,9140,0.0,0.0,1390.0,0.0
785,420.0,6063,580,0.0,0.0,1270.0,23750.0,0.0,1262.0,560.0,2558.0,594.0,1201,0.0,0.0,0.0,0.0,720.0,2203.0,8193.0,0.0,3350,0.0,585.0,0.0,2120,0.0,0.0,2130.0,680.0,29100,14121,667.0,0.0,9250.0,8961,0.0,0.0,1388.0,0.0
790,401.0,6350,590,0.0,0.0,1270.0,24370.0,0.0,1297.0,560.0,2548.0,594.0,1188,0.0,0.0,0.0,0.0,730.0,2234.0,8270.0,0.0,3360,0.0,580.0,0.0,2120,0.0,0.0,2120.0,695.0,27750,14611,673.0,0.0,9300.0,8601,0.0,0.0,1386.0,0.0
775,401.0,6126,595,0.0,0.0,1349.0,24000.0,0.0,1297.0,570.0,2558.0,600.0,1206,0.0,0.0,0.0,0.0,743.0,2198.0,8051.0,0.0,3363,0.0,580.0,0.0,2020,0.0,0.0,2020.0,700.0,27515,14192,667.0,0.0,9465.0,8696,0.0,0.0,1375.0,0.0
790,400.0,6000,597,0.0,0.0,1380.0,24600.0,0.0,1365.0,559.0,2553.0,615.0,1191,0.0,0.0,0.0,0.0,729.0,2244.0,8224.0,0.0,3355,0.0,590.0,0.0,2000,0.0,0.0,2000.0,710.0,27500,14253,654.0,0.0,9500.0,9084,0.0,0.0,1366.0,0.0
780,400.0,5975,585,0.0,0.0,1410.0,24300.0,0.0,1329.0,570.0,2563.0,620.0,1178,0.0,0.0,0.0,0.0,717.0,2247.0,8232.0,0.0,3240,0.0,610.0,0.0,2000,0.0,0.0,2010.0,705.0,27305,14132,646.0,0.0,9465.0,8650,0.0,0.0,1350.0,0.0
780,400.0,6137,590,0.0,0.0,1390.0,24021.0,0.0,1320.0,575.0,2668.0,600.0,1178,0.0,0.0,0.0,0.0,713.0,2216.0,8373.0,0.0,3199,0.0,610.0,0.0,2070,0.0,0.0,2066.0,705.0,27305,13990,656.0,0.0,9400.0,8351,0.0,0.0,1375.0,0.0
785,400.0,6188,590,0.0,0.0,1385.0,23900.0,0.0,1313.0,600.0,2668.0,590.0,1178,0.0,0.0,0.0,0.0,713.0,2235.0,8373.0,0.0,3190,0.0,610.0,0.0,2055,0.0,0.0,2055.0,705.0,27305,13797,656.0,0.0,9250.0,8430,0.0,0.0,1400.0,0.0
793,400.0,6188,590,0.0,0.0,1375.0,23700.0,0.0,1313.0,600.0,2798.0,590.0,1178,0.0,0.0,0.0,0.0,714.0,2235.0,8672.0,0.0,3190,0.0,620.0,0.0,2055,0.0,0.0,2055.0,700.0,27800,13797,656.0,0.0,9136.0,8430,0.0,0.0,1400.0,0.0
793,400.0,6250,590,0.0,0.0,1400.0,24050.0,0.0,1317.0,600.0,2798.0,595.0,1177,0.0,0.0,0.0,0.0,706.0,2271.0,8787.0,0.0,3200,0.0,628.0,0.0,2180,0.0,0.0,2180.0,715.0,27500,14110,656.0,0.0,9150.0,8250,0.0,0.0,1420.0,0.0
795,420.0,6175,590,0.0,0.0,1430.0,24050.0,0.0,1327.0,600.0,2858.0,595.0,1201,0.0,0.0,0.0,0.0,722.0,2258.0,8862.0,0.0,3175,0.0,640.0,0.0,2180,0.0,0.0,2200.0,715.0,27300,14049,665.0,0.0,9150.0,8301,0.0,0.0,1438.0,0.0
775,400.0,6288,590,0.0,0.0,1430.0,25450.0,0.0,1369.0,615.0,2848.0,595.0,1185,0.0,0.0,0.0,0.0,725.0,2319.0,8712.0,0.0,3170,0.0,640.0,0.0,2170,0.0,0.0,2183.0,720.0,27168,13962,656.0,0.0,9270.0,8447,0.0,0.0,1500.0,0.0
775,400.0,6313,590,0.0,0.0,1452.0,25800.0,0.0,1364.0,605.0,2728.0,590.0,1190,0.0,0.0,0.0,0.0,720.0,2310.0,8501.0,0.0,3145,0.0,630.0,0.0,2120,0.0,0.0,2120.0,730.0,26750,14043,643.0,0.0,9215.0,8410,0.0,0.0,1561.0,0.0
775,395.0,6213,590,0.0,0.0,1455.0,26110.0,0.0,1355.0,602.0,2648.0,590.0,1192,0.0,0.0,0.0,0.0,715.0,2301.0,8070.0,0.0,3120,0.0,610.0,0.0,2120,0.0,0.0,2124.0,750.0,25000,13846,649.0,0.0,9247.0,8410,0.0,0.0,1550.0,0.0
775,395.0,5900,590,0.0,0.0,1440.0,25310.0,0.0,1333.0,590.0,2598.0,590.0,1220,0.0,0.0,0.0,0.0,712.0,2303.0,7953.0,0.0,3180,0.0,609.0,0.0,2000,0.0,0.0,2020.0,730.0,23500,13319,638.0,0.0,9050.0,8360,0.0,0.0,1566.0,0.0
795,409.0,5745,565,0.0,0.0,1430.0,25110.0,0.0,1272.0,590.0,2598.0,580.0,1223,0.0,0.0,0.0,0.0,700.0,2310.0,7976.0,0.0,3160,0.0,626.0,0.0,2038,0.0,0.0,2020.0,730.0,23000,13058,646.0,0.0,9045.0,8378,0.0,0.0,1600.0,0.0
791,396.0,5425,565,0.0,0.0,1330.0,24080.0,0.0,1228.0,579.0,2598.0,570.0,1206,0.0,0.0,0.0,0.0,700.0,2333.0,7850.0,0.0,3206,0.0,648.0,0.0,2000,0.0,0.0,2000.0,745.0,23300,12857,649.0,0.0,9050.0,8400,0.0,0.0,1625.0,0.0
790,396.0,5563,565,0.0,0.0,1270.0,23700.0,0.0,1220.0,575.0,2598.0,550.0,1206,0.0,0.0,0.0,0.0,700.0,2341.0,7882.0,0.0,3250,0.0,640.0,0.0,1940,0.0,0.0,1950.0,740.0,23650,12780,649.0,0.0,9100.0,8300,0.0,0.0,1616.0,0.0
790,400.0,5575,580,0.0,0.0,1260.0,23600.0,0.0,1216.0,574.0,2643.0,530.0,1192,0.0,0.0,0.0,0.0,710.0,2344.0,8254.0,0.0,3280,0.0,625.0,0.0,1970,0.0,0.0,1970.0,750.0,23525,12735,667.0,0.0,9000.0,8355,0.0,0.0,1628.0,0.0
775,400.0,5563,580,0.0,0.0,1245.0,23301.0,0.0,1216.0,560.0,2603.0,540.0,1178,0.0,0.0,0.0,0.0,715.0,2343.0,8250.0,0.0,3350,0.0,649.0,0.0,1970,0.0,0.0,1970.0,750.0,22800,12455,679.0,0.0,8960.0,8350,0.0,0.0,1630.0,0.0
775,400.0,5625,578,0.0,0.0,1235.0,23700.0,0.0,1212.0,600.0,2628.0,550.0,1192,0.0,0.0,0.0,0.0,750.0,2359.0,8334.0,0.0,3400,0.0,670.0,0.0,1960,0.0,0.0,1960.0,745.0,23900,12692,697.0,0.0,8950.0,8430,0.0,0.0,1660.0,0.0
781,400.0,6000,585,0.0,0.0,1230.0,24345.0,0.0,1242.0,615.0,2608.0,556.0,1199,0.0,0.0,0.0,0.0,748.0,2346.0,8272.0,0.0,3460,0.0,670.0,0.0,2000,0.0,0.0,2023.0,742.0,22200,12995,693.0,0.0,8972.0,8395,0.0,0.0,1665.0,0.0
785,375.0,5650,585,0.0,0.0,1200.0,24595.0,0.0,1252.0,620.0,2628.0,570.0,1206,0.0,0.0,0.0,0.0,750.0,2376.0,7919.0,0.0,3485,0.0,670.0,0.0,1980,0.0,0.0,1984.0,735.0,22670,12582,690.0,0.0,9100.0,8410,0.0,0.0,1680.0,0.0
781,378.0,5675,590,0.0,0.0,1180.0,24850.0,0.0,1224.0,615.0,2683.0,590.0,1290,0.0,0.0,0.0,0.0,770.0,2392.0,8139.0,0.0,3490,0.0,675.0,0.0,1970,0.0,0.0,2000.0,740.0,23995,12791,706.0,0.0,9400.0,8399,0.0,0.0,1690.0,0.0
781,377.0,5975,590,0.0,0.0,1200.0,24000.0,0.0,1266.0,628.0,2649.0,595.0,1221,0.0,0.0,0.0,0.0,770.0,2436.0,8008.0,0.0,3535,0.0,675.0,0.0,2020,0.0,0.0,2040.0,740.0,22900,13352,706.0,0.0,9400.0,8500,0.0,0.0,1725.0,0.0
790,377.0,5850,590,0.0,0.0,1170.0,23880.0,0.0,1252.0,625.0,2699.0,600.0,1243,0.0,0.0,0.0,0.0,758.0,2418.0,7789.0,0.0,3536,0.0,665.0,0.0,2000,0.0,0.0,2000.0,741.0,22961,13176,691.0,0.0,9480.0,8350,0.0,0.0,1680.0,0.0
800,420.0,5781,590,0.0,0.0,1138.0,24500.0,0.0,1224.0,620.0,2728.0,594.0,1248,0.0,0.0,0.0,0.0,751.0,2418.0,7946.0,0.0,3500,0.0,647.0,0.0,2000,0.0,0.0,2024.0,751.0,23580,13011,693.0,0.0,9800.0,8375,0.0,0.0,1695.0,0.0
810,375.0,5900,590,0.0,0.0,1185.0,23800.0,0.0,1232.0,621.0,2753.0,585.0,1291,0.0,0.0,0.0,0.0,767.0,2427.0,8058.0,0.0,3461,0.0,665.0,0.0,2072,0.0,0.0,2073.0,760.0,25200,13286,706.0,0.0,9810.0,8345,0.0,0.0,1685.0,0.0
820,375.0,6125,600,0.0,0.0,1200.0,23600.0,0.0,1252.0,624.0,2753.0,585.0,1240,0.0,0.0,0.0,0.0,769.0,2436.0,7894.0,0.0,3490,0.0,660.0,0.0,2032,0.0,0.0,2050.0,745.0,24310,13846,680.0,0.0,9800.0,8450,0.0,0.0,1699.0,0.0
830,375.0,6050,600,0.0,0.0,1203.0,24549.0,0.0,1240.0,620.0,2768.0,585.0,1277,0.0,0.0,0.0,0.0,779.0,2403.0,7304.0,0.0,3360,0.0,660.0,0.0,2040,0.0,0.0,2044.0,760.0,23410,13766,695.0,0.0,9800.0,8600,0.0,0.0,1705.0,0.0
830,375.0,5913,600,0.0,0.0,1240.0,25300.0,0.0,1244.0,620.0,2698.0,581.0,1238,0.0,0.0,0.0,0.0,766.0,2374.0,7467.0,0.0,3445,0.0,660.0,0.0,2050,0.0,0.0,2060.0,760.0,23421,13720,668.0,0.0,9950.0,8550,0.0,0.0,1700.0,0.0
829,375.0,5863,595,0.0,0.0,1250.0,24800.0,0.0,1236.0,615.0,2648.0,576.0,1232,0.0,0.0,0.0,0.0,760.0,2315.0,7225.0,0.0,3379,0.0,665.0,0.0,1990,0.0,0.0,2000.0,755.0,23400,13420,668.0,0.0,10100.0,8250,0.0,0.0,1650.0,0.0
825,375.0,5849,595,0.0,0.0,1255.0,23590.0,0.0,1228.0,605.0,2648.0,590.0,1234,0.0,0.0,0.0,0.0,744.0,2310.0,7414.0,0.0,3351,0.0,665.0,0.0,2030,0.0,0.0,2030.0,731.0,23260,13396,672.0,0.0,10000.0,8298,0.0,0.0,1640.0,0.0
801,380.0,5875,595,0.0,0.0,1230.0,23600.0,0.0,1224.0,605.0,2613.0,601.0,1255,0.0,0.0,0.0,0.0,754.0,2315.0,7542.0,0.0,3320,0.0,659.0,0.0,2040,0.0,0.0,2040.0,705.0,23200,13340,676.0,0.0,9780.0,8225,0.0,0.0,1650.0,0.0
804,380.0,5850,600,0.0,0.0,1240.0,23420.0,0.0,1224.0,605.0,2608.0,604.0,1257,0.0,0.0,0.0,0.0,740.0,2311.0,7525.0,0.0,3350,0.0,660.0,0.0,2000,0.0,0.0,2024.0,705.0,23700,13022,675.0,0.0,9799.0,8110,0.0,0.0,1640.0,0.0
790,390.0,5869,600,0.0,0.0,1231.0,24200.0,0.0,1220.0,610.0,2598.0,615.0,1263,0.0,0.0,0.0,0.0,750.0,2313.0,7802.0,0.0,3350,0.0,660.0,0.0,1882,0.0,0.0,1980.0,720.0,24500,12978,663.0,0.0,9750.0,8000,0.0,0.0,1620.0,0.0
789,395.0,5788,600,0.0,0.0,1231.0,24001.0,0.0,1236.0,625.0,2598.0,604.0,1277,0.0,0.0,0.0,0.0,740.0,2313.0,7942.0,0.0,3336,0.0,655.0,0.0,2040,0.0,0.0,2000.0,723.0,24250,13582,666.0,0.0,9600.0,7921,0.0,0.0,1619.0,0.0
790,395.0,5750,600,0.0,0.0,1215.0,25000.0,0.0,1266.0,635.0,2578.0,604.0,1307,0.0,0.0,0.0,0.0,744.0,2290.0,7919.0,0.0,3325,0.0,655.0,0.0,2020,0.0,0.0,2025.0,764.0,24400,14165,676.0,0.0,9601.0,8100,0.0,0.0,1610.0,0.0
780,395.0,5812,600,0.0,0.0,1240.0,25300.0,0.0,1280.0,644.0,2583.0,605.0,1307,0.0,0.0,0.0,0.0,745.0,2289.0,7568.0,0.0,3343,0.0,660.0,0.0,2040,0.0,0.0,2052.0,760.0,24000,14247,680.0,0.0,9700.0,8090,0.0,0.0,1620.0,0.0
790,400.0,5806,600,0.0,0.0,1237.0,25250.0,0.0,1280.0,645.0,2618.0,605.0,1326,0.0,0.0,0.0,0.0,740.0,2315.0,7700.0,0.0,3353,0.0,650.0,0.0,2040,0.0,0.0,2040.0,775.0,23649,14011,680.0,0.0,9800.0,8100,0.0,0.0,1610.0,0.0
790,400.0,5838,590,0.0,0.0,1250.0,25100.0,0.0,1282.0,641.0,2643.0,600.0,1341,0.0,0.0,0.0,0.0,749.0,2352.0,7850.0,0.0,3386,0.0,660.0,0.0,2040,0.0,0.0,2060.0,775.0,23600,13989,688.0,0.0,9800.0,8100,0.0,0.0,1620.0,0.0
810,375.0,5875,590,0.0,0.0,1275.0,24420.0,0.0,1292.0,645.0,2727.0,607.0,1348,0.0,0.0,0.0,0.0,750.0,2399.0,7744.0,0.0,3391,0.0,658.0,0.0,2040,0.0,0.0,2060.0,785.0,23100,14176,685.0,0.0,9400.0,8098,0.0,0.0,1650.0,0.0
840,375.0,5863,588,0.0,0.0,1285.0,24251.0,0.0,1292.0,645.0,2818.0,605.0,1326,0.0,0.0,0.0,0.0,755.0,2381.0,7762.0,0.0,3410,0.0,658.0,0.0,2048,0.0,0.0,2055.0,751.0,23100,14264,689.0,0.0,8801.0,7980,0.0,0.0,1675.0,0.0
835,390.0,5981,590,0.0,0.0,1270.0,24350.0,0.0,1299.0,644.0,2808.0,606.0,1326,0.0,0.0,0.0,0.0,756.0,2414.0,7656.0,0.0,3425,0.0,650.0,0.0,2030,0.0,0.0,2040.0,751.0,23300,14418,681.0,0.0,8570.0,7950,0.0,0.0,1695.0,0.0
830,400.0,6069,609,0.0,0.0,1265.0,24000.0,0.0,1303.0,630.0,2778.0,630.0,1310,0.0,0.0,0.0,0.0,742.0,2405.0,7771.0,0.0,3370,0.0,645.0,0.0,2034,0.0,0.0,2060.0,770.0,23400,14489,683.0,0.0,8445.0,7890,0.0,0.0,1711.0,0.0
840,400.0,6138,600,0.0,0.0,1250.0,24000.0,0.0,1288.0,625.0,2723.0,640.0,1305,0.0,0.0,0.0,0.0,732.0,2363.0,7470.0,0.0,3400,0.0,640.0,0.0,1980,0.0,0.0,1984.0,781.0,23400,14280,680.0,0.0,8480.0,7820,0.0,0.0,1756.0,0.0
867,410.0,6113,600,0.0,0.0,1230.0,24100.0,0.0,1274.0,630.0,2698.0,630.0,1319,0.0,0.0,0.0,0.0,730.0,2363.0,7743.0,0.0,3430,0.0,620.0,0.0,1999,0.0,0.0,2005.0,780.0,24230,14165,676.0,0.0,8380.0,7800,0.0,0.0,1760.0,0.0
885,401.0,6250,600,0.0,0.0,1215.0,24155.0,0.0,1292.0,630.0,2673.0,664.0,1309,0.0,0.0,0.0,0.0,730.0,2396.0,8141.0,0.0,3360,0.0,625.0,0.0,2000,0.0,0.0,2040.0,780.0,25250,14582,671.0,0.0,8400.0,7802,0.0,0.0,1750.0,0.0
860,400.0,6355,604,0.0,0.0,1180.0,24200.0,0.0,1327.0,641.0,2673.0,690.0,1331,0.0,0.0,0.0,0.0,732.0,2322.0,8185.0,0.0,3340,0.0,640.0,0.0,1994,0.0,0.0,2000.0,800.0,26610,14643,665.0,0.0,8400.0,7900,0.0,0.0,1754.0,0.0
850,400.0,6498,601,0.0,0.0,1060.0,25000.0,0.0,1349.0,650.0,2698.0,675.0,1359,0.0,0.0,0.0,0.0,729.0,2304.0,8272.0,0.0,3350,0.0,640.0,0.0,1988,0.0,0.0,2020.0,815.0,27340,14918,660.0,0.0,8350.0,8000,0.0,0.0,1775.0,0.0
845,385.0,6486,600,0.0,0.0,1045.0,26350.0,0.0,1414.0,650.0,2758.0,655.0,1294,0.0,0.0,0.0,0.0,710.0,2332.0,8470.0,0.0,3330,0.0,640.0,0.0,2000,0.0,0.0,2020.0,830.0,26900,15148,659.0,0.0,8450.0,8020,0.0,0.0,1785.0,0.0
860,400.0,6325,595,0.0,0.0,1040.0,26790.0,0.0,1414.0,651.0,2749.0,660.0,1298,0.0,0.0,0.0,0.0,716.0,2271.0,8510.0,0.0,3345,0.0,625.0,0.0,1960,0.0,0.0,1980.0,851.0,28200,14725,647.0,0.0,8400.0,7870,0.0,0.0,1818.0,0.0
900,400.0,6400,595,0.0,0.0,1070.0,26715.0,0.0,1420.0,656.0,2812.0,685.0,1294,0.0,0.0,0.0,0.0,721.0,2278.0,8184.0,0.0,3300,0.0,630.0,0.0,1940,0.0,0.0,1960.0,870.0,28200,14890,654.0,0.0,8400.0,7860,0.0,0.0,1830.0,0.0
910,400.0,6450,595,0.0,0.0,1100.0,27305.0,0.0,1421.0,665.0,2937.0,685.0,1291,0.0,0.0,0.0,0.0,737.0,2271.0,8325.0,0.0,3330,0.0,635.0,0.0,1910,0.0,0.0,1940.0,860.0,29400,14907,659.0,0.0,8400.0,7890,0.0,0.0,1830.0,0.0
950,400.0,6688,595,0.0,0.0,1113.0,27700.0,0.0,1446.0,680.0,2898.0,675.0,1296,0.0,0.0,0.0,0.0,741.0,2275.0,8691.0,0.0,3350,0.0,670.0,0.0,1920,0.0,0.0,1938.0,855.0,28700,15055,660.0,0.0,8325.0,8010,0.0,0.0,1835.0,0.0
900,395.0,6788,600,0.0,0.0,1130.0,26749.0,0.0,1426.0,680.0,2897.0,670.0,1313,0.0,0.0,0.0,0.0,759.0,2267.0,8545.0,0.0,3300,0.0,685.0,0.0,1920,0.0,0.0,1945.0,850.0,28400,14857,659.0,0.0,8300.0,8251,0.0,0.0,1855.0,0.0
900,410.0,6950,605,0.0,0.0,1125.0,26900.0,0.0,1454.0,685.0,2848.0,665.0,1293,0.0,0.0,0.0,0.0,754.0,2282.0,8451.0,0.0,3360,0.0,680.0,0.0,1940,0.0,0.0,1952.0,860.0,28000,15396,658.0,0.0,8300.0,8745,0.0,0.0,1860.0,0.0
950,400.0,6998,601,0.0,0.0,1130.0,27999.0,0.0,1414.0,652.0,2798.0,660.0,1268,0.0,0.0,0.0,0.0,743.0,2291.0,8448.0,0.0,3370,0.0,683.0,0.0,1942,0.0,0.0,1950.0,880.0,28000,15440,651.0,0.0,8275.0,8515,0.0,0.0,1850.0,0.0
940,400.0,7025,600,0.0,0.0,1140.0,28000.0,0.0,1406.0,655.0,2757.0,660.0,1271,0.0,0.0,0.0,0.0,730.0,2271.0,8351.0,0.0,3310,0.0,691.0,0.0,1940,0.0,0.0,1948.0,915.0,26625,15352,644.0,0.0,8200.0,8400,0.0,0.0,1815.0,0.0
930,400.0,6850,590,0.0,0.0,1170.0,27500.0,0.0,1395.0,650.0,2758.0,655.0,1271,0.0,0.0,0.0,0.0,728.0,2278.0,8606.0,0.0,3300,0.0,695.0,0.0,1937,0.0,0.0,1938.0,910.0,27100,14890,650.0,0.0,8400.0,8150,0.0,0.0,1786.0,0.0
944,396.0,6888,588,0.0,0.0,1151.0,27198.0,0.0,1402.0,654.0,2798.0,675.0,1248,0.0,0.0,0.0,0.0,729.0,2295.0,8668.0,0.0,3260,0.0,695.0,0.0,1928,0.0,0.0,1936.0,890.0,27180,14824,646.0,0.0,8300.0,8260,0.0,0.0,1815.0,0.0
930,375.0,6975,585,0.0,0.0,1150.0,26662.0,0.0,1414.0,655.0,2748.0,675.0,1226,0.0,0.0,0.0,0.0,725.0,2256.0,8800.0,0.0,3301,0.0,695.0,0.0,1878,0.0,0.0,1900.0,945.0,27230,15044,646.0,0.0,8350.0,8330,0.0,0.0,1815.0,0.0
938,400.0,7125,570,0.0,0.0,1130.0,27800.0,0.0,1408.0,655.0,2778.0,670.0,1240,0.0,0.0,0.0,0.0,729.0,2234.0,8967.0,0.0,3290,0.0,700.0,0.0,1840,0.0,0.0,1844.0,950.0,28200,15115,655.0,0.0,8350.0,8500,0.0,0.0,1815.0,0.0
940,395.0,7400,550,0.0,0.0,1130.0,27950.0,0.0,1408.0,655.0,2758.0,662.0,1220,0.0,0.0,0.0,0.0,732.0,2229.0,8536.0,0.0,3300,0.0,712.0,0.0,1874,0.0,0.0,1878.0,950.0,28000,15385,647.0,0.0,8320.0,8790,0.0,0.0,1830.0,0.0
950,395.0,7150,565,0.0,0.0,1150.0,28400.0,0.0,1374.0,631.0,2868.0,660.0,1206,0.0,0.0,0.0,0.0,746.0,2207.0,8493.0,0.0,3240,0.0,710.0,0.0,1899,0.0,0.0,1900.0,940.0,28500,14864,660.0,0.0,8320.0,8460,0.0,0.0,1884.0,0.0
954,405.0,7206,560,0.0,0.0,1160.0,28450.0,0.0,1361.0,631.0,2922.0,665.0,1204,0.0,0.0,0.0,0.0,748.0,2209.0,8541.0,0.0,3330,0.0,720.0,0.0,1950,0.0,0.0,1950.0,935.0,28100,15286,658.0,0.0,8170.0,8490,0.0,0.0,1890.0,0.0
950,410.0,7275,560,0.0,0.0,1190.0,27800.0,0.0,1391.0,625.0,2947.0,670.0,1220,0.0,0.0,0.0,0.0,752.0,2189.0,9306.0,0.0,3350,0.0,744.0,0.0,1950,0.0,0.0,1970.0,930.0,29601,15247,644.0,0.0,8000.0,8250,0.0,0.0,1879.0,0.0
935,425.0,7551,554,0.0,0.0,1200.0,27440.0,0.0,1474.0,625.0,2923.0,671.0,1206,0.0,0.0,0.0,0.0,759.0,2178.0,9244.0,0.0,3300,0.0,728.0,0.0,2020,0.0,0.0,2050.0,934.0,29629,15530,628.0,0.0,7801.0,8601,0.0,0.0,1905.0,0.0
940,440.0,7475,549,0.0,0.0,1245.0,27400.0,0.0,1494.0,610.0,2948.0,675.0,1207,0.0,0.0,0.0,0.0,780.0,2158.0,9715.0,0.0,3190,0.0,760.0,0.0,2090,0.0,0.0,2100.0,922.0,29700,15659,635.0,0.0,7899.0,8760,0.0,0.0,1870.0,0.0
964,425.0,7663,545,0.0,0.0,1230.0,29398.0,0.0,1535.0,608.0,2988.0,675.0,1206,0.0,0.0,0.0,0.0,776.0,2165.0,9238.0,0.0,3210,0.0,760.0,0.0,2160,0.0,0.0,2180.0,910.0,28425,15577,630.0,0.0,7850.0,8950,0.0,0.0,1820.0,0.0
965,425.0,7314,541,0.0,0.0,1309.0,29650.0,0.0,1614.0,620.0,2968.0,710.0,1201,0.0,0.0,0.0,0.0,769.0,2169.0,9230.0,0.0,3248,0.0,770.0,0.0,2160,0.0,0.0,2176.0,880.0,27500,15077,625.0,0.0,7760.0,9000,0.0,0.0,1761.0,0.0
955,425.0,7188,540,0.0,0.0,1300.0,30600.0,0.0,1535.0,620.0,2948.0,701.0,1184,0.0,0.0,0.0,0.0,760.0,2187.0,9372.0,0.0,3191,0.0,770.0,0.0,2138,0.0,0.0,2143.0,900.0,26850,15110,619.0,0.0,7800.0,9100,0.0,0.0,1740.0,0.0
945,425.0,6913,545,0.0,0.0,1280.0,29000.0,0.0,1503.0,620.0,2908.0,690.0,1187,0.0,0.0,0.0,0.0,762.0,2147.0,9152.0,0.0,3110,0.0,770.0,0.0,2122,0.0,0.0,2135.0,910.0,26400,15198,619.0,0.0,7800.0,8775,0.0,0.0,1735.0,0.0
950,425.0,6894,545,0.0,0.0,1280.0,28790.0,0.0,1494.0,622.0,2938.0,695.0,1201,0.0,0.0,0.0,0.0,767.0,2128.0,9249.0,0.0,3149,0.0,770.0,0.0,2120,0.0,0.0,2140.0,910.0,27000,15385,655.0,0.0,7790.0,8801,0.0,0.0,1703.0,0.0
940,425.0,7080,550,0.0,0.0,1250.0,29450.0,0.0,1525.0,619.0,2918.0,698.0,1178,0.0,0.0,0.0,0.0,770.0,2161.0,9240.0,0.0,3290,0.0,780.0,0.0,2110,0.0,0.0,2130.0,900.0,26600,15758,663.0,0.0,7379.0,9000,0.0,0.0,1735.0,0.0
935,400.0,7050,550,0.0,0.0,1250.0,28501.0,0.0,1505.0,600.0,2928.0,700.0,1211,0.0,0.0,0.0,0.0,768.0,2143.0,9328.0,0.0,3269,0.0,780.0,0.0,2050,0.0,0.0,2071.0,918.0,26300,15560,655.0,0.0,7421.0,9040,0.0,0.0,1730.0,0.0
925,400.0,7350,549,0.0,0.0,1250.0,28900.0,0.0,1462.0,606.0,2918.0,700.0,1176,0.0,0.0,0.0,0.0,755.0,2172.0,9504.0,0.0,3240,0.0,785.0,0.0,2038,0.0,0.0,2060.0,905.0,26000,15441,655.0,0.0,6890.0,8860,0.0,0.0,1740.0,0.0
940,400.0,7175,548,0.0,0.0,1260.0,28511.0,0.0,1462.0,625.0,2858.0,700.0,1165,0.0,0.0,0.0,0.0,745.0,2158.0,9626.0,0.0,3230,0.0,775.0,0.0,1980,0.0,0.0,2000.0,900.0,26200,15385,653.0,0.0,6700.0,8830,0.0,0.0,1740.0,0.0
941,400.0,7006,550,0.0,0.0,1245.0,29012.0,0.0,1414.0,612.0,2808.0,700.0,1179,0.0,0.0,0.0,0.0,745.0,2139.0,9283.0,0.0,3188,0.0,769.0,0.0,1988,0.0,0.0,2002.0,950.0,25550,15232,649.0,0.0,6850.0,8550,0.0,0.0,1715.0,0.0
940,401.0,6813,549,0.0,0.0,1200.0,29740.0,0.0,1362.0,612.0,2808.0,705.0,1179,0.0,0.0,0.0,0.0,745.0,2128.0,9283.0,0.0,3189,0.0,769.0,0.0,2000,0.0,0.0,1970.0,935.0,25550,14907,649.0,0.0,7000.0,8500,0.0,0.0,1710.0,0.0
930,425.0,6813,545,0.0,0.0,1160.0,29060.0,0.0,1362.0,612.0,2823.0,730.0,1167,0.0,0.0,0.0,0.0,750.0,2128.0,9461.0,0.0,3189,0.0,770.0,0.0,2000,0.0,0.0,1970.0,920.0,26100,14907,645.0,0.0,7101.0,8500,0.0,0.0,1710.0,0.0
930,425.0,7088,545,0.0,0.0,1120.0,28611.0,0.0,1333.0,625.0,2898.0,720.0,1177,0.0,0.0,0.0,0.0,763.0,2125.0,9009.0,0.0,3205,0.0,775.0,0.0,2000,0.0,0.0,1990.0,915.0,25750,14614,635.0,0.0,7250.0,8360,0.0,0.0,1710.0,0.0
930,425.0,7250,544,0.0,0.0,1120.0,28611.0,0.0,1373.0,629.0,2823.0,720.0,1164,0.0,0.0,0.0,0.0,761.0,2117.0,8844.0,0.0,3240,0.0,771.0,0.0,2000,0.0,0.0,1982.0,915.0,26400,14544,634.0,0.0,7250.0,8445,0.0,0.0,1766.0,0.0
920,420.0,7400,545,0.0,0.0,1120.0,28599.0,0.0,1377.0,615.0,2823.0,720.0,1166,0.0,0.0,0.0,0.0,763.0,2134.0,8774.0,0.0,3250,0.0,770.0,0.0,1984,0.0,0.0,1994.0,915.0,25700,14464,621.0,0.0,6860.0,8700,0.0,0.0,1919.0,0.0
900,415.0,7263,540,0.0,0.0,1090.0,27080.0,0.0,1351.0,613.0,2773.0,720.0,1177,0.0,0.0,0.0,0.0,768.0,2128.0,8369.0,0.0,3200,0.0,766.0,0.0,1960,0.0,0.0,1960.0,900.0,26000,13684,627.0,0.0,6905.0,8320,0.0,0.0,1990.0,0.0
900,395.0,7313,548,0.0,0.0,1120.0,27000.0,0.0,1357.0,615.0,2911.0,720.0,1184,0.0,0.0,0.0,0.0,770.0,2158.0,8360.0,0.0,3198,0.0,745.0,0.0,1910,0.0,0.0,1910.0,901.0,25750,13791,629.0,0.0,6880.0,8125,0.0,0.0,1975.0,0.0
903,385.0,7288,560,0.0,0.0,1120.0,26900.0,0.0,1410.0,629.0,2888.0,715.0,1195,0.0,0.0,0.0,0.0,780.0,2162.0,8452.0,0.0,3195,0.0,744.0,0.0,1921,0.0,0.0,1890.0,900.0,26309,14121,642.0,0.0,6920.0,8450,0.0,0.0,2025.0,0.0
917,385.0,7125,564,0.0,0.0,1080.0,25720.0,0.0,1416.0,629.0,2918.0,700.0,1195,0.0,0.0,0.0,0.0,780.0,2176.0,8271.0,0.0,3207,0.0,735.0,0.0,1940,0.0,0.0,1940.0,890.0,26500,14615,650.0,0.0,6921.0,8499,0.0,0.0,2090.0,0.0
921,389.0,7000,560,0.0,0.0,1070.0,25702.0,0.0,1395.0,615.0,2928.0,695.0,1198,0.0,0.0,0.0,0.0,795.0,2198.0,8270.0,0.0,3355,0.0,740.0,0.0,2020,0.0,0.0,2010.0,900.0,26300,15077,648.0,0.0,6810.0,8420,0.0,0.0,2086.0,0.0
940,389.0,7000,565,0.0,0.0,1080.0,26000.0,0.0,1358.0,619.0,3003.0,695.0,1179,0.0,0.0,0.0,0.0,812.0,2198.0,8356.0,0.0,3345,0.0,745.0,0.0,1990,0.0,0.0,1988.0,900.0,26700,14495,658.0,0.0,6800.0,8420,0.0,0.0,2110.0,0.0
950,380.0,7125,565,0.0,0.0,1080.0,24922.0,0.0,1359.0,614.0,3182.0,695.0,1210,0.0,0.0,0.0,0.0,842.0,2197.0,8140.0,0.0,3374,0.0,751.0,0.0,2040,0.0,0.0,2060.0,905.0,27750,14792,667.0,0.0,6965.0,8550,0.0,0.0,2185.0,0.0
955,380.0,7313,565,0.0,0.0,1080.0,24800.0,0.0,1454.0,620.0,3233.0,695.0,1218,0.0,0.0,0.0,0.0,857.0,2234.0,8365.0,0.0,3464,0.0,760.0,0.0,2100,0.0,0.0,2130.0,910.0,27945,15165,692.0,0.0,6995.0,9039,0.0,0.0,2280.0,0.0
980,375.0,7413,565,0.0,0.0,1080.0,25798.0,0.0,1480.0,630.0,3363.0,700.0,1234,0.0,0.0,0.0,0.0,849.0,2216.0,8195.0,0.0,3530,0.0,770.0,0.0,2140,0.0,0.0,2134.0,925.0,28103,15129,706.0,0.0,6985.0,9040,0.0,0.0,2260.0,0.0
975,375.0,7374,565,0.0,0.0,1100.0,25575.0,0.0,1521.0,635.0,3318.0,700.0,1226,0.0,0.0,0.0,0.0,831.0,2271.0,8536.0,0.0,3540,0.0,770.0,0.0,2150,0.0,0.0,2140.0,970.0,27620,15621,695.0,0.0,7180.0,9030,0.0,0.0,2300.0,0.0
975,400.0,7038,560,0.0,0.0,1080.0,25801.0,0.0,1500.0,635.0,3383.0,700.0,1226,0.0,0.0,0.0,0.0,835.0,2231.0,8502.0,0.0,3450,0.0,765.0,0.0,2070,0.0,0.0,2122.0,980.0,27800,15327,690.0,0.0,7270.0,9005,0.0,0.0,2213.0,0.0
975,425.0,7163,564,0.0,0.0,1075.0,25800.0,0.0,1482.0,635.0,3348.0,705.0,1234,0.0,0.0,0.0,0.0,843.0,2238.0,8730.0,0.0,3480,0.0,760.0,0.0,2076,0.0,0.0,2116.0,990.0,28000,15396,706.0,0.0,7600.0,8986,0.0,0.0,2201.0,0.0
965,420.0,7375,570,0.0,0.0,1025.0,26220.0,0.0,1471.0,635.0,3308.0,715.0,1237,0.0,0.0,0.0,0.0,845.0,2209.0,9060.0,0.0,3500,0.0,750.0,0.0,2090,0.0,0.0,2126.0,1000.0,28990,15392,723.0,0.0,7420.0,9000,0.0,0.0,2180.0,0.0
960,410.0,7500,570,0.0,0.0,1000.0,26400.0,0.0,1509.0,638.0,3318.0,740.0,1240,0.0,0.0,0.0,0.0,832.0,2234.0,8976.0,0.0,3479,0.0,755.0,0.0,2152,0.0,0.0,2157.0,990.0,29300,15779,697.0,0.0,6980.0,9050,0.0,0.0,2250.0,0.0
955,400.0,7620,572,0.0,0.0,961.0,26895.0,0.0,1474.0,638.0,3248.0,710.0,1234,0.0,0.0,0.0,0.0,840.0,2249.0,9064.0,0.0,3400,0.0,750.0,0.0,2156,0.0,0.0,2148.0,980.0,28600,15695,691.0,0.0,7050.0,8985,0.0,0.0,2150.0,0.0
960,406.0,7575,572,0.0,0.0,975.0,27549.0,0.0,1458.0,620.0,3248.0,700.0,1227,0.0,0.0,0.0,0.0,825.0,2234.0,9241.0,0.0,3405,0.0,740.0,0.0,2146,0.0,0.0,2150.0,988.0,28800,15495,686.0,0.0,7100.0,8820,0.0,0.0,2113.0,0.0
970,410.0,7375,580,0.0,0.0,1040.0,27185.0,0.0,1448.0,638.0,3228.0,730.0,1234,0.0,0.0,0.0,0.0,813.0,2216.0,9020.0,0.0,3389,0.0,740.0,0.0,2136,0.0,0.0,2140.0,985.0,28790,14978,679.0,0.0,7000.0,8750,0.0,0.0,2140.0,0.0
980,420.0,7580,585,0.0,0.0,1035.0,27101.0,0.0,1424.0,642.0,3188.0,740.0,1209,0.0,0.0,0.0,0.0,810.0,2202.0,9066.0,0.0,3400,0.0,750.0,0.0,2080,0.0,0.0,2110.0,985.0,28001,14819,672.0,0.0,7001.0,8685,0.0,0.0,2168.0,0.0
979,420.0,7613,599,0.0,0.0,1045.0,27799.0,0.0,1413.0,635.0,3188.0,750.0,1205,0.0,0.0,0.0,0.0,810.0,2202.0,8980.0,0.0,3373,0.0,741.0,0.0,2080,0.0,0.0,2090.0,984.0,28300,14813,680.0,0.0,7050.0,8740,0.0,0.0,2150.0,0.0
995,395.0,7613,615,0.0,0.0,1025.0,26900.0,0.0,1404.0,635.0,3149.0,750.0,1215,0.0,0.0,0.0,0.0,825.0,2200.0,8999.0,0.0,3360,0.0,745.0,0.0,2060,0.0,0.0,2085.0,980.0,28700,14808,683.0,0.0,6950.0,8700,0.0,0.0,2136.0,0.0
990,450.0,7700,615,0.0,0.0,1020.0,27400.0,0.0,1418.0,640.0,3218.0,745.0,1207,0.0,0.0,0.0,0.0,848.0,2292.0,9108.0,0.0,3380,0.0,775.0,0.0,2110,0.0,0.0,2118.0,980.0,29200,15110,686.0,0.0,6850.0,8905,0.0,0.0,2181.0,0.0
970,390.0,7725,610,0.0,0.0,1030.0,26952.0,0.0,1414.0,640.0,3218.0,740.0,1206,0.0,0.0,0.0,0.0,848.0,2326.0,9029.0,0.0,3370,0.0,805.0,0.0,2137,0.0,0.0,2140.0,995.0,29700,15154,689.0,0.0,6845.0,8860,0.0,0.0,2294.0,0.0
980,400.0,7850,625,0.0,0.0,1020.0,27300.0,0.0,1454.0,640.0,3248.0,750.0,1178,0.0,0.0,0.0,0.0,850.0,2344.0,8669.0,0.0,3390,0.0,751.0,0.0,2160,0.0,0.0,2160.0,1000.0,29500,15603,693.0,0.0,6820.0,8925,0.0,0.0,2370.0,0.0
980,400.0,7919,640,0.0,0.0,1050.0,27206.0,0.0,1500.0,640.0,3283.0,746.0,1178,0.0,0.0,0.0,0.0,850.0,2311.0,8317.0,0.0,3341,0.0,785.0,0.0,2154,0.0,0.0,2162.0,1000.0,29000,15423,696.0,0.0,6700.0,9000,0.0,0.0,2470.0,0.0
995,400.0,7738,638,0.0,0.0,1020.0,27510.0,0.0,1515.0,650.0,3298.0,717.0,1192,0.0,0.0,0.0,0.0,863.0,2326.0,8007.0,0.0,3380,0.0,785.0,0.0,2160,0.0,0.0,2168.0,1000.0,28690,15484,694.0,0.0,6550.0,9170,0.0,0.0,2560.0,0.0
980,400.0,7450,638,0.0,0.0,1040.0,26660.0,0.0,1515.0,670.0,3298.0,745.0,1194,0.0,0.0,0.0,0.0,880.0,2326.0,8023.0,0.0,3410,0.0,790.0,0.0,2200,0.0,0.0,2200.0,1010.0,28710,15868,685.0,0.0,6300.0,9400,0.0,0.0,2575.0,0.0
995,400.0,7488,645,0.0,0.0,1025.0,27210.0,0.0,1519.0,675.0,3298.0,749.0,1195,0.0,0.0,0.0,0.0,875.0,2344.0,8031.0,0.0,3390,0.0,820.0,0.0,2180,0.0,0.0,2176.0,1020.0,29100,15857,691.0,0.0,6700.0,9320,0.0,0.0,2430.0,0.0
1000,399.0,7663,630,0.0,0.0,1000.0,27195.0,0.0,1531.0,685.0,3388.0,745.0,1212,0.0,0.0,0.0,0.0,876.0,2344.0,7709.0,0.0,3465,0.0,835.0,0.0,2192,0.0,0.0,2210.0,1040.0,30300,16154,688.0,0.0,6900.0,9402,0.0,0.0,2450.0,0.0
1010,390.0,7875,640,0.0,0.0,990.0,27300.0,0.0,1523.0,685.0,3393.0,754.0,1204,0.0,0.0,0.0,0.0,866.0,2354.0,7998.0,0.0,3470,0.0,850.0,0.0,2260,0.0,0.0,2280.0,1050.0,30001,16286,689.0,0.0,6895.0,9402,0.0,0.0,2390.0,0.0
1030,399.0,7675,640,0.0,0.0,990.0,27750.0,0.0,1519.0,678.0,3398.0,756.0,1204,0.0,0.0,0.0,0.0,853.0,2345.0,8052.0,0.0,3465,0.0,858.0,0.0,2300,0.0,0.0,2300.0,1055.0,29700,15934,693.0,0.0,6800.0,9295,0.0,0.0,2347.0,0.0
1050,390.0,7525,637,0.0,0.0,1000.0,27500.0,0.0,1517.0,670.0,3447.0,765.0,1202,0.0,0.0,0.0,0.0,850.0,2341.0,8087.0,0.0,3429,0.0,860.0,0.0,2300,0.0,0.0,2290.0,1075.0,29200,15555,687.0,0.0,6820.0,9000,0.0,0.0,2350.0,0.0
1090,399.0,7503,637,0.0,0.0,1000.0,28441.0,0.0,1515.0,680.0,3468.0,785.0,1195,0.0,0.0,0.0,0.0,850.0,2385.0,8079.0,0.0,3410,0.0,860.0,0.0,2296,0.0,0.0,2280.0,1060.0,28810,15787,687.0,0.0,6900.0,8950,0.0,0.0,2393.0,0.0
1090,370.0,7464,639,0.0,0.0,995.0,28601.0,0.0,1511.0,675.0,3488.0,775.0,1205,0.0,0.0,0.0,0.0,850.0,2390.0,7982.0,0.0,3390,0.0,865.0,0.0,2264,0.0,0.0,2289.0,1040.0,28550,16033,689.0,0.0,6849.0,8910,0.0,0.0,2355.0,0.0
1130,375.0,7500,639,0.0,0.0,1000.0,28520.0,0.0,1521.0,720.0,3469.0,780.0,1206,0.0,0.0,0.0,0.0,850.0,2427.0,7832.0,0.0,3454,0.0,850.0,0.0,2256,0.0,0.0,2258.0,1040.0,28150,16088,687.0,0.0,6930.0,9061,0.0,0.0,2412.0,0.0
1110,375.0,7319,634,0.0,0.0,1006.0,29450.0,0.0,1521.0,700.0,3528.0,775.0,1205,0.0,0.0,0.0,0.0,852.0,2396.0,7744.0,0.0,3520,0.0,845.0,0.0,2240,0.0,0.0,2240.0,1060.0,27800,15440,681.0,0.0,7086.0,8826,0.0,0.0,2420.0,0.0
1100,370.0,7513,620,0.0,0.0,1005.0,29701.0,0.0,1519.0,710.0,3504.0,785.0,1197,0.0,0.0,0.0,0.0,845.0,2381.0,7762.0,0.0,3500,0.0,850.0,0.0,2220,0.0,0.0,2220.0,1050.0,27800,15286,684.0,0.0,7400.0,8690,0.0,0.0,2400.0,0.0
1140,380.0,7575,615,0.0,0.0,1000.0,29500.0,0.0,1505.0,705.0,3497.0,795.0,1192,0.0,0.0,0.0,0.0,835.0,2363.0,7771.0,0.0,3500,0.0,840.0,0.0,2240,0.0,0.0,2238.0,1060.0,27400,15165,691.0,0.0,6905.0,8500,0.0,0.0,2395.0,0.0
1140,380.0,7500,605,0.0,0.0,974.0,29367.0,0.0,1505.0,703.0,3518.0,770.0,1178,0.0,0.0,0.0,0.0,840.0,2354.0,7674.0,0.0,3455,0.0,840.0,0.0,2200,0.0,0.0,2190.0,1070.0,27400,14760,701.0,0.0,6820.0,8325,0.0,0.0,2379.0,0.0
1165,380.0,7525,600,0.0,0.0,950.0,29800.0,0.0,1496.0,705.0,3528.0,770.0,1201,0.0,0.0,0.0,0.0,826.0,2366.0,7568.0,0.0,3500,0.0,845.0,0.0,2296,0.0,0.0,2200.0,1070.0,27099,15055,704.0,0.0,6800.0,8250,0.0,0.0,2379.0,0.0
1205,370.0,7450,600,0.0,0.0,975.0,29900.0,0.0,1494.0,705.0,3588.0,767.0,1213,0.0,0.0,0.0,0.0,830.0,2415.0,7498.0,0.0,3500,0.0,860.0,0.0,2250,0.0,0.0,2250.0,1080.0,27190,14968,718.0,0.0,6595.0,8320,0.0,0.0,2395.0,0.0
1226,370.0,7506,605,0.0,0.0,952.0,29960.0,0.0,1492.0,705.0,3638.0,770.0,1205,0.0,0.0,0.0,0.0,835.0,2454.0,7476.0,0.0,3540,0.0,860.0,0.0,2300,0.0,0.0,2230.0,1080.0,27000,14907,721.0,0.0,6655.0,8350,0.0,0.0,2460.0,0.0
1265,370.0,7288,604,0.0,0.0,960.0,29430.0,0.0,1486.0,720.0,3847.0,785.0,1199,0.0,0.0,0.0,0.0,830.0,2449.0,7559.0,0.0,3579,0.0,862.0,0.0,2306,0.0,0.0,2280.0,1080.0,27400,14753,712.0,0.0,6740.0,8122,0.0,0.0,2460.0,0.0
1185,390.0,7425,602,0.0,0.0,965.0,29600.0,0.0,1486.0,720.0,3826.0,775.0,1195,0.0,0.0,0.0,0.0,845.0,2443.0,7744.0,0.0,3570,0.0,890.0,0.0,2270,0.0,0.0,2282.0,1060.0,27400,14934,731.0,0.0,6700.0,8100,0.0,0.0,2500.0,0.0
1200,400.0,7500,602,0.0,0.0,955.0,30100.0,0.0,1494.0,749.0,3846.0,765.0,1251,0.0,0.0,0.0,0.0,862.0,2454.0,7744.0,0.0,3686,0.0,915.0,0.0,2310,0.0,0.0,2304.0,1061.0,28899,14973,760.0,0.0,6689.0,8099,0.0,0.0,2599.0,0.0
1200,401.0,7675,601,0.0,0.0,945.0,30000.0,0.0,1494.0,764.0,3897.0,770.0,1255,0.0,0.0,0.0,0.0,860.0,2473.0,7602.0,0.0,3950,0.0,945.0,0.0,2345,0.0,0.0,2340.0,1070.0,29000,15302,748.0,0.0,6590.0,8500,0.0,0.0,2700.0,0.0
1200,415.0,7500,600,0.0,0.0,930.0,30639.0,0.0,1474.0,760.0,3896.0,775.0,1261,0.0,0.0,0.0,0.0,850.0,2445.0,7401.0,0.0,3740,0.0,945.0,0.0,2400,0.0,0.0,2360.0,1070.0,28000,15220,742.0,0.0,6610.0,8350,0.0,0.0,2765.0,0.0
1195,411.0,7096,597,0.0,0.0,920.0,31250.0,0.0,1464.0,770.0,4097.0,780.0,1248,0.0,0.0,0.0,0.0,841.0,2445.0,7264.0,0.0,3830,0.0,940.0,0.0,2350,0.0,0.0,2341.0,1070.0,26111,14588,739.0,0.0,6810.0,8280,0.0,0.0,2855.0,0.0
1200,408.0,6750,597,0.0,0.0,945.0,31500.0,0.0,1450.0,742.0,4299.0,761.0,1243,0.0,0.0,0.0,0.0,862.0,2447.0,7207.0,0.0,3821,0.0,910.0,0.0,2330,0.0,0.0,2336.0,1060.0,27100,14352,753.0,0.0,6880.0,8210,0.0,0.0,2830.0,0.0
1215,450.0,6675,599,0.0,0.0,925.0,30430.0,0.0,1454.0,750.0,4421.0,755.0,1234,0.0,0.0,0.0,0.0,850.0,2509.0,7401.0,0.0,3950,0.0,945.0,0.0,2340,0.0,0.0,2380.0,1040.0,27120,14824,733.0,0.0,6739.0,8531,0.0,0.0,2840.0,0.0
1215,460.0,6725,605,0.0,0.0,871.0,29800.0,0.0,1494.0,750.0,4197.0,755.0,1211,0.0,0.0,0.0,0.0,845.0,2491.0,7503.0,0.0,3864,0.0,960.0,0.0,2410,0.0,0.0,2360.0,1036.0,27500,14780,734.0,0.0,6710.0,8832,0.0,0.0,2720.0,0.0
1221,480.0,7038,604,0.0,0.0,850.0,30000.0,0.0,1498.0,725.0,3997.0,761.0,1234,0.0,0.0,0.0,0.0,845.0,2449.0,7435.0,0.0,3800,0.0,950.0,0.0,2400,0.0,0.0,2415.0,1043.0,27200,14945,723.0,0.0,6540.0,8805,0.0,0.0,2750.0,0.0
1265,480.0,7163,605,0.0,0.0,850.0,30800.0,0.0,1475.0,736.0,3957.0,765.0,1277,0.0,0.0,0.0,0.0,850.0,2454.0,7256.0,0.0,3765,0.0,925.0,0.0,2410,0.0,0.0,2392.0,1040.0,26855,14615,723.0,0.0,6430.0,9100,0.0,0.0,2733.0,0.0
1255,480.0,6925,602,0.0,0.0,865.0,31190.0,0.0,1494.0,740.0,4007.0,765.0,1300,0.0,0.0,0.0,0.0,847.0,2524.0,7454.0,0.0,3820,0.0,905.0,0.0,2452,0.0,0.0,2488.0,1050.0,27000,14449,729.0,0.0,6400.0,8950,0.0,0.0,2756.0,0.0
1225,475.0,6853,605,0.0,0.0,910.0,30280.0,0.0,1474.0,730.0,4097.0,770.0,1333,0.0,0.0,0.0,0.0,850.0,2491.0,7577.0,0.0,3730,0.0,900.0,0.0,2560,0.0,0.0,2543.0,1035.0,27500,14286,727.0,0.0,6150.0,9050,0.0,0.0,2820.0,0.0
1240,485.0,7000,605,0.0,0.0,905.0,29010.0,0.0,1454.0,746.0,4097.0,790.0,1333,0.0,0.0,0.0,0.0,850.0,2504.0,7577.0,0.0,3760,0.0,900.0,0.0,2580,0.0,0.0,2600.0,1006.0,27500,14440,727.0,0.0,6000.0,9100,0.0,0.0,2900.0,0.0
1250,490.0,7000,620,0.0,0.0,899.0,30200.0,0.0,1454.0,746.0,4047.0,794.0,1347,0.0,0.0,0.0,0.0,856.0,2504.0,7508.0,0.0,3760,0.0,900.0,0.0,2580,0.0,0.0,2600.0,1030.0,27400,14440,742.0,0.0,6150.0,9100,0.0,0.0,2900.0,0.0
1250,490.0,6938,620,0.0,0.0,920.0,29925.0,0.0,1434.0,751.0,4113.0,785.0,1388,0.0,0.0,0.0,0.0,862.0,2473.0,7393.0,0.0,3944,0.0,940.0,0.0,2700,0.0,0.0,2704.0,1050.0,27400,14505,751.0,0.0,6300.0,9215,0.0,0.0,2880.0,0.0
1265,460.0,7125,625,0.0,0.0,900.0,29925.0,0.0,1434.0,754.0,4147.0,780.0,1365,0.0,0.0,0.0,0.0,869.0,2480.0,7586.0,0.0,3890,0.0,940.0,0.0,2670,0.0,0.0,2690.0,1050.0,28100,15121,751.0,0.0,6300.0,9500,0.0,0.0,2800.0,0.0
1255,485.0,7125,630,0.0,0.0,900.0,29900.0,0.0,1534.0,770.0,4047.0,780.0,1369,0.0,0.0,0.0,0.0,850.0,2491.0,7876.0,0.0,3900,0.0,930.0,0.0,2600,0.0,0.0,2520.0,1065.0,29000,15670,744.0,0.0,6215.0,9600,0.0,0.0,2832.0,0.0
1260,485.0,7275,640,0.0,0.0,939.0,29800.0,0.0,1521.0,735.0,4097.0,788.0,1403,0.0,0.0,0.0,0.0,855.0,2528.0,7964.0,0.0,3850,0.0,919.0,0.0,2550,0.0,0.0,2604.0,1075.0,29000,15934,757.0,0.0,6110.0,9620,0.0,0.0,2830.0,0.0
1265,475.0,7188,640,0.0,0.0,961.0,30355.0,0.0,1509.0,733.0,4118.0,790.0,1403,0.0,0.0,0.0,0.0,855.0,2537.0,8008.0,0.0,3940,0.0,890.0,0.0,2620,0.0,0.0,2640.0,1121.0,29200,16000,754.0,0.0,5950.0,9550,0.0,0.0,2800.0,0.0
1285,475.0,7125,620,0.0,0.0,1000.0,30900.0,0.0,1458.0,730.0,4118.0,790.0,1403,0.0,0.0,0.0,0.0,855.0,2539.0,8008.0,0.0,3889,0.0,890.0,0.0,2600,0.0,0.0,2610.0,1121.0,29200,15977,754.0,0.0,5880.0,9510,0.0,0.0,2778.0,0.0
1265,490.0,7125,620,0.0,0.0,990.0,30589.0,0.0,1458.0,730.0,4118.0,780.0,1403,0.0,0.0,0.0,0.0,855.0,2539.0,8008.0,0.0,3889,0.0,890.0,0.0,2600,0.0,0.0,2610.0,1120.0,29200,15977,754.0,0.0,5940.0,9510,0.0,0.0,2778.0,0.0
1265,490.0,7125,620,0.0,0.0,990.0,29504.0,0.0,1458.0,730.0,4122.0,785.0,1371,0.0,0.0,0.0,0.0,860.0,2539.0,8114.0,0.0,3889,0.0,905.0,0.0,2600,0.0,0.0,2610.0,1100.0,29200,15977,746.0,0.0,5976.0,9510,0.0,0.0,2778.0,0.0
1265,490.0,7200,620,0.0,0.0,990.0,29504.0,0.0,1478.0,720.0,4147.0,780.0,1403,0.0,0.0,0.0,0.0,872.0,2568.0,8228.0,0.0,3861,0.0,910.0,0.0,2550,0.0,0.0,2570.0,1100.0,29200,15934,752.0,0.0,5976.0,9500,0.0,0.0,2710.0,0.0
1250,500.0,7250,618,0.0,0.0,990.0,29504.0,0.0,1480.0,730.0,4149.0,780.0,1403,0.0,0.0,0.0,0.0,880.0,2582.0,8404.0,0.0,3880,0.0,935.0,0.0,2567,0.0,0.0,2570.0,1100.0,29150,15742,758.0,0.0,5976.0,9555,0.0,0.0,2801.0,0.0
1245,510.0,7250,618,0.0,0.0,990.0,31060.0,0.0,1484.0,725.0,4149.0,780.0,1403,0.0,0.0,0.0,0.0,880.0,2586.0,8404.0,0.0,3918,0.0,935.0,0.0,2560,0.0,0.0,2566.0,1105.0,29150,15714,758.0,0.0,5900.0,9500,0.0,0.0,2845.0,0.0
1240,511.0,7250,618,0.0,0.0,985.0,31400.0,0.0,1484.0,725.0,4197.0,779.0,1403,0.0,0.0,0.0,0.0,888.0,2586.0,8413.0,0.0,3918,0.0,970.0,0.0,2560,0.0,0.0,2566.0,1125.0,29150,15714,765.0,0.0,6160.0,9500,0.0,0.0,2845.0,0.0
1240,511.0,7400,618,0.0,0.0,990.0,31399.0,0.0,1525.0,764.0,4197.0,785.0,1400,0.0,0.0,0.0,0.0,880.0,2637.0,8280.0,0.0,3970,0.0,965.0,0.0,2680,0.0,0.0,2620.0,1135.0,28900,15934,774.0,0.0,6203.0,9670,0.0,0.0,2830.0,0.0
1240,528.0,7338,640,0.0,0.0,990.0,31399.0,0.0,1499.0,750.0,4198.0,786.0,1397,0.0,0.0,0.0,0.0,875.0,2601.0,8395.0,0.0,3985,0.0,975.0,0.0,2650,0.0,0.0,2660.0,1135.0,29400,15791,782.0,0.0,6203.0,9550,0.0,0.0,2860.0,0.0
1250,528.0,7425,635,0.0,0.0,990.0,31180.0,0.0,1499.0,730.0,4197.0,786.0,1394,0.0,0.0,0.0,0.0,880.0,2566.0,8385.0,0.0,4044,0.0,950.0,0.0,2650,0.0,0.0,2650.0,1135.0,29417,16209,791.0,0.0,6449.0,9515,0.0,0.0,2812.0,0.0
1250,511.0,7475,640,0.0,0.0,1000.0,30500.0,0.0,1517.0,765.0,4249.0,785.0,1375,0.0,0.0,0.0,0.0,864.0,2586.0,8232.0,0.0,4100,0.0,950.0,0.0,2640,0.0,0.0,2672.0,1150.0,28800,15934,779.0,0.0,6880.0,9810,0.0,0.0,2820.0,0.0
1250,520.0,7313,640,0.0,0.0,980.0,30900.0,0.0,1525.0,742.0,4317.0,790.0,1361,0.0,0.0,0.0,0.0,865.0,2601.0,8518.0,0.0,4059,0.0,956.0,0.0,2720,0.0,0.0,2730.0,1150.0,28850,16066,776.0,0.0,6820.0,9630,0.0,0.0,2805.0,0.0
1240,516.0,7250,635,0.0,0.0,970.0,30615.0,0.0,1559.0,732.0,4347.0,780.0,1361,0.0,0.0,0.0,0.0,870.0,2605.0,8751.0,0.0,4110,0.0,945.0,0.0,2840,0.0,0.0,2840.0,1140.0,29401,16131,765.0,0.0,6750.0,9700,0.0,0.0,2800.0,0.0
1240,515.0,7325,640,0.0,0.0,970.0,30799.0,0.0,1565.0,715.0,4422.0,776.0,1352,0.0,0.0,0.0,0.0,872.0,2575.0,9029.0,0.0,4019,0.0,940.0,0.0,2840,0.0,0.0,2843.0,1150.0,30900,16551,752.0,0.0,6580.0,9899,0.0,0.0,2795.0,0.0
1240,505.0,7563,640,0.0,0.0,990.0,31071.0,0.0,1656.0,705.0,4403.0,780.0,1355,0.0,0.0,0.0,0.0,870.0,2568.0,8888.0,0.0,3990,0.0,900.0,0.0,2930,0.0,0.0,2940.0,1150.0,32000,17005,743.0,0.0,6533.0,10350,0.0,0.0,2770.0,0.0
1210,510.0,7938,642,0.0,0.0,1000.0,31460.0,0.0,1656.0,720.0,4297.0,780.0,1366,0.0,0.0,0.0,0.0,865.0,2564.0,8669.0,0.0,3880,0.0,900.0,0.0,2940,0.0,0.0,2980.0,1175.0,32499,17473,723.0,0.0,6519.0,10550,0.0,0.0,2710.0,0.0
1220,510.0,7688,640,0.0,0.0,1030.0,31398.0,0.0,1668.0,715.0,4167.0,775.0,1364,0.0,0.0,0.0,0.0,867.0,2571.0,8624.0,0.0,3840,0.0,905.0,0.0,3020,0.0,0.0,3020.0,1150.0,33948,17335,732.0,0.0,6540.0,10751,0.0,0.0,2735.0,0.0
1265,515.0,7825,630,0.0,0.0,1095.0,30500.0,0.0,1696.0,727.0,4157.0,778.0,1369,0.0,0.0,0.0,0.0,865.0,2606.0,8659.0,0.0,3911,0.0,899.0,0.0,3000,0.0,0.0,3000.0,1175.0,33800,17692,735.0,0.0,6530.0,11000,0.0,0.0,2670.0,0.0
1265,520.0,7563,624,0.0,0.0,1120.0,30201.0,0.0,1688.0,735.0,4172.0,777.0,1380,0.0,0.0,0.0,0.0,855.0,2601.0,8730.0,0.0,3930,0.0,898.0,0.0,2936,0.0,0.0,2942.0,1170.0,33000,17670,728.0,0.0,6435.0,11000,0.0,0.0,2611.0,0.0
1220,520.0,7375,621,0.0,0.0,1095.0,30000.0,0.0,1658.0,737.0,4237.0,780.0,1389,0.0,0.0,0.0,0.0,858.0,2601.0,8510.0,0.0,3950,0.0,900.0,0.0,2964,0.0,0.0,2960.0,1190.0,33000,17473,735.0,0.0,6350.0,10950,0.0,0.0,2701.0,0.0
1200,510.0,7557,615,0.0,0.0,1201.0,30000.0,0.0,1676.0,720.0,4146.0,785.0,1403,0.0,0.0,0.0,0.0,859.0,2612.0,8589.0,0.0,3920,0.0,900.0,0.0,2940,0.0,0.0,2940.0,1185.0,34500,17308,735.0,0.0,6350.0,10350,0.0,0.0,2740.0,0.0
1151,510.0,7638,608,0.0,0.0,1275.0,30730.0,0.0,1676.0,720.0,4196.0,770.0,1408,0.0,0.0,0.0,0.0,849.0,2625.0,8624.0,0.0,3940,0.0,901.0,0.0,2900,0.0,0.0,2901.0,1180.0,35500,17515,755.0,0.0,6450.0,10500,0.0,0.0,2855.0,0.0
1105,510.0,7774,602,0.0,0.0,1251.0,30550.0,0.0,1698.0,730.0,4197.0,770.0,1389,0.0,0.0,0.0,0.0,850.0,2625.0,8536.0,0.0,4011,0.0,920.0,0.0,2800,0.0,0.0,2820.0,1180.0,36100,17808,748.0,0.0,6450.0,10520,0.0,0.0,3000.0,0.0
1123,505.0,7713,603,0.0,0.0,1250.0,30990.0,0.0,1699.0,731.0,4326.0,750.0,1382,0.0,0.0,0.0,0.0,847.0,2623.0,8635.0,0.0,3980,0.0,925.0,0.0,2790,0.0,0.0,2800.0,1179.0,37002,18187,760.0,0.0,6530.0,10435,0.0,0.0,3125.0,0.0
1141,515.0,7600,610,0.0,0.0,1250.0,30121.0,0.0,1698.0,715.0,4357.0,755.0,1338,0.0,0.0,0.0,0.0,850.0,2623.0,8326.0,0.0,3925,0.0,925.0,0.0,2840,0.0,0.0,2842.0,1180.0,35100,18078,758.0,0.0,6780.0,10450,0.0,0.0,3199.0,0.0
1150,520.0,7288,605,0.0,0.0,1305.0,29795.0,0.0,1678.0,730.0,4395.0,750.0,1323,0.0,0.0,0.0,0.0,855.0,2626.0,8097.0,0.0,3930,0.0,920.0,0.0,2796,0.0,0.0,2800.0,1180.0,34000,17715,761.0,0.0,6820.0,10201,0.0,0.0,3050.0,0.0
1150,520.0,7331,610,0.0,0.0,1340.0,29700.0,0.0,1672.0,722.0,4542.0,740.0,1324,0.0,0.0,0.0,0.0,880.0,2702.0,8009.0,0.0,4020,0.0,900.0,0.0,2793,0.0,0.0,2795.0,1150.0,32800,17529,760.0,0.0,6780.0,10460,0.0,0.0,2998.0,0.0
1139,505.0,7150,610,0.0,0.0,1300.0,29549.0,0.0,1737.0,730.0,4547.0,746.0,1348,0.0,0.0,0.0,0.0,886.0,2674.0,7920.0,0.0,4050,0.0,900.0,0.0,2790,0.0,0.0,2780.0,1150.0,32675,17516,777.0,0.0,6585.0,10485,0.0,0.0,2985.0,0.0
1095,517.0,6938,610,0.0,0.0,1234.0,28613.0,0.0,1717.0,735.0,4487.0,758.0,1358,0.0,0.0,0.0,0.0,881.0,2681.0,7920.0,0.0,4170,0.0,895.0,0.0,2720,0.0,0.0,2729.0,1160.0,32600,17418,802.0,0.0,6485.0,10600,0.0,0.0,3030.0,0.0
1100,510.0,7088,610,0.0,0.0,1220.0,28702.0,0.0,1737.0,740.0,4297.0,765.0,1326,0.0,0.0,0.0,0.0,879.0,2685.0,7753.0,0.0,4270,0.0,890.0,0.0,2600,0.0,0.0,2610.0,1160.0,31700,17198,786.0,0.0,6550.0,10500,0.0,0.0,3030.0,0.0
1105,525.0,7063,611,0.0,0.0,1210.0,28900.0,0.0,1737.0,730.0,4197.0,745.0,1319,0.0,0.0,0.0,0.0,885.0,2683.0,7559.0,0.0,4150,0.0,890.0,0.0,2560,0.0,0.0,2582.0,1150.0,30999,17253,779.0,0.0,6705.0,10250,0.0,0.0,3030.0,0.0
1100,526.0,6850,610,0.0,0.0,1210.0,29200.0,0.0,1737.0,725.0,4267.0,745.0,1347,0.0,0.0,0.0,0.0,885.0,2658.0,7859.0,0.0,4028,0.0,880.0,0.0,2635,0.0,0.0,2621.0,1140.0,31000,16929,791.0,0.0,6900.0,10150,0.0,0.0,3018.0,0.0
1140,540.0,6938,610,0.0,0.0,1250.0,28550.0,0.0,1745.0,725.0,4362.0,750.0,1361,0.0,0.0,0.0,0.0,880.0,2658.0,8096.0,0.0,4075,0.0,875.0,0.0,2730,0.0,0.0,2740.0,1135.0,30500,17374,803.0,0.0,7030.0,10149,0.0,0.0,2990.0,0.0
1150,555.0,7181,608,0.0,0.0,1220.0,28501.0,0.0,1757.0,729.0,4461.0,755.0,1375,0.0,0.0,0.0,0.0,875.0,2669.0,8012.0,0.0,4150,0.0,855.0,0.0,2730,0.0,0.0,2752.0,1140.0,31050,17390,801.0,0.0,6900.0,10250,0.0,0.0,2960.0,0.0
1160,565.0,7400,606,0.0,0.0,1150.0,29300.0,0.0,1762.0,721.0,4453.0,770.0,1389,0.0,0.0,0.0,0.0,905.0,2685.0,7894.0,0.0,4125,0.0,860.0,0.0,2730,0.0,0.0,2720.0,1140.0,30600,17418,791.0,0.0,6800.0,10310,0.0,0.0,2992.0,0.0
1135,571.0,7400,610,0.0,0.0,1180.0,29420.0,0.0,1757.0,725.0,4457.0,765.0,1411,0.0,0.0,0.0,0.0,910.0,2692.0,7767.0,0.0,4020,0.0,855.0,0.0,2700,0.0,0.0,2723.0,1140.0,30430,17055,791.0,0.0,6760.0,10360,0.0,0.0,2948.0,0.0
1140,580.0,7388,610,0.0,0.0,1200.0,29699.0,0.0,1760.0,716.0,4397.0,750.0,1433,0.0,0.0,0.0,0.0,917.0,2674.0,7735.0,0.0,4000,0.0,860.0,0.0,2677,0.0,0.0,2670.0,1120.0,30350,17258,782.0,0.0,6670.0,10275,0.0,0.0,2900.0,0.0
1150,590.0,7188,610,0.0,0.0,1190.0,29300.0,0.0,1757.0,695.0,4497.0,730.0,1428,0.0,0.0,0.0,0.0,915.0,2681.0,7559.0,0.0,4001,0.0,851.0,0.0,2650,0.0,0.0,2700.0,1080.0,30000,17632,783.0,0.0,6491.0,10100,0.0,0.0,3000.0,0.0
1155,590.0,7150,613,0.0,0.0,1200.0,29150.0,0.0,1737.0,685.0,4507.0,740.0,1431,0.0,0.0,0.0,0.0,913.0,2692.0,7678.0,0.0,4025,0.0,860.0,0.0,2735,0.0,0.0,2760.0,1080.0,30610,17692,787.0,0.0,6460.0,10049,0.0,0.0,3030.0,0.0
1200,584.0,7113,615,0.0,0.0,1199.0,28800.0,0.0,1727.0,690.0,4483.0,725.0,1434,0.0,0.0,0.0,0.0,925.0,2692.0,7612.0,0.0,4010,0.0,880.0,0.0,2736,0.0,0.0,2724.0,1070.0,30490,18055,796.0,0.0,6640.0,10000,0.0,0.0,3009.0,0.0
1210,590.0,7038,620,0.0,0.0,1150.0,28220.0,0.0,1721.0,700.0,4522.0,715.0,1453,0.0,0.0,0.0,0.0,922.0,2640.0,7391.0,0.0,4060,0.0,901.0,0.0,2720,0.0,0.0,2746.0,1070.0,30000,18022,791.0,0.0,6569.0,10180,0.0,0.0,2990.0,0.0
1220,585.0,6900,618,0.0,0.0,1130.0,28500.0,0.0,1688.0,695.0,4487.0,715.0,1431,0.0,0.0,0.0,0.0,911.0,2665.0,7326.0,0.0,4065,0.0,930.0,0.0,2730,0.0,0.0,2766.0,1055.0,29200,18319,786.0,0.0,6470.0,10299,0.0,0.0,3050.0,0.0
1220,599.0,6875,616,0.0,0.0,1146.0,28800.0,0.0,1692.0,695.0,4347.0,725.0,1445,0.0,0.0,0.0,0.0,900.0,2656.0,7137.0,0.0,4010,0.0,935.0,0.0,2750,0.0,0.0,2760.0,1055.0,28300,18132,791.0,0.0,6450.0,10222,0.0,0.0,3000.0,0.0
1225,600.0,6688,615,0.0,0.0,1150.0,27300.0,0.0,1696.0,687.0,4197.0,725.0,1442,0.0,0.0,0.0,0.0,900.0,2674.0,7084.0,0.0,4040,0.0,935.0,0.0,2724,0.0,0.0,2736.0,1055.0,27800,17780,780.0,0.0,6546.0,10170,0.0,0.0,3020.0,0.0
1225,605.0,6625,616,0.0,0.0,1140.0,27499.0,0.0,1696.0,680.0,4177.0,730.0,1442,0.0,0.0,0.0,0.0,914.0,2645.0,7128.0,0.0,4010,0.0,940.0,0.0,2720,0.0,0.0,2740.0,1080.0,28497,17713,782.0,0.0,6700.0,10075,0.0,0.0,2880.0,0.0
1200,600.0,6725,618,0.0,0.0,1140.0,27290.0,0.0,1696.0,683.0,4177.0,720.0,1459,0.0,0.0,0.0,0.0,919.0,2648.0,7084.0,0.0,4029,0.0,935.0,0.0,2740,0.0,0.0,2746.0,1119.0,29400,17868,779.0,0.0,6400.0,10031,0.0,0.0,2882.0,0.0
1210,586.0,6863,618,0.0,0.0,1020.0,27300.0,0.0,1677.0,683.0,4147.0,710.0,1487,0.0,0.0,0.0,0.0,915.0,2652.0,7216.0,0.0,4001,0.0,935.0,0.0,2740,0.0,0.0,2760.0,1125.0,29500,18187,774.0,0.0,6150.0,10000,0.0,0.0,2905.0,0.0
1200,580.0,6900,621,0.0,0.0,1050.0,27514.0,0.0,1692.0,684.0,4196.0,700.0,1502,0.0,0.0,0.0,0.0,932.0,2683.0,7401.0,0.0,4030,0.0,940.0,0.0,2720,0.0,0.0,2721.0,1125.0,30400,18281,776.0,0.0,6030.0,9980,0.0,0.0,2975.0,0.0
1200,580.0,7250,625,0.0,0.0,1080.0,27600.0,0.0,1696.0,660.0,4297.0,700.0,1509,0.0,0.0,0.0,0.0,925.0,2684.0,7260.0,0.0,4030,0.0,964.0,0.0,2784,0.0,0.0,2780.0,1170.0,30400,18495,787.0,0.0,6010.0,10100,0.0,0.0,3110.0,0.0
1220,575.0,7201,625,0.0,0.0,1080.0,28200.0,0.0,1681.0,678.0,4327.0,690.0,1498,0.0,0.0,0.0,0.0,917.0,2722.0,7282.0,0.0,4075,0.0,962.0,0.0,2830,0.0,0.0,2830.0,1200.0,30440,19133,778.0,0.0,6400.0,10371,0.0,0.0,3160.0,0.0
1235,570.0,7300,631,0.0,0.0,1080.0,28700.0,0.0,1687.0,672.0,4327.0,695.0,1498,0.0,0.0,0.0,0.0,930.0,2736.0,7305.0,0.0,3995,0.0,960.0,0.0,2800,0.0,0.0,2805.0,1225.0,29950,19099,785.0,0.0,6520.0,10600,0.0,0.0,3225.0,0.0
1250,561.0,7288,630,0.0,0.0,1140.0,28510.0,0.0,1692.0,657.0,4397.0,690.0,1487,0.0,0.0,0.0,0.0,927.0,2745.0,7476.0,0.0,4000,0.0,950.0,0.0,2760,0.0,0.0,2742.0,1230.0,29400,18846,791.0,0.0,6530.0,10300,0.0,0.0,3230.0,0.0
1238,561.0,7350,630,0.0,0.0,1175.0,28351.0,0.0,1696.0,650.0,4496.0,700.0,1501,0.0,0.0,0.0,0.0,930.0,2692.0,7304.0,0.0,3991,0.0,945.0,0.0,2740,0.0,0.0,2800.0,1300.0,29450,18791,796.0,0.0,6500.0,10100,0.0,0.0,3220.0,0.0
1230,565.0,7313,635,0.0,0.0,1200.0,28555.0,0.0,1694.0,679.0,4487.0,702.0,1501,0.0,0.0,0.0,0.0,930.0,2698.0,7151.0,0.0,3995,0.0,955.0,0.0,2790,0.0,0.0,2820.0,1270.0,28900,18353,802.0,0.0,6400.0,10150,0.0,0.0,3220.0,0.0
1210,565.0,7050,640,0.0,0.0,1155.0,28801.0,0.0,1696.0,680.0,4498.0,720.0,1529,0.0,0.0,0.0,0.0,929.0,2702.0,7181.0,0.0,4090,0.0,952.0,0.0,2820,0.0,0.0,2835.0,1250.0,28999,18132,803.0,0.0,6349.0,10249,0.0,0.0,3255.0,0.0
1223,564.0,6906,640,0.0,0.0,1151.0,28201.0,0.0,1696.0,685.0,4376.0,696.0,1493,0.0,0.0,0.0,0.0,910.0,2674.0,7040.0,0.0,4065,0.0,950.0,0.0,2790,0.0,0.0,2810.0,1200.0,29100,17604,797.0,0.0,6260.0,9960,0.0,0.0,3327.0,0.0
1230,551.0,6875,635,0.0,0.0,1120.0,27910.0,0.0,1676.0,665.0,4322.0,709.0,1493,0.0,0.0,0.0,0.0,899.0,2656.0,6978.0,0.0,3990,0.0,950.0,0.0,2748,0.0,0.0,2780.0,1250.0,30400,17126,798.0,0.0,6430.0,9850,0.0,0.0,3300.0,0.0
1235,550.0,7050,626,0.0,0.0,1120.0,28002.0,0.0,1656.0,670.0,4332.0,715.0,1469,0.0,0.0,0.0,0.0,881.0,2656.0,6934.0,0.0,4026,0.0,950.0,0.0,2650,0.0,0.0,2660.0,1290.0,30000,17582,797.0,0.0,6312.0,9705,0.0,0.0,3300.0,0.0
1250,550.0,6838,640,0.0,0.0,1120.0,27599.0,0.0,1676.0,675.0,4347.0,725.0,1526,0.0,0.0,0.0,0.0,885.0,2625.0,6873.0,0.0,3990,0.0,950.0,0.0,2650,0.0,0.0,2684.0,1290.0,30400,17203,803.0,0.0,6140.0,9750,0.0,0.0,3336.0,0.0
1235,580.0,6781,605,0.0,0.0,1135.0,27200.0,0.0,1668.0,685.0,4322.0,720.0,1474,0.0,0.0,0.0,0.0,867.0,2711.0,6812.0,0.0,4030,0.0,955.0,0.0,2700,0.0,0.0,2710.0,1290.0,30010,17440,803.0,0.0,6150.0,9749,0.0,0.0,3302.0,0.0
1235,575.0,6798,595,0.0,0.0,1165.0,26911.0,0.0,1676.0,701.0,4347.0,705.0,1487,0.0,0.0,0.0,0.0,880.0,2659.0,7128.0,0.0,3995,0.0,952.0,0.0,2698,0.0,0.0,2700.0,1290.0,30420,17747,825.0,0.0,6100.0,9640,0.0,0.0,3253.0,0.0
1235,585.0,6813,600,0.0,0.0,1160.0,26550.0,0.0,1681.0,710.0,4297.0,695.0,1487,0.0,0.0,0.0,0.0,881.0,2680.0,7207.0,0.0,4100,0.0,965.0,0.0,2700,0.0,0.0,2740.0,1300.0,30600,17841,808.0,0.0,6090.0,9900,0.0,0.0,3250.0,0.0
1270,580.0,6687,600,0.0,0.0,1180.0,26800.0,0.0,1688.0,700.0,4297.0,692.0,1487,0.0,0.0,0.0,0.0,881.0,2674.0,7207.0,0.0,4080,0.0,965.0,0.0,2720,0.0,0.0,2744.0,1285.0,30600,17407,808.0,0.0,5980.0,9950,0.0,0.0,3250.0,0.0
1250,580.0,6687,600,0.0,0.0,1140.0,27600.0,0.0,1688.0,700.0,4297.0,697.0,1470,0.0,0.0,0.0,0.0,890.0,2674.0,7129.0,0.0,4080,0.0,980.0,0.0,2720,0.0,0.0,2744.0,1300.0,29800,17407,808.0,0.0,6000.0,9950,0.0,0.0,3250.0,0.0
1250,580.0,6500,600,0.0,0.0,1140.0,27740.0,0.0,1688.0,712.0,4297.0,700.0,1458,0.0,0.0,0.0,0.0,895.0,2681.0,7062.0,0.0,4088,0.0,985.0,0.0,2680,0.0,0.0,2700.0,1301.0,29500,16978,810.0,0.0,6050.0,9750,0.0,0.0,3250.0,0.0
1250,580.0,6607,599,0.0,0.0,1130.0,27740.0,0.0,1696.0,730.0,4297.0,700.0,1461,0.0,0.0,0.0,0.0,910.0,2637.0,7005.0,0.0,4040,0.0,1000.0,0.0,2638,0.0,0.0,2660.0,1301.0,29250,16384,808.0,0.0,6050.0,9801,0.0,0.0,3200.0,0.0
1231,580.0,6750,600,0.0,0.0,1130.0,27036.0,0.0,1706.0,751.0,4282.0,700.0,1459,0.0,0.0,0.0,0.0,904.0,2648.0,7304.0,0.0,4000,0.0,990.0,0.0,2570,0.0,0.0,2534.0,1300.0,28005,16440,808.0,0.0,6091.0,9780,0.0,0.0,3200.0,0.0
1230,580.0,6775,600,0.0,0.0,1100.0,26600.0,0.0,1729.0,745.0,4357.0,720.0,1459,0.0,0.0,0.0,0.0,900.0,2650.0,7216.0,0.0,4030,0.0,1005.0,0.0,2660,0.0,0.0,2651.0,1281.0,28000,16648,816.0,0.0,6250.0,9850,0.0,0.0,3160.0,0.0
1250,565.0,6575,598,0.0,0.0,1100.0,26250.0,0.0,1723.0,749.0,4377.0,725.0,1459,0.0,0.0,0.0,0.0,900.0,2667.0,7258.0,0.0,4060,0.0,1000.0,0.0,2570,0.0,0.0,2580.0,1260.0,27800,16593,818.0,0.0,6370.0,9680,0.0,0.0,3202.0,0.0
1230,565.0,6461,600,0.0,0.0,1090.0,27255.0,0.0,1716.0,739.0,4397.0,725.0,1459,0.0,0.0,0.0,0.0,920.0,2637.0,7414.0,0.0,4086,0.0,1000.0,0.0,2480,0.0,0.0,2520.0,1300.0,27800,16593,835.0,0.0,6480.0,9700,0.0,0.0,3270.0,0.0
1241,580.0,6446,596,0.0,0.0,1095.0,26401.0,0.0,1713.0,729.0,4392.0,744.0,1452,0.0,0.0,0.0,0.0,930.0,2637.0,7480.0,0.0,4200,0.0,981.0,0.0,2512,0.0,0.0,2536.0,1250.0,27750,16593,833.0,0.0,6540.0,9800,0.0,0.0,3296.0,0.0
1270,580.0,6438,580,0.0,0.0,1070.0,26400.0,0.0,1696.0,726.0,4372.0,740.0,1463,0.0,0.0,0.0,0.0,930.0,2645.0,7304.0,0.0,4273,0.0,979.0,0.0,2510,0.0,0.0,2550.0,1220.0,27850,16896,824.0,0.0,6480.0,9900,0.0,0.0,3280.0,0.0
1240,580.0,6475,590,0.0,0.0,1050.0,26960.0,0.0,1713.0,720.0,4397.0,750.0,1459,0.0,0.0,0.0,0.0,937.0,2649.0,7110.0,0.0,4250,0.0,1011.0,0.0,2510,0.0,0.0,2531.0,1255.0,27800,17451,837.0,0.0,6390.0,9661,0.0,0.0,3420.0,0.0
1230,565.0,6400,595,0.0,0.0,1050.0,26950.0,0.0,1706.0,740.0,4387.0,722.0,1465,0.0,0.0,0.0,0.0,940.0,2718.0,7185.0,0.0,4251,0.0,1015.0,0.0,2555,0.0,0.0,2560.0,1290.0,27650,17462,868.0,0.0,6450.0,9720,0.0,0.0,3520.0,0.0
1230,565.0,6475,596,0.0,0.0,1040.0,26500.0,0.0,1711.0,740.0,4357.0,722.0,1466,0.0,0.0,0.0,0.0,950.0,2747.0,7236.0,0.0,4300,0.0,1035.0,0.0,2590,0.0,0.0,2620.0,1290.0,27700,17253,880.0,0.0,5960.0,9715,0.0,0.0,3600.0,0.0
1235,570.0,6375,600,0.0,0.0,1045.0,26000.0,0.0,1717.0,745.0,4372.0,723.0,1494,0.0,0.0,0.0,0.0,952.0,2747.0,7216.0,0.0,4300,0.0,1000.0,0.0,2591,0.0,0.0,2640.0,1290.0,27500,17137,876.0,0.0,5780.0,9649,0.0,0.0,3525.0,0.0
1240,570.0,6313,610,0.0,0.0,1045.0,25874.0,0.0,1717.0,725.0,4372.0,725.0,1494,0.0,0.0,0.0,0.0,952.0,2747.0,7216.0,0.0,4330,0.0,1000.0,0.0,2629,0.0,0.0,2620.0,1265.0,27500,17143,876.0,0.0,5850.0,9465,0.0,0.0,3515.0,0.0
1240,570.0,6313,605,0.0,0.0,1050.0,25670.0,0.0,1717.0,725.0,4372.0,732.0,1494,0.0,0.0,0.0,0.0,952.0,2747.0,7216.0,0.0,4330,0.0,1000.0,0.0,2629,0.0,0.0,2620.0,1256.0,27500,17143,876.0,0.0,5980.0,9465,0.0,0.0,3515.0,0.0
1265,570.0,6313,608,0.0,0.0,1040.0,25255.0,0.0,1717.0,725.0,4467.0,745.0,1488,0.0,0.0,0.0,0.0,976.0,2747.0,7146.0,0.0,4330,0.0,990.0,0.0,2629,0.0,0.0,2620.0,1265.0,27750,17143,871.0,0.0,6100.0,9465,0.0,0.0,3515.0,0.0
1265,570.0,6469,608,0.0,0.0,1035.0,24600.0,0.0,1717.0,731.0,4467.0,725.0,1488,0.0,0.0,0.0,0.0,976.0,2775.0,7146.0,0.0,4351,0.0,990.0,0.0,2700,0.0,0.0,2720.0,1275.0,27750,17489,871.0,0.0,6150.0,9750,0.0,0.0,3490.0,0.0
1267,565.0,6469,635,0.0,0.0,1046.0,24600.0,0.0,1717.0,731.0,4688.0,730.0,1493,0.0,0.0,0.0,0.0,997.0,2775.0,6987.0,0.0,4351,0.0,1015.0,0.0,2700,0.0,0.0,2720.0,1275.0,27000,17489,850.0,0.0,6150.0,9750,0.0,0.0,3490.0,0.0
1255,565.0,6406,630,0.0,0.0,1046.0,24090.0,0.0,1737.0,721.0,4867.0,730.0,1490,0.0,0.0,0.0,0.0,1000.0,2784.0,6961.0,0.0,4319,0.0,1019.0,0.0,2700,0.0,0.0,2713.0,1275.0,26200,16923,843.0,0.0,6046.0,9845,0.0,0.0,3374.0,0.0
1240,570.0,6375,625,0.0,0.0,1000.0,23950.0,0.0,1747.0,731.0,4807.0,730.0,1473,0.0,0.0,0.0,0.0,935.0,2778.0,6908.0,0.0,4285,0.0,1020.0,0.0,2720,0.0,0.0,2720.0,1290.0,25300,16592,847.0,0.0,6000.0,9901,0.0,0.0,3270.0,0.0
1230,565.0,6250,620,0.0,0.0,990.0,23899.0,0.0,1778.0,740.0,4767.0,730.0,1500,0.0,0.0,0.0,0.0,955.0,2702.0,6803.0,0.0,4245,0.0,1000.0,0.0,2690,0.0,0.0,2650.0,1285.0,25750,16484,863.0,0.0,5840.0,10201,0.0,0.0,3165.0,0.0
1230,560.0,6413,617,0.0,0.0,960.0,23000.0,0.0,1778.0,741.0,4737.0,730.0,1536,0.0,0.0,0.0,0.0,935.0,2711.0,6579.0,0.0,4312,0.0,926.0,0.0,2670,0.0,0.0,2680.0,1295.0,26000,16643,854.0,0.0,5962.0,10200,0.0,0.0,3240.0,0.0
1240,550.0,6425,620,0.0,0.0,960.0,22341.0,0.0,1793.0,740.0,4737.0,740.0,1543,0.0,0.0,0.0,0.0,920.0,2821.0,6521.0,0.0,4250,0.0,959.0,0.0,2600,0.0,0.0,2600.0,1311.0,25801,15989,847.0,0.0,6140.0,10395,0.0,0.0,3225.0,0.0
1231,550.0,6250,620,0.0,0.0,970.0,22900.0,0.0,1789.0,730.0,4767.0,757.0,1546,0.0,0.0,0.0,0.0,915.0,2820.0,6455.0,0.0,4232,0.0,959.0,0.0,2532,0.0,0.0,2542.0,1335.0,25696,16159,847.0,0.0,6001.0,10190,0.0,0.0,3141.0,0.0
1230,550.0,6162,610,0.0,0.0,980.0,22603.0,0.0,1797.0,720.0,4797.0,790.0,1543,0.0,0.0,0.0,0.0,906.0,2747.0,6547.0,0.0,4210,0.0,945.0,0.0,2575,0.0,0.0,2580.0,1372.0,25285,16016,837.0,0.0,5995.0,10090,0.0,0.0,3120.0,0.0
1230,550.0,6213,610,0.0,0.0,980.0,22900.0,0.0,1795.0,724.0,4797.0,780.0,1543,0.0,0.0,0.0,0.0,906.0,2711.0,6547.0,0.0,4150,0.0,945.0,0.0,2569,0.0,0.0,2580.0,1369.0,25285,16253,837.0,0.0,5930.0,9938,0.0,0.0,3169.0,0.0
1225,559.0,6213,620,0.0,0.0,960.0,22900.0,0.0,1795.0,724.0,4787.0,775.0,1571,0.0,0.0,0.0,0.0,930.0,2711.0,6151.0,0.0,4150,0.0,945.0,0.0,2569,0.0,0.0,2580.0,1369.0,24700,16253,846.0,0.0,5930.0,9938,0.0,0.0,3169.0,0.0
1230,559.0,6050,620,0.0,0.0,960.0,21460.0,0.0,1793.0,738.0,4697.0,775.0,1530,0.0,0.0,0.0,0.0,911.0,2747.0,6270.0,0.0,4150,0.0,960.0,0.0,2600,0.0,0.0,2611.0,1380.0,24195,15724,841.0,0.0,6014.0,10300,0.0,0.0,3150.0,0.0
1220,568.0,5901,610,0.0,0.0,939.0,22081.0,0.0,1737.0,725.0,4697.0,775.0,1523,0.0,0.0,0.0,0.0,876.0,2758.0,6182.0,0.0,4110,0.0,970.0,0.0,2600,0.0,0.0,2610.0,1390.0,24000,15604,816.0,0.0,6006.0,10450,0.0,0.0,3000.0,0.0
1220,550.0,5919,615,0.0,0.0,940.0,22100.0,0.0,1676.0,715.0,4697.0,770.0,1523,0.0,0.0,0.0,0.0,880.0,2716.0,6290.0,0.0,4013,0.0,961.0,0.0,2460,0.0,0.0,2500.0,1385.0,24100,15275,820.0,0.0,5981.0,10440,0.0,0.0,2910.0,0.0
1229,555.0,5875,610,0.0,0.0,962.0,22300.0,0.0,1624.0,720.0,4597.0,770.0,1529,0.0,0.0,0.0,0.0,890.0,2747.0,6406.0,0.0,4042,0.0,990.0,0.0,2529,0.0,0.0,2580.0,1330.0,24230,15275,820.0,0.0,6010.0,10500,0.0,0.0,2869.0,0.0
1220,560.0,5875,610,0.0,0.0,970.0,23000.0,0.0,1612.0,716.0,4746.0,750.0,1537,0.0,0.0,0.0,0.0,910.0,2718.0,6587.0,0.0,4075,0.0,1003.0,0.0,2538,0.0,0.0,2550.0,1330.0,24600,15912,827.0,0.0,6000.0,10482,0.0,0.0,2905.0,0.0
1220,565.0,5875,605,0.0,0.0,985.0,23150.0,0.0,1616.0,720.0,4597.0,760.0,1522,0.0,0.0,0.0,0.0,885.0,2722.0,6472.0,0.0,4115,0.0,990.0,0.0,2486,0.0,0.0,2490.0,1331.0,23600,15769,812.0,0.0,6001.0,10700,0.0,0.0,2961.0,0.0
1220,570.0,5725,605,0.0,0.0,1015.0,22783.0,0.0,1606.0,710.0,4567.0,779.0,1555,0.0,0.0,0.0,0.0,891.0,2760.0,6248.0,0.0,4039,0.0,980.0,0.0,2481,0.0,0.0,2490.0,1330.0,23400,15385,813.0,0.0,6010.0,10500,0.0,0.0,2871.0,0.0
1215,561.0,5563,603,0.0,0.0,1016.0,22245.0,0.0,1606.0,703.0,4396.0,755.0,1512,0.0,0.0,0.0,0.0,875.0,2747.0,6230.0,0.0,3980,0.0,955.0,0.0,2460,0.0,0.0,2460.0,1331.0,22000,15440,788.0,0.0,6270.0,10560,0.0,0.0,2795.0,0.0
1220,570.0,5313,600,0.0,0.0,975.0,21910.0,0.0,1515.0,700.0,4347.0,750.0,1521,0.0,0.0,0.0,0.0,873.0,2693.0,6194.0,0.0,3820,0.0,950.0,0.0,2261,0.0,0.0,2220.0,1330.0,22600,14901,808.0,0.0,6001.0,9945,0.0,0.0,2570.0,0.0
1219,555.0,5563,600,0.0,0.0,945.0,22000.0,0.0,1515.0,701.0,4197.0,752.0,1496,0.0,0.0,0.0,0.0,841.0,2656.0,6301.0,0.0,3990,0.0,955.0,0.0,2340,0.0,0.0,2350.0,1325.0,22700,14885,795.0,0.0,6027.0,10250,0.0,0.0,2735.0,0.0
1216,560.0,5450,598,0.0,0.0,940.0,22102.0,0.0,1496.0,720.0,4297.0,758.0,1490,0.0,0.0,0.0,0.0,855.0,2592.0,6226.0,0.0,3890,0.0,950.0,0.0,2290,0.0,0.0,2220.0,1299.0,23200,14670,795.0,0.0,6000.0,9750,0.0,0.0,2736.0,0.0
1215,570.0,5553,590,0.0,0.0,960.0,21800.0,0.0,1494.0,726.0,4147.0,759.0,1445,0.0,0.0,0.0,0.0,855.0,2626.0,6122.0,0.0,3850,0.0,900.0,0.0,2294,0.0,0.0,2274.0,1325.0,22600,14670,767.0,0.0,6005.0,9900,0.0,0.0,2735.0,0.0
1215,575.0,5380,590,0.0,0.0,950.0,21402.0,0.0,1494.0,725.0,4132.0,755.0,1459,0.0,0.0,0.0,0.0,845.0,2601.0,6336.0,0.0,3726,0.0,900.0,0.0,2264,0.0,0.0,2265.0,1285.0,22700,14022,786.0,0.0,6000.0,9500,0.0,0.0,2590.0,0.0
1215,570.0,5500,595,0.0,0.0,930.0,21697.0,0.0,1484.0,728.0,4217.0,756.0,1442,0.0,0.0,0.0,0.0,830.0,2564.0,6098.0,0.0,3825,0.0,920.0,0.0,2230,0.0,0.0,2285.0,1285.0,21400,13978,778.0,0.0,5900.0,9350,0.0,0.0,2655.0,0.0
1215,565.0,5206,590,0.0,0.0,925.0,20800.0,0.0,1454.0,720.0,4347.0,750.0,1453,0.0,0.0,0.0,0.0,844.0,2557.0,6424.0,0.0,3800,0.0,910.0,0.0,2250,0.0,0.0,2220.0,1275.0,22650,14011,816.0,0.0,6000.0,9490,0.0,0.0,2650.0,0.0
1220,556.0,5485,595,0.0,0.0,898.0,21800.0,0.0,1454.0,722.0,4297.0,740.0,1431,0.0,0.0,0.0,0.0,845.0,2676.0,6379.0,0.0,3972,0.0,914.0,0.0,2300,0.0,0.0,2312.0,1285.0,22500,14945,825.0,0.0,6000.0,9700,0.0,0.0,2700.0,0.0
1229,580.0,5450,595,0.0,0.0,892.0,22100.0,0.0,1434.0,720.0,4247.0,745.0,1453,0.0,0.0,0.0,0.0,843.0,2667.0,6556.0,0.0,4001,0.0,911.0,0.0,2300,0.0,0.0,2300.0,1256.0,23000,14538,812.0,0.0,5950.0,9700,0.0,0.0,2810.0,0.0
1251,575.0,5550,596,0.0,0.0,900.0,22400.0,0.0,1454.0,715.0,4222.0,750.0,1408,0.0,0.0,0.0,0.0,835.0,2667.0,6327.0,0.0,4001,0.0,915.0,0.0,2340,0.0,0.0,2348.0,1250.0,22800,14896,791.0,0.0,5975.0,9500,0.0,0.0,2755.0,0.0
1285,590.0,5538,609,0.0,0.0,900.0,22000.0,0.0,1434.0,715.0,4297.0,756.0,1408,0.0,0.0,0.0,0.0,830.0,2568.0,6600.0,0.0,3905,0.0,928.0,0.0,2300,0.0,0.0,2296.0,1240.0,23350,14560,812.0,0.0,5975.0,9181,0.0,0.0,2730.0,0.0
1295,585.0,5625,600,0.0,0.0,908.0,22620.0,0.0,1393.0,707.0,4497.0,756.0,1414,0.0,0.0,0.0,0.0,850.0,2582.0,6688.0,0.0,3930,0.0,919.0,0.0,2270,0.0,0.0,2286.0,1220.0,24010,14687,829.0,0.0,5970.0,9360,0.0,0.0,2760.0,0.0
1285,570.0,5913,595,0.0,0.0,900.0,22900.0,0.0,1454.0,701.0,4558.0,750.0,1473,0.0,0.0,0.0,0.0,860.0,2632.0,6820.0,0.0,4065,0.0,930.0,0.0,2328,0.0,0.0,2345.0,1220.0,24375,15000,860.0,0.0,6030.0,9490,0.0,0.0,2800.0,0.0
1280,579.0,6063,600,0.0,0.0,905.0,23363.0,0.0,1454.0,725.0,4587.0,730.0,1463,0.0,0.0,0.0,0.0,885.0,2714.0,6697.0,0.0,4200,0.0,920.0,0.0,2400,0.0,0.0,2400.0,1234.0,23948,15298,850.0,0.0,6250.0,9699,0.0,0.0,2875.0,0.0
1260,579.0,5938,610,0.0,0.0,930.0,23110.0,0.0,1454.0,705.0,4677.0,735.0,1481,0.0,0.0,0.0,0.0,892.0,2674.0,6784.0,0.0,4200,0.0,925.0,0.0,2420,0.0,0.0,2400.0,1255.0,24260,14901,865.0,0.0,6250.0,9885,0.0,0.0,2940.0,0.0
1260,583.0,6000,610,0.0,0.0,910.0,22800.0,0.0,1454.0,720.0,4737.0,740.0,1518,0.0,0.0,0.0,0.0,890.0,2707.0,6626.0,0.0,4200,0.0,950.0,0.0,2410,0.0,0.0,2420.0,1284.0,24400,15164,859.0,0.0,6269.0,10075,0.0,0.0,3050.0,0.0
1250,595.0,6000,609,0.0,0.0,923.0,22501.0,0.0,1442.0,712.0,4817.0,735.0,1515,0.0,0.0,0.0,0.0,896.0,2685.0,6347.0,0.0,4211,0.0,925.0,0.0,2400,0.0,0.0,2400.0,1250.0,24400,14978,854.0,0.0,6251.0,10180,0.0,0.0,3035.0,0.0
1230,618.0,6124,609,0.0,0.0,925.0,22100.0,0.0,1454.0,712.0,4717.0,740.0,1501,0.0,0.0,0.0,0.0,885.0,2703.0,6279.0,0.0,4280,0.0,930.0,0.0,2400,0.0,0.0,2420.0,1261.0,24001,14836,847.0,0.0,6140.0,10260,0.0,0.0,3051.0,0.0
1240,610.0,6000,605,0.0,0.0,920.0,21950.0,0.0,1438.0,712.0,4575.0,740.0,1480,0.0,0.0,0.0,0.0,866.0,2702.0,6156.0,0.0,4262,0.0,935.0,0.0,2410,0.0,0.0,2426.0,1250.0,23750,14626,850.0,0.0,6150.0,10140,0.0,0.0,3000.0,0.0
1240,615.0,5888,600,0.0,0.0,912.0,21550.0,0.0,1428.0,710.0,4627.0,745.0,1509,0.0,0.0,0.0,0.0,885.0,2674.0,6266.0,0.0,4250,0.0,948.0,0.0,2400,0.0,0.0,2420.0,1265.0,24199,14648,859.0,0.0,6336.0,9860,0.0,0.0,2989.0,0.0
1235,620.0,5994,600,0.0,0.0,905.0,22101.0,0.0,1458.0,701.0,4597.0,745.0,1459,0.0,0.0,0.0,0.0,870.0,2674.0,6306.0,0.0,4350,0.0,940.0,0.0,2480,0.0,0.0,2510.0,1265.0,24800,15077,867.0,0.0,6320.0,9966,0.0,0.0,3132.0,0.0
1235,590.0,6186,598,0.0,0.0,890.0,22150.0,0.0,1471.0,710.0,4777.0,746.0,1507,0.0,0.0,0.0,0.0,860.0,2705.0,6085.0,0.0,4320,0.0,930.0,0.0,2480,0.0,0.0,2504.0,1271.0,24401,15357,867.0,0.0,6380.0,10140,0.0,0.0,3140.0,0.0
1230,615.0,6025,593,0.0,0.0,900.0,21401.0,0.0,1428.0,716.0,4797.0,755.0,1487,0.0,0.0,0.0,0.0,853.0,2674.0,6054.0,0.0,4290,0.0,930.0,0.0,2530,0.0,0.0,2526.0,1265.0,24500,15011,856.0,0.0,6479.0,10200,0.0,0.0,3250.0,0.0
1225,610.0,5900,605,0.0,0.0,900.0,21100.0,0.0,1384.0,708.0,4827.0,756.0,1477,0.0,0.0,0.0,0.0,849.0,2674.0,5896.0,0.0,4240,0.0,925.0,0.0,2500,0.0,0.0,2510.0,1260.0,24350,14834,850.0,0.0,6500.0,9880,0.0,0.0,3175.0,0.0
1230,620.0,5787,612,0.0,0.0,908.0,20055.0,0.0,1343.0,706.0,4847.0,750.0,1487,0.0,0.0,0.0,0.0,850.0,2656.0,5898.0,0.0,4180,0.0,925.0,0.0,2470,0.0,0.0,2504.0,1230.0,24030,14593,863.0,0.0,6410.0,9752,0.0,0.0,3020.0,0.0
1235,627.0,5650,612,0.0,0.0,905.0,20401.0,0.0,1321.0,708.0,4837.0,745.0,1474,0.0,0.0,0.0,0.0,850.0,2674.0,5813.0,0.0,4200,0.0,920.0,0.0,2520,0.0,0.0,2511.0,1268.0,24000,14495,859.0,0.0,6400.0,9719,0.0,0.0,2887.0,0.0
1235,622.0,5563,612,0.0,0.0,915.0,20050.0,0.0,1317.0,710.0,4837.0,725.0,1474,0.0,0.0,0.0,0.0,850.0,2680.0,5813.0,0.0,4230,0.0,920.0,0.0,2443,0.0,0.0,2488.0,1232.0,24000,14397,859.0,0.0,6390.0,9720,0.0,0.0,2825.0,0.0
1220,610.0,5563,605,0.0,0.0,880.0,20050.0,0.0,1317.0,710.0,4662.0,725.0,1473,0.0,0.0,0.0,0.0,850.0,2680.0,5809.0,0.0,4230,0.0,920.0,0.0,2443,0.0,0.0,2488.0,1232.0,24050,14397,854.0,0.0,6390.0,9720,0.0,0.0,2825.0,0.0
1220,610.0,5750,605,0.0,0.0,880.0,19626.0,0.0,1313.0,703.0,4595.0,725.0,1470,0.0,0.0,0.0,0.0,850.0,2692.0,5897.0,0.0,4210,0.0,900.0,0.0,2442,0.0,0.0,2480.0,1250.0,24160,14618,862.0,0.0,6420.0,9900,0.0,0.0,2780.0,0.0
1230,600.0,5726,609,0.0,0.0,885.0,20385.0,0.0,1323.0,716.0,4597.0,725.0,1487,0.0,0.0,0.0,0.0,857.0,2674.0,5808.0,0.0,4229,0.0,900.0,0.0,2450,0.0,0.0,2470.0,1250.0,23959,14496,867.0,0.0,6375.0,9921,0.0,0.0,2800.0,0.0
1235,605.0,5631,610,0.0,0.0,910.0,19798.0,0.0,1313.0,720.0,4548.0,735.0,1459,0.0,0.0,0.0,0.0,846.0,2689.0,5949.0,0.0,4234,0.0,899.0,0.0,2446,0.0,0.0,2470.0,1258.0,23860,14286,854.0,0.0,6338.0,9950,0.0,0.0,2813.0,0.0
1240,600.0,5644,594,0.0,0.0,911.0,20100.0,0.0,1307.0,720.0,4597.0,735.0,1459,0.0,0.0,0.0,0.0,840.0,2689.0,5722.0,0.0,4295,0.0,889.0,0.0,2470,0.0,0.0,2476.0,1260.0,23500,14012,863.0,0.0,6330.0,9750,0.0,0.0,2790.0,0.0
1250,610.0,5541,598,0.0,0.0,911.0,19999.0,0.0,1311.0,705.0,4637.0,738.0,1452,0.0,0.0,0.0,0.0,850.0,2720.0,6010.0,0.0,4211,0.0,900.0,0.0,2460,0.0,0.0,2471.0,1255.0,23700,13758,870.0,0.0,6339.0,9765,0.0,0.0,2739.0,0.0
1270,600.0,5788,598,0.0,0.0,912.0,20550.0,0.0,1365.0,720.0,4597.0,741.0,1452,0.0,0.0,0.0,0.0,880.0,2817.0,6063.0,0.0,4310,0.0,900.0,0.0,2514,0.0,0.0,2520.0,1290.0,24000,14341,859.0,0.0,6340.0,9965,0.0,0.0,2770.0,0.0
1265,600.0,5813,600,0.0,0.0,910.0,20500.0,0.0,1333.0,710.0,4597.0,740.0,1453,0.0,0.0,0.0,0.0,884.0,2755.0,6027.0,0.0,4290,0.0,925.0,0.0,2476,0.0,0.0,2520.0,1275.0,23600,14505,857.0,0.0,6300.0,10026,0.0,0.0,2775.0,0.0
1265,619.0,5712,600,0.0,0.0,910.0,20199.0,0.0,1333.0,702.0,4522.0,750.0,1459,0.0,0.0,0.0,0.0,880.0,2711.0,5733.0,0.0,4217,0.0,932.0,0.0,2480,0.0,0.0,2510.0,1265.0,23400,14330,867.0,0.0,6300.0,9851,0.0,0.0,2820.0,0.0
1270,615.0,5638,600,0.0,0.0,910.0,20000.0,0.0,1313.0,710.0,4582.0,750.0,1473,0.0,0.0,0.0,0.0,880.0,2736.0,5747.0,0.0,4320,0.0,940.0,0.0,2520,0.0,0.0,2540.0,1245.0,23500,14220,866.0,0.0,6225.0,9690,0.0,0.0,2825.0,0.0
1273,620.0,5888,590,0.0,0.0,870.0,20249.0,0.0,1333.0,710.0,4582.0,735.0,1459,0.0,0.0,0.0,0.0,890.0,2711.0,5773.0,0.0,4300,0.0,955.0,0.0,2480,0.0,0.0,2540.0,1283.0,23800,13967,859.0,0.0,6170.0,9610,0.0,0.0,2850.0,0.0
1280,620.0,5963,580,0.0,0.0,890.0,20199.0,0.0,1332.0,725.0,4516.0,740.0,1479,0.0,0.0,0.0,0.0,871.0,2751.0,5676.0,0.0,4330,0.0,970.0,0.0,2520,0.0,0.0,2537.0,1300.0,23400,13873,850.0,0.0,6170.0,9700,0.0,0.0,2900.0,0.0
1280,628.0,5825,579,0.0,0.0,867.0,20000.0,0.0,1333.0,727.0,4594.0,750.0,1487,0.0,0.0,0.0,0.0,861.0,2802.0,5623.0,0.0,4290,0.0,955.0,0.0,2430,0.0,0.0,2456.0,1275.0,23600,13518,866.0,0.0,6080.0,9720,0.0,0.0,2900.0,0.0
1270,621.0,5813,580,0.0,0.0,900.0,20300.0,0.0,1333.0,729.0,4497.0,735.0,1512,0.0,0.0,0.0,0.0,869.0,2802.0,5554.0,0.0,4335,0.0,971.0,0.0,2424,0.0,0.0,2440.0,1300.0,23200,13819,859.0,0.0,6070.0,9700,0.0,0.0,2931.0,0.0
1275,622.0,5714,580,0.0,0.0,890.0,20201.0,0.0,1357.0,730.0,4426.0,750.0,1529,0.0,0.0,0.0,0.0,850.0,2747.0,5568.0,0.0,4300,0.0,951.0,0.0,2409,0.0,0.0,2390.0,1285.0,22900,13742,859.0,0.0,6065.0,9725,0.0,0.0,2905.0,0.0
1270,630.0,5588,582,0.0,0.0,890.0,20300.0,0.0,1373.0,726.0,4302.0,740.0,1515,0.0,0.0,0.0,0.0,835.0,2747.0,5513.0,0.0,4290,0.0,950.0,0.0,2360,0.0,0.0,2405.0,1285.0,22200,13626,857.0,0.0,6064.0,9660,0.0,0.0,2890.0,0.0
1270,630.0,5550,590,0.0,0.0,875.0,20318.0,0.0,1373.0,725.0,4297.0,725.0,1511,0.0,0.0,0.0,0.0,850.0,2725.0,5477.0,0.0,4235,0.0,940.0,0.0,2380,0.0,0.0,2380.0,1285.0,22500,13424,847.0,0.0,5999.0,9500,0.0,0.0,2800.0,0.0
1279,630.0,5600,595,0.0,0.0,864.0,20620.0,0.0,1381.0,730.0,4297.0,745.0,1515,0.0,0.0,0.0,0.0,855.0,2780.0,5412.0,0.0,4250,0.0,920.0,0.0,2360,0.0,0.0,2380.0,1299.0,22590,13901,854.0,0.0,6000.0,9480,0.0,0.0,2765.0,0.0
1325,630.0,5687,600,0.0,0.0,855.0,20430.0,0.0,1403.0,725.0,4372.0,746.0,1525,0.0,0.0,0.0,0.0,861.0,2759.0,5416.0,0.0,4270,0.0,935.0,0.0,2350,0.0,0.0,2371.0,1280.0,22900,13823,876.0,0.0,6000.0,9570,0.0,0.0,2770.0,0.0
1320,626.0,5701,595,0.0,0.0,850.0,20388.0,0.0,1442.0,750.0,4362.0,740.0,1498,0.0,0.0,0.0,0.0,845.0,2815.0,5369.0,0.0,4345,0.0,950.0,0.0,2346,0.0,0.0,2410.0,1299.0,23000,14209,873.0,0.0,6000.0,9950,0.0,0.0,2855.0,0.0
1320,630.0,5663,600,0.0,0.0,856.0,20400.0,0.0,1414.0,750.0,4372.0,735.0,1476,0.0,0.0,0.0,0.0,853.0,2786.0,5306.0,0.0,4410,0.0,965.0,0.0,2284,0.0,0.0,2360.0,1280.0,22900,13852,886.0,0.0,5980.0,10010,0.0,0.0,2855.0,0.0
1320,650.0,5700,600,0.0,0.0,880.0,20400.0,0.0,1414.0,750.0,4347.0,735.0,1473,0.0,0.0,0.0,0.0,840.0,2784.0,5167.0,0.0,4375,0.0,965.0,0.0,2320,0.0,0.0,2360.0,1280.0,22300,14027,859.0,0.0,5960.0,10005,0.0,0.0,2830.0,0.0
1340,650.0,5500,600,0.0,0.0,861.0,20010.0,0.0,1406.0,740.0,4272.0,730.0,1476,0.0,0.0,0.0,0.0,840.0,2788.0,4848.0,0.0,4290,0.0,950.0,0.0,2325,0.0,0.0,2355.0,1280.0,21500,13857,850.0,0.0,5850.0,9800,0.0,0.0,2715.0,0.0
1361,650.0,5388,605,0.0,0.0,870.0,19100.0,0.0,1413.0,730.0,4227.0,740.0,1512,0.0,0.0,0.0,0.0,845.0,2743.0,4884.0,0.0,4279,0.0,970.0,0.0,2315,0.0,0.0,2346.0,1250.0,22300,13582,846.0,0.0,5630.0,9821,0.0,0.0,2735.0,0.0
1400,640.0,5563,608,0.0,0.0,840.0,18801.0,0.0,1393.0,740.0,4386.0,740.0,1516,0.0,0.0,0.0,0.0,858.0,2799.0,5060.0,0.0,4275,0.0,970.0,0.0,2320,0.0,0.0,2361.0,1250.0,22700,13571,863.0,0.0,5615.0,9970,0.0,0.0,2737.0,0.0
1378,640.0,5713,620,0.0,0.0,843.0,19395.0,0.0,1408.0,749.0,4297.0,750.0,1495,0.0,0.0,0.0,0.0,850.0,2797.0,5060.0,0.0,4369,0.0,940.0,0.0,2350,0.0,0.0,2390.0,1250.0,22500,13958,857.0,0.0,5800.0,10320,0.0,0.0,2760.0,0.0
1365,640.0,5725,618,0.0,0.0,860.0,19345.0,0.0,1393.0,739.0,4346.0,750.0,1494,0.0,0.0,0.0,0.0,865.0,2786.0,5108.0,0.0,4310,0.0,910.0,0.0,2322,0.0,0.0,2350.0,1230.0,22970,13516,859.0,0.0,5915.0,10250,0.0,0.0,2772.0,0.0
1325,645.0,5863,620,0.0,0.0,850.0,19550.0,0.0,1391.0,739.0,4407.0,740.0,1487,0.0,0.0,0.0,0.0,875.0,2802.0,5139.0,0.0,4350,0.0,925.0,0.0,2350,0.0,0.0,2380.0,1229.0,23200,13791,854.0,0.0,5895.0,10272,0.0,0.0,2760.0,0.0
1305,645.0,6000,619,0.0,0.0,855.0,19248.0,0.0,1379.0,738.0,4472.0,735.0,1514,0.0,0.0,0.0,0.0,870.0,2804.0,5178.0,0.0,4310,0.0,920.0,0.0,2268,0.0,0.0,2306.0,1220.0,23400,13923,859.0,0.0,5800.0,10370,0.0,0.0,2735.0,0.0
1325,640.0,6125,617,0.0,0.0,830.0,19330.0,0.0,1410.0,746.0,4477.0,750.0,1547,0.0,0.0,0.0,0.0,878.0,2820.0,5413.0,0.0,4363,0.0,910.0,0.0,2300,0.0,0.0,2340.0,1230.0,23700,14049,860.0,0.0,5900.0,10370,0.0,0.0,2735.0,0.0
1360,630.0,6263,616,0.0,0.0,850.0,19795.0,0.0,1434.0,760.0,4427.0,750.0,1540,0.0,0.0,0.0,0.0,870.0,2821.0,5632.0,0.0,4350,0.0,926.0,0.0,2310,0.0,0.0,2339.0,1290.0,23980,14198,846.0,0.0,5999.0,10400,0.0,0.0,2685.0,0.0
1380,630.0,6225,620,0.0,0.0,860.0,20399.0,0.0,1414.0,752.0,4497.0,750.0,1540,0.0,0.0,0.0,0.0,875.0,2810.0,5686.0,0.0,4270,0.0,942.0,0.0,2305,0.0,0.0,2330.0,1295.0,24000,14298,853.0,0.0,5945.0,10420,0.0,0.0,2675.0,0.0
1380,645.0,6199,618,0.0,0.0,860.0,20660.0,0.0,1442.0,765.0,4482.0,755.0,1540,0.0,0.0,0.0,0.0,868.0,2821.0,5851.0,0.0,4290,0.0,960.0,0.0,2318,0.0,0.0,2350.0,1335.0,24302,14637,850.0,0.0,5975.0,10375,0.0,0.0,2690.0,0.0
1370,645.0,6250,616,0.0,0.0,861.0,20900.0,0.0,1414.0,775.0,4546.0,765.0,1540,0.0,0.0,0.0,0.0,882.0,2857.0,5912.0,0.0,4330,0.0,965.0,0.0,2320,0.0,0.0,2342.0,1320.0,24470,14726,853.0,0.0,6000.0,10300,0.0,0.0,2720.0,0.0
1370,645.0,6313,618,0.0,0.0,900.0,21009.0,0.0,1393.0,775.0,4568.0,770.0,1549,0.0,0.0,0.0,0.0,890.0,2853.0,5951.0,0.0,4360,0.0,978.0,0.0,2309,0.0,0.0,2348.0,1368.0,24600,14918,853.0,0.0,5995.0,10450,0.0,0.0,2690.0,0.0
1375,654.0,6356,620,0.0,0.0,889.0,20800.0,0.0,1396.0,780.0,4581.0,750.0,1543,0.0,0.0,0.0,0.0,865.0,2828.0,5895.0,0.0,4330,0.0,960.0,0.0,2285,0.0,0.0,2314.0,1330.0,25000,14945,846.0,0.0,5950.0,10770,0.0,0.0,2770.0,0.0
1370,670.0,6350,617,0.0,0.0,870.0,20700.0,0.0,1400.0,780.0,4522.0,750.0,1540,0.0,0.0,0.0,0.0,850.0,2846.0,5830.0,0.0,4260,0.0,950.0,0.0,2255,0.0,0.0,2280.0,1300.0,24500,14890,835.0,0.0,5721.0,10985,0.0,0.0,2715.0,0.0
1370,700.0,6250,617,0.0,0.0,875.0,20580.0,0.0,1406.0,770.0,4522.0,775.0,1540,0.0,0.0,0.0,0.0,850.0,2835.0,5830.0,0.0,4166,0.0,950.0,0.0,2187,0.0,0.0,2225.0,1310.0,24500,14440,835.0,0.0,5575.0,10453,0.0,0.0,2690.0,0.0
1380,720.0,6250,616,0.0,0.0,845.0,20580.0,0.0,1406.0,770.0,4547.0,759.0,1542,0.0,0.0,0.0,0.0,860.0,2835.0,5782.0,0.0,4166,0.0,931.0,0.0,2187,0.0,0.0,2225.0,1310.0,24575,14440,833.0,0.0,5575.0,10453,0.0,0.0,2690.0,0.0
1375,720.0,6309,615,0.0,0.0,845.0,20475.0,0.0,1393.0,761.0,4522.0,759.0,1566,0.0,0.0,0.0,0.0,850.0,2839.0,5809.0,0.0,4170,0.0,950.0,0.0,2165,0.0,0.0,2180.0,1405.0,25150,14198,829.0,0.0,5660.0,10800,0.0,0.0,2665.0,0.0
1370,720.0,6249,620,0.0,0.0,850.0,19900.0,0.0,1400.0,740.0,4547.0,759.0,1599,0.0,0.0,0.0,0.0,860.0,2828.0,6337.0,0.0,4180,0.0,960.0,0.0,2156,0.0,0.0,2160.0,1331.0,26550,14319,847.0,0.0,5610.0,10551,0.0,0.0,2655.0,0.0
1375,740.0,6625,620,0.0,0.0,860.0,20879.0,0.0,1434.0,760.0,4507.0,758.0,1606,0.0,0.0,0.0,0.0,850.0,2832.0,6529.0,0.0,4310,0.0,931.0,0.0,2195,0.0,0.0,2200.0,1400.0,27600,15345,839.0,0.0,5651.0,10877,0.0,0.0,2700.0,0.0
1370,715.0,6650,625,0.0,0.0,885.0,21600.0,0.0,1434.0,760.0,4548.0,759.0,1613,0.0,0.0,0.0,0.0,864.0,2857.0,6776.0,0.0,4260,0.0,954.0,0.0,2180,0.0,0.0,2214.0,1400.0,29200,15758,836.0,0.0,5600.0,10965,0.0,0.0,2690.0,0.0
1370,715.0,6849,625,0.0,0.0,900.0,22599.0,0.0,1434.0,775.0,4497.0,760.0,1571,0.0,0.0,0.0,0.0,855.0,2711.0,6750.0,0.0,4280,0.0,930.0,0.0,2200,0.0,0.0,2210.0,1400.0,29120,16418,832.0,0.0,5375.0,11420,0.0,0.0,2809.0,0.0
1355,725.0,6774,625,0.0,0.0,920.0,22350.0,0.0,1414.0,765.0,4497.0,755.0,1564,0.0,0.0,0.0,0.0,850.0,2711.0,6798.0,0.0,4290,0.0,900.0,0.0,2188,0.0,0.0,2180.0,1400.0,28500,16302,836.0,0.0,5270.0,11165,0.0,0.0,2840.0,0.0
1360,716.0,6712,626,0.0,0.0,940.0,22020.0,0.0,1454.0,776.0,4487.0,755.0,1599,0.0,0.0,0.0,0.0,850.0,2718.0,7119.0,0.0,4207,0.0,899.0,0.0,2188,0.0,0.0,2198.0,1361.0,29100,16225,833.0,0.0,5270.0,11301,0.0,0.0,2800.0,0.0
1350,715.0,6863,626,0.0,0.0,915.0,23300.0,0.0,1454.0,767.0,4547.0,761.0,1602,0.0,0.0,0.0,0.0,845.0,2738.0,7352.0,0.0,4195,0.0,910.0,0.0,2260,0.0,0.0,2290.0,1380.0,29300,16637,842.0,0.0,5400.0,11651,0.0,0.0,2810.0,0.0
1360,725.0,6875,637,0.0,0.0,930.0,24174.0,0.0,1458.0,775.0,4697.0,760.0,1672,0.0,0.0,0.0,0.0,871.0,2784.0,7348.0,0.0,4239,0.0,905.0,0.0,2262,0.0,0.0,2280.0,1388.0,29300,16560,867.0,0.0,5425.0,11600,0.0,0.0,2740.0,0.0
1380,720.0,7038,642,0.0,0.0,955.0,24320.0,0.0,1474.0,780.0,4737.0,761.0,1657,0.0,0.0,0.0,0.0,874.0,2849.0,7216.0,0.0,4365,0.0,920.0,0.0,2302,0.0,0.0,2358.0,1400.0,28900,17121,881.0,0.0,5476.0,11780,0.0,0.0,2815.0,0.0
1415,720.0,6825,645,0.0,0.0,875.0,23300.0,0.0,1446.0,784.0,4747.0,765.0,1664,0.0,0.0,0.0,0.0,890.0,2846.0,7216.0,0.0,4387,0.0,930.0,0.0,2390,0.0,0.0,2400.0,1400.0,28600,16559,881.0,0.0,5520.0,11349,0.0,0.0,2850.0,0.0
1430,720.0,6820,652,0.0,0.0,880.0,23600.0,0.0,1414.0,782.0,4787.0,760.0,1672,0.0,0.0,0.0,0.0,896.0,2839.0,7172.0,0.0,4364,0.0,950.0,0.0,2362,0.0,0.0,2373.0,1399.0,28410,16225,893.0,0.0,5550.0,11400,0.0,0.0,2886.0,0.0
1550,720.0,6875,649,0.0,0.0,870.0,23295.0,0.0,1454.0,783.0,4777.0,760.0,1669,0.0,0.0,0.0,0.0,898.0,2876.0,7218.0,0.0,4367,0.0,949.0,0.0,2380,0.0,0.0,2410.0,1399.0,29000,16258,902.0,0.0,5561.0,11420,0.0,0.0,2965.0,0.0
1500,725.0,7000,650,0.0,0.0,880.0,23406.0,0.0,1434.0,785.0,4772.0,775.0,1658,0.0,0.0,0.0,0.0,895.0,2896.0,7277.0,0.0,4400,0.0,974.0,0.0,2380,0.0,0.0,2400.0,1410.0,29100,16671,897.0,0.0,5500.0,11650,0.0,0.0,3030.0,0.0
1500,750.0,6988,648,0.0,0.0,880.0,23821.0,0.0,1440.0,775.0,4893.0,765.0,1679,0.0,0.0,0.0,0.0,897.0,2913.0,7106.0,0.0,4410,0.0,950.0,0.0,2360,0.0,0.0,2380.0,1450.0,29550,16703,909.0,0.0,5550.0,11700,0.0,0.0,3051.0,0.0
1495,745.0,6981,645,0.0,0.0,870.0,23500.0,0.0,1474.0,793.0,4817.0,760.0,1651,0.0,0.0,0.0,0.0,915.0,2967.0,7014.0,0.0,4439,0.0,975.0,0.0,2381,0.0,0.0,2420.0,1495.0,29150,16571,918.0,0.0,5601.0,11399,0.0,0.0,3050.0,0.0
1495,740.0,6775,648,0.0,0.0,835.0,23367.0,0.0,1482.0,800.0,4847.0,770.0,1615,0.0,0.0,0.0,0.0,939.0,2918.0,6899.0,0.0,4530,0.0,974.0,0.0,2365,0.0,0.0,2385.0,1485.0,28910,16478,927.0,0.0,5630.0,11195,0.0,0.0,3058.0,0.0
1480,742.0,6725,650,0.0,0.0,860.0,23110.0,0.0,1535.0,810.0,5042.0,779.0,1630,0.0,0.0,0.0,0.0,991.0,2916.0,6776.0,0.0,4600,0.0,997.0,0.0,2380,0.0,0.0,2392.0,1485.0,29200,16346,933.0,0.0,5775.0,11330,0.0,0.0,3045.0,0.0
1480,742.0,6750,660,0.0,0.0,855.0,23200.0,0.0,1616.0,840.0,5047.0,780.0,1672,0.0,0.0,0.0,0.0,970.0,2970.0,6776.0,0.0,4600,0.0,975.0,0.0,2400,0.0,0.0,2439.0,1450.0,29550,16319,918.0,0.0,5900.0,11450,0.0,0.0,3025.0,0.0
1485,750.0,6788,650,0.0,0.0,860.0,23300.0,0.0,1555.0,810.0,5023.0,790.0,1676,0.0,0.0,0.0,0.0,963.0,2999.0,6574.0,0.0,4550,0.0,975.0,0.0,2470,0.0,0.0,2480.0,1440.0,28900,16527,921.0,0.0,5900.0,11460,0.0,0.0,3025.0,0.0
1460,765.0,6675,651,0.0,0.0,855.0,22990.0,0.0,1535.0,825.0,4987.0,780.0,1688,0.0,0.0,0.0,0.0,965.0,2985.0,6644.0,0.0,4590,0.0,980.0,0.0,2450,0.0,0.0,2460.0,1445.0,29000,16143,927.0,0.0,5825.0,11175,0.0,0.0,2965.0,0.0
1480,800.0,6688,660,0.0,0.0,825.0,23100.0,0.0,1551.0,820.0,4997.0,780.0,1711,0.0,0.0,0.0,0.0,985.0,2974.0,6710.0,0.0,4601,0.0,991.0,0.0,2420,0.0,0.0,2436.0,1430.0,29000,16318,945.0,0.0,5885.0,11120,0.0,0.0,2910.0,0.0
1450,810.0,6688,660,0.0,0.0,815.0,23349.0,0.0,1551.0,860.0,5011.0,780.0,1697,0.0,0.0,0.0,0.0,970.0,3004.0,6904.0,0.0,4685,0.0,990.0,0.0,2430,0.0,0.0,2440.0,1375.0,28401,16374,933.0,0.0,5850.0,11390,0.0,0.0,2855.0,0.0
1449,825.0,6686,620,0.0,0.0,810.0,23695.0,0.0,1555.0,841.0,4912.0,770.0,1683,0.0,0.0,0.0,0.0,990.0,2967.0,6864.0,0.0,4660,0.0,977.0,0.0,2421,0.0,0.0,2430.0,1355.0,28651,16374,944.0,0.0,5780.0,11775,0.0,0.0,2820.0,0.0
1460,845.0,6738,613,0.0,0.0,838.0,23416.0,0.0,1535.0,832.0,4927.0,781.0,1691,0.0,0.0,0.0,0.0,977.0,2949.0,6978.0,0.0,4765,0.0,980.0,0.0,2414,0.0,0.0,2426.0,1376.0,28450,16264,956.0,0.0,5775.0,11840,0.0,0.0,2901.0,0.0
1460,818.0,6750,609,0.0,0.0,838.0,23685.0,0.0,1541.0,825.0,4922.0,790.0,1711,0.0,0.0,0.0,0.0,987.0,2930.0,6996.0,0.0,4821,0.0,975.0,0.0,2440,0.0,0.0,2500.0,1385.0,28350,16154,955.0,0.0,5800.0,12130,0.0,0.0,2950.0,0.0
1435,825.0,6771,600,0.0,0.0,829.0,24219.0,0.0,1547.0,839.0,4957.0,785.0,1739,0.0,0.0,0.0,0.0,1005.0,2934.0,7124.0,0.0,4655,0.0,965.0,0.0,2440,0.0,0.0,2462.0,1375.0,28400,15940,973.0,0.0,5715.0,12100,0.0,0.0,2936.0,0.0
1410,815.0,6817,600,0.0,0.0,825.0,24159.0,0.0,1547.0,863.0,4947.0,780.0,1745,0.0,0.0,0.0,0.0,995.0,2985.0,7154.0,0.0,4750,0.0,975.0,0.0,2556,0.0,0.0,2570.0,1370.0,28705,16373,986.0,0.0,5714.0,12190,0.0,0.0,2952.0,0.0
1400,780.0,6650,603,0.0,0.0,820.0,24038.0,0.0,1575.0,875.0,4952.0,780.0,1728,0.0,0.0,0.0,0.0,999.0,2985.0,7095.0,0.0,4750,0.0,975.0,0.0,2598,0.0,0.0,2642.0,1395.0,28299,16725,1007.0,0.0,5750.0,12380,0.0,0.0,3050.0,0.0
1390,817.0,6500,610,0.0,0.0,840.0,23733.0,0.0,1575.0,875.0,5003.0,780.0,1745,0.0,0.0,0.0,0.0,1010.0,2976.0,7272.0,0.0,4810,0.0,980.0,0.0,2570,0.0,0.0,2590.0,1397.0,27800,16484,1003.0,0.0,5779.0,12435,0.0,0.0,3145.0,0.0
1385,805.0,6331,610,0.0,0.0,800.0,24250.0,0.0,1555.0,890.0,5167.0,777.0,1739,0.0,0.0,0.0,0.0,999.0,2980.0,7458.0,0.0,4880,0.0,980.0,0.0,2586,0.0,0.0,2600.0,1400.0,27800,16518,986.0,0.0,5690.0,12205,0.0,0.0,3199.0,0.0
1402,830.0,6419,608,0.0,0.0,820.0,24405.0,0.0,1574.0,889.0,5147.0,780.0,1748,0.0,0.0,0.0,0.0,1047.0,3017.0,7355.0,0.0,4750,0.0,990.0,0.0,2630,0.0,0.0,2640.0,1440.0,27800,16665,997.0,0.0,5695.0,12201,0.0,0.0,3152.0,0.0
1402,857.0,6375,608,0.0,0.0,794.0,24539.0,0.0,1547.0,875.0,5147.0,790.0,1748,0.0,0.0,0.0,0.0,1047.0,3026.0,7355.0,0.0,4800,0.0,990.0,0.0,2600,0.0,0.0,2600.0,1400.0,27800,16385,997.0,0.0,5800.0,12261,0.0,0.0,3140.0,0.0
1410,870.0,6375,603,0.0,0.0,792.0,24539.0,0.0,1547.0,875.0,5132.0,780.0,1742,0.0,0.0,0.0,0.0,1075.0,3026.0,7189.0,0.0,4800,0.0,990.0,0.0,2600,0.0,0.0,2600.0,1400.0,27800,16385,995.0,0.0,5800.0,12261,0.0,0.0,3140.0,0.0
1455,870.0,6287,605,0.0,0.0,792.0,24055.0,0.0,1539.0,880.0,5087.0,780.0,1714,0.0,0.0,0.0,0.0,1082.0,3039.0,7457.0,0.0,4900,0.0,1000.0,0.0,2530,0.0,0.0,2540.0,1400.0,28000,16079,1003.0,0.0,5820.0,12149,0.0,0.0,3124.0,0.0
1485,880.0,6338,605,0.0,0.0,790.0,24536.0,0.0,1535.0,895.0,5072.0,781.0,1741,0.0,0.0,0.0,0.0,1075.0,2969.0,7550.0,0.0,4875,0.0,1010.0,0.0,2530,0.0,0.0,2536.0,1411.0,27800,16670,1029.0,0.0,5830.0,12150,0.0,0.0,3149.0,0.0
1505,900.0,6438,620,0.0,0.0,775.0,24650.0,0.0,1565.0,890.0,5118.0,792.0,1768,0.0,0.0,0.0,0.0,1096.0,3006.0,7700.0,0.0,4990,0.0,1030.0,0.0,2580,0.0,0.0,2610.0,1440.0,27200,16780,1030.0,0.0,5866.0,12125,0.0,0.0,3133.0,0.0
1500,1030.0,6488,614,0.0,0.0,800.0,24922.0,0.0,1585.0,890.0,5197.0,810.0,1783,0.0,0.0,0.0,0.0,1080.0,3007.0,7656.0,0.0,5091,0.0,1060.0,0.0,2569,0.0,0.0,2580.0,1470.0,26800,16923,1029.0,0.0,5950.0,12050,0.0,0.0,3082.0,0.0
1490,950.0,6488,619,0.0,0.0,820.0,24750.0,0.0,1595.0,882.0,5197.0,811.0,1770,0.0,0.0,0.0,0.0,1059.0,3029.0,7593.0,0.0,5100,0.0,1080.0,0.0,2582,0.0,0.0,2605.0,1500.0,26216,17142,1014.0,0.0,5980.0,12280,0.0,0.0,3080.0,0.0
1510,960.0,6488,617,0.0,0.0,830.0,23899.0,0.0,1595.0,893.0,5247.0,840.0,1753,0.0,0.0,0.0,0.0,1058.0,3029.0,7788.0,0.0,5140,0.0,1075.0,0.0,2590,0.0,0.0,2595.0,1525.0,26500,16692,1012.0,0.0,5900.0,12350,0.0,0.0,3120.0,0.0
1530,970.0,6525,620,0.0,0.0,830.0,24200.0,0.0,1596.0,890.0,5247.0,840.0,1734,0.0,0.0,0.0,0.0,1071.0,2967.0,7832.0,0.0,5120,0.0,1070.0,0.0,2562,0.0,0.0,2573.0,1530.0,27305,16769,1020.0,0.0,6050.0,12300,0.0,0.0,3100.0,0.0
1545,970.0,6538,620,0.0,0.0,825.0,24805.0,0.0,1624.0,904.0,5296.0,841.0,1768,0.0,0.0,0.0,0.0,1080.0,2943.0,8008.0,0.0,5160,0.0,1088.0,0.0,2572,0.0,0.0,2584.0,1530.0,28110,16989,1019.0,0.0,6285.0,12240,0.0,0.0,3200.0,0.0
1549,965.0,6613,613,0.0,0.0,828.0,24863.0,0.0,1818.0,890.0,5421.0,845.0,1772,0.0,0.0,0.0,0.0,1080.0,2971.0,8259.0,0.0,5140,0.0,1106.0,0.0,2625,0.0,0.0,2640.0,1550.0,28210,17418,1003.0,0.0,6270.0,12371,0.0,0.0,3250.0,0.0
1549,975.0,6650,619,0.0,0.0,833.0,25020.0,0.0,1818.0,895.0,5416.0,844.0,1779,0.0,0.0,0.0,0.0,1072.0,2956.0,8008.0,0.0,5040,0.0,1100.0,0.0,2600,0.0,0.0,2612.0,1545.0,27400,17324,1007.0,0.0,6170.0,12801,0.0,0.0,3256.0,0.0
1525,960.0,6650,619,0.0,0.0,830.0,24875.0,0.0,1793.0,890.0,5371.0,839.0,1774,0.0,0.0,0.0,0.0,1060.0,2949.0,8043.0,0.0,5080,0.0,1080.0,0.0,2560,0.0,0.0,2593.0,1540.0,26770,17088,986.0,0.0,6170.0,13055,0.0,0.0,3260.0,0.0
1501,960.0,6563,614,0.0,0.0,830.0,24800.0,0.0,1747.0,881.0,5371.0,795.0,1776,0.0,0.0,0.0,0.0,1060.0,2949.0,7909.0,0.0,5001,0.0,1060.0,0.0,2560,0.0,0.0,2571.0,1540.0,25700,16703,995.0,0.0,6180.0,12915,0.0,0.0,3160.0,0.0
1495,950.0,6331,615,0.0,0.0,830.0,23580.0,0.0,1692.0,880.0,5366.0,760.0,1771,0.0,0.0,0.0,0.0,1060.0,2960.0,7998.0,0.0,4981,0.0,1050.0,0.0,2540,0.0,0.0,2550.0,1520.0,25400,16259,1007.0,0.0,6150.0,12630,0.0,0.0,3126.0,0.0
1475,950.0,6250,616,0.0,0.0,830.0,23626.0,0.0,1656.0,865.0,5402.0,754.0,1773,0.0,0.0,0.0,0.0,1084.0,2969.0,8272.0,0.0,5000,0.0,1050.0,0.0,2526,0.0,0.0,2540.0,1530.0,25300,16363,1013.0,0.0,6160.0,12899,0.0,0.0,3150.0,0.0
1499,930.0,6263,617,0.0,0.0,807.0,23900.0,0.0,1733.0,880.0,5580.0,760.0,1796,0.0,0.0,0.0,0.0,1065.0,2989.0,8096.0,0.0,5070,0.0,1060.0,0.0,2513,0.0,0.0,2520.0,1492.0,25400,16242,1012.0,0.0,6240.0,12860,0.0,0.0,3180.0,0.0
1470,930.0,6375,620,0.0,0.0,795.0,23850.0,0.0,1777.0,885.0,5696.0,751.0,1864,0.0,0.0,0.0,0.0,1071.0,2982.0,7929.0,0.0,5060,0.0,1075.0,0.0,2480,0.0,0.0,2485.0,1500.0,25195,15896,1012.0,0.0,6395.0,12705,0.0,0.0,3235.0,0.0
1480,940.0,6300,625,0.0,0.0,793.0,23551.0,0.0,1787.0,900.0,5696.0,759.0,1908,0.0,0.0,0.0,0.0,1050.0,2971.0,7788.0,0.0,5225,0.0,1075.0,0.0,2550,0.0,0.0,2572.0,1500.0,24530,15488,1007.0,0.0,6351.0,12366,2000.0,0.0,3291.0,0.0
1500,960.0,6238,635,0.0,0.0,795.0,23701.0,0.0,1716.0,895.0,5662.0,750.0,1898,0.0,0.0,0.0,0.0,1041.0,2954.0,7973.0,0.0,5165,0.0,1085.0,0.0,2570,0.0,0.0,2574.0,1540.0,24850,15219,1016.0,0.0,6310.0,12150,1955.0,0.0,3285.0,0.0
1500,960.0,6288,635,0.0,0.0,781.0,23301.0,0.0,1696.0,915.0,5571.0,745.0,1866,0.0,0.0,0.0,0.0,1055.0,2963.0,8096.0,0.0,5220,0.0,1075.0,0.0,2620,0.0,0.0,2639.0,1540.0,24900,15308,1017.0,0.0,6361.0,12300,1962.0,0.0,3201.0,0.0
1510,1000.0,6373,633,0.0,0.0,780.0,23299.0,0.0,1737.0,920.0,5606.0,770.0,1849,0.0,0.0,0.0,0.0,1050.0,2967.0,8062.0,0.0,5136,0.0,1100.0,0.0,2590,0.0,0.0,2597.0,1540.0,24400,14924,999.0,0.0,6350.0,12640,1950.0,0.0,3220.0,0.0
1530,980.0,6264,633,0.0,0.0,782.0,24049.0,0.0,1737.0,938.0,5606.0,795.0,1843,0.0,0.0,0.0,0.0,1060.0,2949.0,8061.0,0.0,5120,0.0,1100.0,0.0,2620,0.0,0.0,2629.0,1540.0,24351,15055,1029.0,0.0,6325.0,12471,1940.0,0.0,3185.0,0.0
1550,1000.0,6338,630,0.0,0.0,785.0,24289.0,0.0,1777.0,926.0,5591.0,780.0,1837,0.0,0.0,0.0,0.0,1065.0,2967.0,8008.0,0.0,5250,0.0,1101.0,0.0,2680,0.0,0.0,2680.0,1530.0,24700,15604,1042.0,0.0,6400.0,12425,1940.0,0.0,3230.0,0.0
1554,1000.0,6438,625,0.0,0.0,789.0,23979.0,0.0,1797.0,929.0,5571.0,790.0,1888,0.0,0.0,0.0,0.0,1077.0,2989.0,7612.0,0.0,5340,0.0,1150.0,0.0,2737,0.0,0.0,2748.0,1574.0,23600,15297,1037.0,0.0,6624.0,12450,1960.0,0.0,3276.0,0.0
1620,998.0,6249,623,0.0,0.0,800.0,22550.0,0.0,1735.0,940.0,5616.0,795.0,1884,0.0,0.0,0.0,0.0,1078.0,3055.0,7569.0,0.0,5399,0.0,1161.0,0.0,2774,0.0,0.0,2770.0,1640.0,23400,14618,1033.0,0.0,6700.0,12100,2006.0,0.0,3315.0,0.0
1551,1001.0,6165,625,0.0,0.0,800.0,22650.0,0.0,1717.0,960.0,5676.0,800.0,1946,0.0,0.0,0.0,0.0,1080.0,3026.0,7571.0,0.0,5380,0.0,1165.0,0.0,2800,0.0,0.0,2800.0,1660.0,23399,14714,1063.0,0.0,6660.0,12150,2050.0,0.0,3330.0,0.0
1550,1000.0,6200,630,0.0,0.0,800.0,22888.0,0.0,1717.0,960.0,5696.0,825.0,1978,0.0,0.0,0.0,0.0,1082.0,3040.0,7638.0,0.0,5401,0.0,1165.0,0.0,2800,0.0,0.0,2790.0,1698.0,23000,14918,1071.0,0.0,6700.0,12120,2070.0,0.0,3309.0,0.0
1599,980.0,6175,641,0.0,0.0,802.0,22400.0,0.0,1737.0,965.0,5687.0,802.0,2020,0.0,0.0,0.0,0.0,1075.0,3103.0,7643.0,0.0,5397,0.0,1155.0,0.0,2820,0.0,0.0,2847.0,1700.0,22700,15078,1051.0,0.0,6661.0,12150,2110.0,0.0,3225.0,0.0
1599,1025.0,6175,645,0.0,0.0,800.0,22149.0,0.0,1737.0,975.0,5727.0,815.0,2048,0.0,0.0,0.0,0.0,1098.0,3161.0,7436.0,0.0,5400,0.0,1170.0,0.0,2900,0.0,0.0,2902.0,1662.0,22440,14946,1057.0,0.0,6710.0,12194,2090.0,0.0,3237.0,0.0
1595,1010.0,6175,643,0.0,0.0,800.0,22848.0,0.0,1737.0,990.0,5755.0,835.0,2082,0.0,0.0,0.0,0.0,1120.0,3209.0,7480.0,0.0,5550,0.0,1225.0,0.0,2922,0.0,0.0,2960.0,1700.0,22820,14929,1075.0,0.0,6702.0,12225,2075.0,0.0,3306.0,0.0
1590,1020.0,6375,640,0.0,0.0,805.0,22820.0,0.0,1797.0,1000.0,5696.0,850.0,2118,0.0,0.0,0.0,0.0,1160.0,3206.0,7480.0,0.0,5700,0.0,1200.0,0.0,2995,0.0,0.0,3029.0,1700.0,23200,15385,1097.0,0.0,6610.0,12370,2080.0,0.0,3270.0,0.0
1585,1020.0,6600,640,0.0,0.0,810.0,23895.0,0.0,1822.0,1005.0,5685.0,861.0,2149,0.0,0.0,0.0,0.0,1184.0,3260.0,7480.0,0.0,6000,0.0,1215.0,0.0,3060,0.0,0.0,3060.0,1670.0,24100,15111,1080.0,0.0,6570.0,12526,2130.0,0.0,3190.0,0.0
1585,1035.0,6725,640,0.0,0.0,805.0,23900.0,0.0,1824.0,1025.0,5631.0,865.0,2078,0.0,0.0,0.0,0.0,1165.0,3255.0,7480.0,0.0,5900,0.0,1260.0,0.0,3142,0.0,0.0,3150.0,1690.0,23600,15495,1056.0,0.0,6675.0,12700,2110.0,0.0,3250.0,0.0
1580,1021.0,6675,640,0.0,0.0,815.0,23800.0,0.0,1818.0,1050.0,5676.0,871.0,2082,0.0,0.0,0.0,0.0,1154.0,3140.0,7758.0,0.0,5770,0.0,1270.0,0.0,3140,0.0,0.0,3120.0,1660.0,23300,15744,1054.0,0.0,6950.0,12650,2120.0,0.0,3255.0,0.0
1575,1050.0,6625,645,0.0,0.0,816.0,24060.0,0.0,1818.0,1050.0,5735.0,885.0,2115,0.0,0.0,0.0,0.0,1145.0,3187.0,7348.0,0.0,5740,0.0,1270.0,0.0,3081,0.0,0.0,3095.0,1685.0,22900,16011,1062.0,0.0,7325.0,13000,2115.0,0.0,3290.0,0.0
1565,1050.0,6575,645,0.0,0.0,820.0,24499.0,0.0,1816.0,1030.0,5926.0,890.0,2146,0.0,0.0,0.0,0.0,1143.0,3297.0,7438.0,0.0,5700,0.0,1255.0,0.0,3040,0.0,0.0,3050.0,1690.0,22850,15505,1062.0,0.0,6999.0,12702,2099.0,0.0,3316.0,0.0
1570,1090.0,6575,660,0.0,0.0,830.0,25100.0,0.0,1818.0,1065.0,5976.0,910.0,2129,0.0,0.0,0.0,0.0,1125.0,3288.0,7424.0,0.0,5645,0.0,1230.0,0.0,2985,0.0,0.0,3000.0,1700.0,22975,15714,1063.0,0.0,6921.0,12600,2075.0,0.0,3340.0,0.0
1550,1090.0,6625,670,0.0,0.0,830.0,25100.0,0.0,1814.0,1040.0,5926.0,916.0,2138,0.0,0.0,0.0,0.0,1127.0,3289.0,7837.0,0.0,5720,0.0,1250.0,0.0,2930,0.0,0.0,2946.0,1688.0,22350,15604,1076.0,0.0,7085.0,12125,2100.0,0.0,3335.0,0.0
1540,1075.0,6525,700,0.0,0.0,861.0,25020.0,0.0,1799.0,1035.0,5886.0,936.0,2180,0.0,0.0,0.0,0.0,1139.0,3260.0,7894.0,0.0,5780,0.0,1260.0,0.0,2950,0.0,0.0,2967.0,1700.0,22895,15615,1069.0,0.0,7099.0,11815,2090.0,0.0,3370.0,0.0
1584,1100.0,6550,710,0.0,0.0,860.0,24874.0,0.0,1805.0,1029.0,5895.0,945.0,2183,0.0,0.0,0.0,0.0,1130.0,3278.0,7839.0,0.0,5810,0.0,1265.0,0.0,2980,0.0,0.0,3015.0,1720.0,22000,15824,1054.0,0.0,7095.0,11801,2050.0,0.0,3331.0,0.0
1550,1135.0,6375,705,0.0,0.0,865.0,24349.0,0.0,1818.0,1038.0,5861.0,950.0,2149,0.0,0.0,0.0,0.0,1135.0,3241.0,7775.0,0.0,5800,0.0,1275.0,0.0,3010,0.0,0.0,3040.0,1750.0,21300,15791,1058.0,0.0,7100.0,11695,2030.0,0.0,3450.0,0.0
1600,1160.0,6375,710,0.0,0.0,860.0,23903.0,0.0,1818.0,1030.0,5816.0,960.0,2104,0.0,0.0,0.0,0.0,1135.0,3238.0,7542.0,0.0,5700,0.0,1260.0,0.0,3100,0.0,0.0,3118.0,1780.0,21340,15335,1046.0,0.0,7070.0,11850,2071.0,0.0,3595.0,0.0
1570,1180.0,6375,712,0.0,0.0,870.0,23606.0,0.0,1822.0,1015.0,5886.0,980.0,2076,0.0,0.0,0.0,0.0,1161.0,3187.0,7242.0,0.0,5625,0.0,1255.0,0.0,3100,0.0,0.0,3130.0,1800.0,21161,15385,1063.0,0.0,7000.0,11875,2100.0,0.0,3755.0,0.0
1665,1200.0,6300,720,0.0,0.0,870.0,23100.0,0.0,1856.0,1020.0,6046.0,978.0,2076,0.0,0.0,0.0,0.0,1205.0,3169.0,7261.0,0.0,5690,0.0,1201.0,0.0,3134,0.0,0.0,3156.0,1810.0,21389,15319,1105.0,0.0,7000.0,11685,2070.0,0.0,3870.0,0.0
1700,1200.0,6225,735,0.0,0.0,875.0,22750.0,0.0,1939.0,1045.0,6251.0,970.0,2098,0.0,0.0,0.0,0.0,1251.0,3228.0,7304.0,0.0,5850,0.0,1242.0,0.0,3112,0.0,0.0,3135.0,1810.0,21100,15308,1101.0,0.0,7245.0,11520,2071.0,0.0,4016.0,0.0
1679,1200.0,6088,760,0.0,0.0,870.0,23000.0,0.0,1979.0,1055.0,6416.0,970.0,2146,0.0,0.0,0.0,0.0,1250.0,3187.0,7116.0,0.0,5975,0.0,1265.0,0.0,3200,0.0,0.0,3240.0,1850.0,21300,15385,1122.0,0.0,7400.0,11300,2050.0,0.0,4100.0,0.0
1700,1190.0,6175,767,0.0,0.0,883.0,23400.0,0.0,1979.0,1073.0,6686.0,970.0,2094,0.0,0.0,0.0,0.0,1210.0,3218.0,7234.0,0.0,6035,0.0,1345.0,0.0,3345,0.0,0.0,3371.0,1850.0,21300,15571,1131.0,0.0,7500.0,11510,2075.0,0.0,4115.0,0.0
1750,1160.0,6200,759,0.0,0.0,899.0,23345.0,0.0,1908.0,1020.0,6696.0,970.0,2118,0.0,0.0,0.0,0.0,1220.0,3224.0,7194.0,0.0,6200,0.0,1328.0,0.0,3280,0.0,0.0,3320.0,1859.0,21100,15220,1139.0,0.0,7600.0,11555,2105.0,0.0,4050.0,0.0
1774,1167.0,6313,764,0.0,0.0,890.0,23151.0,0.0,1894.0,1075.0,6885.0,970.0,2146,0.0,0.0,0.0,0.0,1235.0,3306.0,7229.0,0.0,6175,0.0,1298.0,0.0,3380,0.0,0.0,3400.0,1796.0,21099,15418,1134.0,0.0,7750.0,11720,2115.0,0.0,4000.0,0.0
1775,1105.0,6463,751,0.0,0.0,890.0,22995.0,0.0,1857.0,1075.0,6915.0,970.0,2132,0.0,0.0,0.0,0.0,1245.0,3289.0,7119.0,0.0,6000,0.0,1301.0,0.0,3424,0.0,0.0,3460.0,1780.0,20700,15495,1126.0,0.0,7700.0,11376,2120.0,0.0,4175.0,0.0
1770,1085.0,6388,745,0.0,0.0,895.0,22600.0,0.0,1858.0,1073.0,6995.0,970.0,2132,0.0,0.0,0.0,0.0,1200.0,3465.0,6833.0,0.0,5849,0.0,1300.0,0.0,3363,0.0,0.0,3409.0,1750.0,20394,15164,1126.0,0.0,7745.0,10998,2160.0,0.0,4140.0,0.0
1666,1080.0,6238,743,0.0,0.0,895.0,21750.0,0.0,1858.0,1069.0,6965.0,949.0,2118,0.0,0.0,0.0,0.0,1221.0,3297.0,6848.0,0.0,5880,0.0,1300.0,0.0,3250,0.0,0.0,3400.0,1795.0,20637,14615,1113.0,0.0,7550.0,10850,2170.0,0.0,4080.0,0.0
1725,1100.0,6250,739,0.0,0.0,866.0,21999.0,0.0,1890.0,1069.0,7094.0,940.0,2146,0.0,0.0,0.0,0.0,1210.0,3260.0,6567.0,0.0,5940,0.0,1280.0,0.0,3312,0.0,0.0,3359.0,1815.0,20200,14648,1105.0,0.0,7626.0,11270,2180.0,0.0,4001.0,0.0
1755,1150.0,6211,745,0.0,0.0,870.0,21599.0,0.0,1896.0,1055.0,6995.0,881.0,2111,0.0,0.0,0.0,0.0,1185.0,3291.0,6625.0,0.0,5900,0.0,1270.0,0.0,3380,0.0,0.0,3400.0,1822.0,20250,14527,1097.0,0.0,7650.0,11000,2160.0,0.0,4030.0,0.0
1800,1111.0,6150,745,0.0,0.0,865.0,21212.0,0.0,1888.0,1060.0,7125.0,860.0,2097,0.0,0.0,0.0,0.0,1180.0,3260.0,6556.0,0.0,5939,0.0,1250.0,0.0,3380,0.0,0.0,3395.0,1830.0,20200,14396,1105.0,0.0,7540.0,11199,2132.0,0.0,4070.0,0.0
1815,1090.0,6000,741,0.0,0.0,870.0,21160.0,0.0,1894.0,1060.0,7235.0,900.0,2076,0.0,0.0,0.0,0.0,1200.0,3290.0,6538.0,0.0,5964,0.0,1245.0,0.0,3408,0.0,0.0,3440.0,1790.0,20200,14352,1126.0,0.0,7412.0,11274,2100.0,0.0,3950.0,0.0
1830,1100.0,5838,745,0.0,0.0,876.0,20901.0,0.0,1898.0,1063.0,7195.0,885.0,2108,0.0,0.0,0.0,0.0,1225.0,3333.0,6512.0,0.0,6101,0.0,1240.0,0.0,3400,0.0,0.0,3450.0,1800.0,19825,14231,1114.0,0.0,7399.0,10962,2105.0,0.0,3950.0,0.0
1830,1150.0,5813,735,0.0,0.0,869.0,20975.0,0.0,1886.0,1060.0,7125.0,890.0,2104,0.0,0.0,0.0,0.0,1255.0,3359.0,6598.0,0.0,6165,0.0,1240.0,0.0,3419,0.0,0.0,3428.0,1800.0,19350,14231,1122.0,0.0,7384.0,10970,2085.0,0.0,4034.0,0.0
1830,1220.0,5813,735,0.0,0.0,850.0,21160.0,0.0,1890.0,1075.0,7125.0,899.0,2104,0.0,0.0,0.0,0.0,1255.0,3348.0,6598.0,0.0,6195,0.0,1240.0,0.0,3346,0.0,0.0,3420.0,1790.0,19350,14170,1122.0,0.0,7335.0,11200,2100.0,0.0,4030.0,0.0
1820,1230.0,5813,735,0.0,0.0,805.0,21160.0,0.0,1890.0,1075.0,7205.0,900.0,2132,0.0,0.0,0.0,0.0,1285.0,3348.0,6516.0,0.0,6195,0.0,1240.0,0.0,3346,0.0,0.0,3420.0,1790.0,19394,14170,1131.0,0.0,7335.0,11200,2100.0,0.0,4030.0,0.0
1815,1230.0,5813,737,0.0,0.0,805.0,20840.0,0.0,1902.0,1080.0,7195.0,900.0,2146,0.0,0.0,0.0,0.0,1260.0,3322.0,6467.0,0.0,6205,0.0,1240.0,0.0,3430,0.0,0.0,3460.0,1790.0,19798,14286,1139.0,0.0,7450.0,11665,2100.0,0.0,4100.0,0.0
1800,1270.0,5800,740,0.0,0.0,820.0,20840.0,0.0,1872.0,1138.0,7245.0,899.0,2169,0.0,0.0,0.0,0.0,1261.0,3343.0,6276.0,0.0,6210,0.0,1251.0,0.0,3436,0.0,0.0,3478.0,1790.0,19845,14505,1144.0,0.0,7460.0,11750,2100.0,0.0,4090.0,0.0
1800,1300.0,5800,740,0.0,0.0,820.0,20790.0,0.0,1818.0,1125.0,7385.0,930.0,2204,0.0,0.0,0.0,0.0,1270.0,3382.0,6292.0,0.0,6210,0.0,1281.0,0.0,3440,0.0,0.0,3460.0,1785.0,19600,14593,1153.0,0.0,7550.0,11900,2100.0,0.0,4100.0,0.0
1820,1380.0,5850,745,0.0,0.0,850.0,20989.0,0.0,1818.0,1111.0,7395.0,940.0,2216,0.0,0.0,0.0,0.0,1290.0,3392.0,6160.0,0.0,6350,0.0,1290.0,0.0,3500,0.0,0.0,3500.0,1782.0,19580,14615,1168.0,0.0,7620.0,11850,2100.0,0.0,4180.0,0.0
1810,1375.0,5925,750,0.0,0.0,850.0,20999.0,0.0,1824.0,1130.0,7255.0,940.0,2216,0.0,0.0,0.0,0.0,1290.0,3388.0,6160.0,0.0,6384,0.0,1291.0,0.0,3640,0.0,0.0,3650.0,1800.0,19700,14407,1148.0,0.0,7880.0,11700,2090.0,0.0,4230.0,0.0
1810,1375.0,5874,750,0.0,0.0,861.0,20700.0,0.0,1828.0,1140.0,7255.0,940.0,2216,0.0,0.0,0.0,0.0,1290.0,3407.0,6160.0,0.0,6440,0.0,1291.0,0.0,3600,0.0,0.0,3620.0,1800.0,19700,14615,1148.0,0.0,7875.0,11676,2110.0,0.0,4286.0,0.0
1810,1370.0,5874,749,0.0,0.0,861.0,20700.0,0.0,1828.0,1140.0,7295.0,940.0,2230,0.0,0.0,0.0,0.0,1295.0,3407.0,6164.0,0.0,6440,0.0,1299.0,0.0,3600,0.0,0.0,3620.0,1800.0,19950,14615,1177.0,0.0,7875.0,11676,2125.0,0.0,4286.0,0.0
1820,1370.0,5900,760,0.0,0.0,861.0,20800.0,0.0,1858.0,1140.0,7421.0,940.0,2259,0.0,0.0,0.0,0.0,1300.0,3414.0,6141.0,0.0,6650,0.0,1300.0,0.0,3620,0.0,0.0,3620.0,1850.0,20400,14544,1170.0,0.0,7900.0,11744,2125.0,0.0,4370.0,0.0
1820,1355.0,5875,770,0.0,0.0,874.0,20600.0,0.0,1822.0,1125.0,7495.0,941.0,2267,0.0,0.0,0.0,0.0,1295.0,3452.0,6081.0,0.0,6680,0.0,1300.0,0.0,3630,0.0,0.0,3630.0,1845.0,20750,14579,1156.0,0.0,7820.0,11830,2135.0,0.0,4370.0,0.0
1830,1350.0,5975,775,0.0,0.0,875.0,20427.0,0.0,1797.0,1125.0,7495.0,950.0,2250,0.0,0.0,0.0,0.0,1300.0,3451.0,6116.0,0.0,6589,0.0,1290.0,0.0,3610,0.0,0.0,3640.0,1870.0,20700,14670,1135.0,0.0,7830.0,12200,2135.0,0.0,4305.0,0.0
1900,1320.0,5988,785,0.0,0.0,885.0,19901.0,0.0,1777.0,1139.0,7445.0,950.0,2253,0.0,0.0,0.0,0.0,1300.0,3456.0,6160.0,0.0,6580,0.0,1300.0,0.0,3620,0.0,0.0,3628.0,1870.0,21200,14670,1161.0,0.0,7780.0,12100,2150.0,0.0,4350.0,0.0
1880,1275.0,6000,795,0.0,0.0,885.0,20325.0,0.0,1777.0,1165.0,7420.0,950.0,2264,0.0,0.0,0.0,0.0,1275.0,3471.0,6151.0,0.0,6580,0.0,1285.0,0.0,3730,0.0,0.0,3730.0,1900.0,21300,14781,1186.0,0.0,7700.0,12490,2150.0,0.0,4549.0,0.0
1900,1350.0,5925,815,0.0,0.0,894.0,20254.0,0.0,1797.0,1170.0,7375.0,940.0,2264,0.0,0.0,0.0,0.0,1291.0,3416.0,6244.0,0.0,6550,0.0,1290.0,0.0,3720,0.0,0.0,3735.0,1945.0,21900,14615,1173.0,0.0,7700.0,12300,2157.0,0.0,4360.0,0.0
1900,1330.0,5975,800,0.0,0.0,875.0,20250.0,0.0,1822.0,1146.0,7325.0,900.0,2202,0.0,0.0,0.0,0.0,1250.0,3403.0,6776.0,0.0,6296,0.0,1276.0,0.0,3680,0.0,0.0,3690.0,1940.0,23199,14788,1122.0,0.0,7550.0,12400,2200.0,0.0,4320.0,0.0
1900,1345.0,6450,800,0.0,0.0,880.0,20850.0,0.0,1897.0,1110.0,7300.0,900.0,2208,0.0,0.0,0.0,0.0,1240.0,3498.0,6666.0,0.0,6160,0.0,1270.0,0.0,3730,0.0,0.0,3740.0,2000.0,22850,15352,1143.0,0.0,7550.0,12500,2210.0,0.0,4106.0,0.0
1920,1300.0,6413,798,0.0,0.0,900.0,20601.0,0.0,1947.0,1100.0,7260.0,901.0,2188,0.0,0.0,0.0,0.0,1245.0,3480.0,6618.0,0.0,6140,0.0,1265.0,0.0,3620,0.0,0.0,3633.0,1995.0,22350,15148,1141.0,0.0,7510.0,12195,2170.0,0.0,4100.0,0.0
1930,1300.0,6313,798,0.0,0.0,901.0,20500.0,0.0,1947.0,1100.0,7270.0,895.0,2131,0.0,0.0,0.0,0.0,1250.0,3520.0,6539.0,0.0,6200,0.0,1270.0,0.0,3590,0.0,0.0,3605.0,1980.0,22550,15137,1108.0,0.0,7500.0,12000,2162.0,0.0,4130.0,0.0
1930,1300.0,6350,792,0.0,0.0,900.0,20352.0,0.0,1959.0,1105.0,7375.0,910.0,2132,0.0,0.0,0.0,0.0,1260.0,3508.0,6647.0,0.0,6175,0.0,1270.0,0.0,3490,0.0,0.0,3500.0,1980.0,23100,15147,1126.0,0.0,7550.0,12090,2200.0,0.0,4105.0,0.0
1930,1300.0,6373,776,0.0,0.0,910.0,20651.0,0.0,1979.0,1086.0,7365.0,885.0,2132,0.0,0.0,0.0,0.0,1270.0,3517.0,6513.0,0.0,6100,0.0,1270.0,0.0,3590,0.0,0.0,3596.0,1980.0,22911,15269,1122.0,0.0,7630.0,12300,2170.0,0.0,4250.0,0.0
1900,1350.0,6263,784,0.0,0.0,900.0,20101.0,0.0,2024.0,1096.0,7095.0,873.0,2160,0.0,0.0,0.0,0.0,1225.0,3480.0,6424.0,0.0,6040,0.0,1290.0,0.0,3560,0.0,0.0,3600.0,1980.0,22800,15165,1116.0,0.0,7660.0,12450,2180.0,0.0,4379.0,0.0
1900,1350.0,6288,784,0.0,0.0,905.0,19990.0,0.0,2201.0,1079.0,7000.0,873.0,2111,0.0,0.0,0.0,0.0,1206.0,3462.0,6169.0,0.0,5990,0.0,1280.0,0.0,3565,0.0,0.0,3580.0,1970.0,22650,15309,1097.0,0.0,7429.0,12610,2175.0,0.0,4400.0,0.0
1855,1350.0,6313,785,0.0,0.0,900.0,19502.0,0.0,2179.0,1056.0,6861.0,850.0,2090,0.0,0.0,0.0,0.0,1180.0,3388.0,6240.0,0.0,5980,0.0,1251.0,0.0,3515,0.0,0.0,3502.0,1930.0,22200,15341,1071.0,0.0,7400.0,12350,2170.0,0.0,4301.0,0.0
1870,1450.0,6363,770,0.0,0.0,890.0,19890.0,0.0,2147.0,1030.0,6795.0,870.0,2090,0.0,0.0,0.0,0.0,1174.0,3333.0,6116.0,0.0,5815,0.0,1260.0,0.0,3402,0.0,0.0,3420.0,1880.0,22075,15582,1080.0,0.0,7200.0,12450,2165.0,0.0,4150.0,0.0
1865,1380.0,6250,763,0.0,0.0,877.0,19703.0,0.0,2189.0,1020.0,6756.0,890.0,2083,0.0,0.0,0.0,0.0,1165.0,3322.0,6262.0,0.0,5910,0.0,1260.0,0.0,3360,0.0,0.0,3390.0,1866.0,21895,15313,1074.0,0.0,7100.0,12251,2140.0,0.0,4100.0,0.0
1870,1325.0,6250,769,0.0,0.0,851.0,19850.0,0.0,2221.0,1019.0,6830.0,890.0,2093,0.0,0.0,0.0,0.0,1171.0,3273.0,6248.0,0.0,5909,0.0,1245.0,0.0,3403,0.0,0.0,3460.0,1860.0,21450,15236,1104.0,0.0,7000.0,12280,2050.0,0.0,4100.0,0.0
1900,1301.0,6263,781,0.0,0.0,830.0,19771.0,0.0,2272.0,1035.0,6902.0,890.0,2090,0.0,0.0,0.0,0.0,1165.0,3297.0,6235.0,0.0,6000,0.0,1269.0,0.0,3426,0.0,0.0,3434.0,1865.0,21000,15164,1105.0,0.0,6860.0,12300,2090.0,0.0,4150.0,0.0
1984,1345.0,6300,800,0.0,0.0,851.0,19900.0,0.0,2262.0,1026.0,7070.0,885.0,2105,0.0,0.0,0.0,0.0,1150.0,3315.0,6116.0,0.0,6050,0.0,1265.0,0.0,3400,0.0,0.0,3403.0,1860.0,21000,15225,1103.0,0.0,6901.0,12237,2100.0,0.0,4340.0,0.0
2087,1340.0,6356,798,0.0,0.0,850.0,19306.0,0.0,2242.0,1046.0,7185.0,890.0,2141,0.0,0.0,0.0,0.0,1185.0,3333.0,5933.0,0.0,6170,0.0,1260.0,0.0,3398,0.0,0.0,3403.0,1851.0,20705,15166,1114.0,0.0,6900.0,12300,2099.0,0.0,4245.0,0.0
2180,1375.0,6250,799,0.0,0.0,834.0,19200.0,0.0,2262.0,1080.0,7245.0,890.0,2191,0.0,0.0,0.0,0.0,1206.0,3319.0,5810.0,0.0,6280,0.0,1300.0,0.0,3393,0.0,0.0,3410.0,1825.0,21200,15269,1144.0,0.0,7000.0,12348,2150.0,0.0,4260.0,0.0
2220,1355.0,6313,800,0.0,0.0,830.0,18711.0,0.0,2221.0,1100.0,7343.0,882.0,2204,0.0,0.0,0.0,0.0,1240.0,3339.0,5835.0,0.0,6530,0.0,1305.0,0.0,3394,0.0,0.0,3429.0,1860.0,21200,15165,1143.0,0.0,7261.0,12400,2170.0,0.0,4363.0,0.0
2240,1350.0,6188,800,0.0,0.0,825.0,19350.0,0.0,2141.0,1105.0,7480.0,875.0,2244,0.0,0.0,0.0,0.0,1261.0,3414.0,6019.0,0.0,6400,0.0,1335.0,0.0,3416,0.0,0.0,3460.0,1870.0,21551,15165,1160.0,0.0,7310.0,12160,2250.0,0.0,4346.0,0.0
2165,1400.0,6245,800,0.0,0.0,825.0,19569.0,0.0,2141.0,1104.0,7575.0,875.0,2202,0.0,0.0,0.0,0.0,1266.0,3443.0,6169.0,0.0,6481,0.0,1310.0,0.0,3465,0.0,0.0,3500.0,1850.0,22401,15165,1149.0,0.0,7280.0,12050,2250.0,0.0,4499.0,0.0
2120,1400.0,6413,810,0.0,0.0,840.0,19900.0,0.0,2171.0,1100.0,7645.0,870.0,2124,0.0,0.0,0.0,0.0,1250.0,3498.0,6062.0,0.0,6349,0.0,1260.0,0.0,3464,0.0,0.0,3512.0,1840.0,22300,15868,1114.0,0.0,7269.0,12156,2230.0,0.0,4499.0,0.0
2089,1370.0,6444,810,0.0,0.0,850.0,20394.0,0.0,2149.0,1090.0,7595.0,861.0,2156,0.0,0.0,0.0,0.0,1275.0,3499.0,5984.0,0.0,6125,0.0,1285.0,0.0,3480,0.0,0.0,3520.0,1832.0,22501,16390,1131.0,0.0,7150.0,12430,2245.0,0.0,4380.0,0.0
2110,1389.0,6577,810,0.0,0.0,826.0,20299.0,0.0,2175.0,1090.0,7411.0,850.0,2177,0.0,0.0,0.0,0.0,1235.0,3498.0,5975.0,0.0,6230,0.0,1285.0,0.0,3464,0.0,0.0,3514.0,1811.0,22610,16308,1153.0,0.0,7100.0,12840,2239.0,0.0,4379.0,0.0
2060,1355.0,6713,810,0.0,0.0,850.0,20001.0,0.0,2141.0,1086.0,7393.0,842.0,2156,0.0,0.0,0.0,0.0,1206.0,3407.0,5975.0,0.0,6295,0.0,1285.0,0.0,3447,0.0,0.0,3480.0,1806.0,22400,16209,1118.0,0.0,7075.0,12975,2265.0,0.0,4410.0,0.0
2049,1400.0,6713,810,0.0,0.0,900.0,20049.0,0.0,2161.0,1100.0,7407.0,850.0,2125,0.0,0.0,0.0,0.0,1235.0,3388.0,5922.0,0.0,6110,0.0,1305.0,0.0,3460,0.0,0.0,3490.0,1760.0,23199,16616,1105.0,0.0,6950.0,13270,2265.0,0.0,4295.0,0.0
1998,1400.0,6725,810,0.0,0.0,895.0,19552.0,0.0,2161.0,1090.0,7505.0,841.0,2132,0.0,0.0,0.0,0.0,1236.0,3388.0,5976.0,0.0,6170,0.0,1320.0,0.0,3540,0.0,0.0,3585.0,1700.0,23300,16813,1131.0,0.0,6935.0,13250,2250.0,0.0,4350.0,0.0
2050,1400.0,6688,815,0.0,0.0,889.0,19680.0,0.0,2129.0,1090.0,7619.0,820.0,2118,0.0,0.0,0.0,0.0,1236.0,3424.0,6003.0,0.0,6300,0.0,1330.0,0.0,3570,0.0,0.0,3610.0,1735.0,23210,16648,1156.0,0.0,7036.0,12949,2275.0,0.0,4500.0,0.0
2150,1381.0,6513,850,0.0,0.0,900.0,20501.0,0.0,2120.0,1070.0,7858.0,810.0,2127,0.0,0.0,0.0,0.0,1245.0,3462.0,6182.0,0.0,6450,0.0,1350.0,0.0,3424,0.0,0.0,3460.0,1760.0,23030,16648,1155.0,0.0,7030.0,12725,2249.0,0.0,4400.0,0.0
2179,1381.0,6375,855,0.0,0.0,890.0,21130.0,0.0,2131.0,1068.0,7976.0,825.0,2141,0.0,0.0,0.0,0.0,1227.0,3436.0,6314.0,0.0,6500,0.0,1360.0,0.0,3410,0.0,0.0,3450.0,1765.0,22800,16440,1147.0,0.0,7055.0,12770,2260.0,0.0,4424.0,0.0
2125,1392.0,6563,851,0.0,0.0,890.0,21005.0,0.0,2101.0,1068.0,7995.0,840.0,2159,0.0,0.0,0.0,0.0,1235.0,3443.0,6195.0,0.0,6360,0.0,1344.0,0.0,3470,0.0,0.0,3510.0,1770.0,22200,16533,1159.0,0.0,7170.0,12800,2300.0,0.0,4449.0,0.0
2170,1400.0,6375,850,0.0,0.0,895.0,21085.0,0.0,2092.0,1070.0,7945.0,852.0,2143,0.0,0.0,0.0,0.0,1255.0,3383.0,6012.0,0.0,6350,0.0,1383.0,0.0,3490,0.0,0.0,3520.0,1750.0,22500,16496,1185.0,0.0,7425.0,12870,2335.0,0.0,4388.0,0.0
2194,1425.0,6450,850,0.0,0.0,890.0,20930.0,0.0,2125.0,1050.0,8020.0,840.0,2176,0.0,0.0,0.0,0.0,1300.0,3370.0,5951.0,0.0,6345,0.0,1410.0,0.0,3440,0.0,0.0,3485.0,1730.0,22900,16482,1186.0,0.0,7625.0,13256,2350.0,0.0,4399.0,0.0
2185,1401.0,6413,847,0.0,0.0,893.0,20702.0,0.0,2120.0,1030.0,7895.0,840.0,2197,0.0,0.0,0.0,0.0,1290.0,3368.0,6071.0,0.0,6330,0.0,1388.0,0.0,3420,0.0,0.0,3460.0,1740.0,23500,16505,1169.0,0.0,7680.0,13580,2398.0,0.0,4448.0,0.0
2174,1435.0,6375,850,0.0,0.0,895.0,21055.0,0.0,2201.0,1020.0,7795.0,835.0,2157,0.0,0.0,0.0,0.0,1290.0,3333.0,6095.0,0.0,6300,0.0,1390.0,0.0,3450,0.0,0.0,3490.0,1790.0,23950,16595,1165.0,0.0,7650.0,14000,2400.0,0.0,4401.0,0.0
2120,1460.0,6500,850,0.0,0.0,910.0,21799.0,0.0,2252.0,1020.0,7765.0,831.0,2132,0.0,0.0,0.0,0.0,1294.0,3407.0,6072.0,0.0,6300,0.0,1375.0,0.0,3460,0.0,0.0,3500.0,1852.0,24195,16660,1194.0,0.0,7630.0,13850,2375.0,0.0,4450.0,0.0
2190,1488.0,6513,860,0.0,0.0,880.0,21100.0,0.0,2423.0,1020.0,7795.0,840.0,2137,0.0,0.0,0.0,0.0,1301.0,3370.0,5967.0,0.0,6490,0.0,1390.0,0.0,3420,0.0,0.0,3440.0,1900.0,23400,16126,1189.0,0.0,7780.0,13794,2380.0,0.0,4470.0,0.0
2180,1500.0,6363,867,0.0,0.0,875.0,21110.0,0.0,2423.0,1040.0,7905.0,841.0,2141,0.0,0.0,0.0,0.0,1301.0,3359.0,6116.0,0.0,6400,0.0,1401.0,0.0,3440,0.0,0.0,3480.0,1910.0,23300,15736,1186.0,0.0,7750.0,13841,2363.0,0.0,4490.0,0.0
2170,1540.0,6463,865,0.0,0.0,860.0,21150.0,0.0,2559.0,1045.0,7855.0,850.0,2139,0.0,0.0,0.0,0.0,1310.0,3328.0,6072.0,0.0,6375,0.0,1426.0,0.0,3480,0.0,0.0,3520.0,1925.0,23300,15726,1199.0,0.0,7740.0,13940,2385.0,0.0,4675.0,0.0
2135,1530.0,6434,869,0.0,0.0,875.0,20989.0,0.0,2565.0,1054.0,7781.0,840.0,2121,0.0,0.0,0.0,0.0,1335.0,3370.0,6076.0,0.0,6450,0.0,1415.0,0.0,3484,0.0,0.0,3510.0,1930.0,23000,15824,1189.0,0.0,7920.0,14150,2400.0,0.0,4620.0,0.0
2141,1510.0,6388,870,0.0,0.0,886.0,20800.0,0.0,2569.0,1043.0,7881.0,851.0,2076,0.0,0.0,0.0,0.0,1356.0,3319.0,6160.0,0.0,6427,0.0,1440.0,0.0,3440,0.0,0.0,3480.0,1925.0,22890,15989,1177.0,0.0,8002.0,14600,2435.0,0.0,4779.0,0.0
2145,1490.0,6250,871,0.0,0.0,900.0,20702.0,0.0,2686.0,1040.0,7995.0,830.0,2031,0.0,0.0,0.0,0.0,1336.0,3348.0,6104.0,0.0,6360,0.0,1460.0,0.0,3500,0.0,0.0,3550.0,1900.0,22390,15978,1174.0,0.0,8040.0,14495,2515.0,0.0,4900.0,0.0
2120,1475.0,6150,860,0.0,0.0,900.0,20820.0,0.0,2666.0,1039.0,7897.0,845.0,2021,0.0,0.0,0.0,0.0,1313.0,3344.0,6292.0,0.0,6330,0.0,1474.0,0.0,3550,0.0,0.0,3600.0,1905.0,22250,16044,1186.0,0.0,8000.0,14400,2500.0,0.0,4810.0,0.0
2190,1475.0,6201,877,0.0,0.0,900.0,21699.0,0.0,2686.0,1070.0,7915.0,837.0,2014,0.0,0.0,0.0,0.0,1320.0,3374.0,6213.0,0.0,6400,0.0,1500.0,0.0,3622,0.0,0.0,3665.0,1920.0,22300,16319,1206.0,0.0,8165.0,14230,2525.0,0.0,4800.0,0.0
2190,1463.0,6213,882,0.0,0.0,890.0,22000.0,0.0,2843.0,1075.0,8085.0,841.0,2020,0.0,0.0,0.0,0.0,1319.0,3443.0,6205.0,0.0,6558,0.0,1480.0,0.0,3680,0.0,0.0,3724.0,2025.0,22500,16346,1194.0,0.0,8170.0,14340,2500.0,0.0,4970.0,0.0
2190,1495.0,6113,886,0.0,0.0,915.0,21636.0,0.0,2870.0,1032.0,7901.0,870.0,2054,0.0,0.0,0.0,0.0,1341.0,3462.0,6248.0,0.0,6510,0.0,1495.0,0.0,3700,0.0,0.0,3740.0,2075.0,22700,15934,1211.0,0.0,8102.0,14200,2530.0,0.0,4911.0,0.0
2190,1495.0,6056,890,0.0,0.0,925.0,22000.0,0.0,2888.0,1050.0,7995.0,884.0,2069,0.0,0.0,0.0,0.0,1345.0,3476.0,6384.0,0.0,6580,0.0,1480.0,0.0,3720,0.0,0.0,3760.0,2150.0,22700,15725,1216.0,0.0,8200.0,14850,2520.0,0.0,4902.0,0.0
2175,1495.0,6099,900,0.0,0.0,920.0,22370.0,0.0,2884.0,1050.0,7865.0,890.0,2090,0.0,0.0,0.0,0.0,1352.0,3476.0,6477.0,0.0,6560,0.0,1476.0,0.0,3720,0.0,0.0,3760.0,2150.0,22780,15659,1209.0,0.0,8230.0,14900,2500.0,0.0,5010.0,0.0
2130,1471.0,6206,920,0.0,0.0,900.0,22649.0,0.0,2876.0,1036.0,7795.0,899.0,2080,0.0,0.0,0.0,0.0,1356.0,3462.0,6470.0,0.0,6460,0.0,1450.0,0.0,3770,0.0,0.0,3810.0,2150.0,22800,15714,1190.0,0.0,8260.0,14710,2530.0,0.0,4850.0,0.0
2130,1440.0,6138,895,0.0,0.0,915.0,22605.0,0.0,2774.0,1040.0,7645.0,900.0,2083,0.0,0.0,0.0,0.0,1335.0,3489.0,6534.0,0.0,6405,0.0,1441.0,0.0,3800,0.0,0.0,3856.0,2130.0,22801,15548,1185.0,0.0,8230.0,14901,2501.0,0.0,4700.0,0.0
2130,1425.0,6188,910,0.0,0.0,910.0,22645.0,0.0,2745.0,1044.0,7635.0,880.0,2047,0.0,0.0,0.0,0.0,1300.0,3554.0,6622.0,0.0,6450,0.0,1440.0,0.0,3770,0.0,0.0,3810.0,2140.0,22800,15636,1173.0,0.0,8180.0,15151,2505.0,0.0,4750.0,0.0
2180,1425.0,6113,890,0.0,0.0,905.0,22845.0,0.0,2726.0,1036.0,7395.0,875.0,2024,0.0,0.0,0.0,0.0,1250.0,3486.0,6820.0,0.0,6395,0.0,1405.0,0.0,3760,0.0,0.0,3800.0,2100.0,23100,15929,1148.0,0.0,8100.0,15000,2550.0,0.0,4625.0,0.0
2200,1425.0,6325,872,0.0,0.0,900.0,23350.0,0.0,2707.0,1002.0,7495.0,875.0,1989,0.0,0.0,0.0,0.0,1265.0,3443.0,7164.0,0.0,6185,0.0,1390.0,0.0,3740,0.0,0.0,3760.0,2075.0,23750,16352,1118.0,0.0,7980.0,15050,2550.0,0.0,4399.0,0.0
2160,1465.0,6563,870,0.0,0.0,910.0,23701.0,0.0,2676.0,1035.0,7595.0,880.0,1971,0.0,0.0,0.0,0.0,1260.0,3473.0,6909.0,0.0,6100,0.0,1370.0,0.0,3714,0.0,0.0,3740.0,2050.0,23551,16681,1105.0,0.0,8000.0,15450,2500.0,0.0,4525.0,0.0
2160,1425.0,6481,870,0.0,0.0,925.0,22900.0,0.0,2666.0,1046.0,7595.0,885.0,1971,0.0,0.0,0.0,0.0,1260.0,3480.0,6909.0,0.0,6279,0.0,1370.0,0.0,3660,0.0,0.0,3720.0,2066.0,23551,16276,1105.0,0.0,7900.0,15400,2460.0,0.0,4585.0,0.0
2130,1400.0,6481,880,0.0,0.0,920.0,22900.0,0.0,2666.0,1046.0,7340.0,865.0,1990,0.0,0.0,0.0,0.0,1240.0,3480.0,6750.0,0.0,6279,0.0,1362.0,0.0,3660,0.0,0.0,3720.0,2066.0,23050,16276,1127.0,0.0,7900.0,15400,2428.0,0.0,4585.0,0.0
2165,1400.0,6500,870,0.0,0.0,920.0,22469.0,0.0,2682.0,1024.0,7275.0,865.0,1950,0.0,0.0,0.0,0.0,1224.0,3480.0,6721.0,0.0,6300,0.0,1365.0,0.0,3600,0.0,0.0,3640.0,2120.0,23101,16210,1121.0,0.0,7870.0,15000,2428.0,0.0,4535.0,0.0
2145,1325.0,6537,850,0.0,0.0,900.0,22300.0,0.0,2706.0,1010.0,7205.0,856.0,1950,0.0,0.0,0.0,0.0,1200.0,3410.0,6578.0,0.0,6200,0.0,1380.0,0.0,3570,0.0,0.0,3591.0,2090.0,23050,16154,1120.0,0.0,7700.0,14500,2400.0,0.0,4300.0,0.0
2145,1260.0,6500,850,0.0,0.0,900.0,21900.0,0.0,2686.0,1010.0,7205.0,850.0,1950,0.0,0.0,0.0,0.0,1200.0,3416.0,6578.0,0.0,6200,0.0,1380.0,0.0,3601,0.0,0.0,3620.0,2025.0,23050,16044,1120.0,0.0,7698.0,14160,2400.0,0.0,4150.0,0.0
2145,1240.0,6500,850,0.0,0.0,925.0,21900.0,0.0,2686.0,1010.0,7205.0,840.0,1950,0.0,0.0,0.0,0.0,1200.0,3416.0,6578.0,0.0,6200,0.0,1380.0,0.0,3601,0.0,0.0,3620.0,2025.0,23050,16044,1120.0,0.0,7698.0,14160,2400.0,0.0,4150.0,0.0
2087,1240.0,6500,830,0.0,0.0,925.0,21900.0,0.0,2686.0,1010.0,7245.0,840.0,1957,0.0,0.0,0.0,0.0,1210.0,3416.0,6455.0,0.0,6200,0.0,1355.0,0.0,3601,0.0,0.0,3620.0,2025.0,23175,16044,1125.0,0.0,7698.0,14160,2400.0,0.0,4150.0,0.0
2075,1240.0,6538,825,0.0,0.0,925.0,22060.0,0.0,2751.0,980.0,7159.0,840.0,1965,0.0,0.0,0.0,0.0,1210.0,3426.0,6270.0,0.0,6080,0.0,1360.0,0.0,3598,0.0,0.0,3680.0,2000.0,23010,16187,1122.0,0.0,7605.0,14340,2400.0,0.0,4201.0,0.0
2050,1264.0,6513,825,0.0,0.0,910.0,21400.0,0.0,2726.0,990.0,7116.0,835.0,1986,0.0,0.0,0.0,0.0,1214.0,3418.0,6380.0,0.0,6180,0.0,1385.0,0.0,3560,0.0,0.0,3630.0,1970.0,23400,16101,1133.0,0.0,7426.0,14225,2374.0,0.0,4335.0,0.0
2050,1345.0,6563,825,0.0,0.0,910.0,21600.0,0.0,2726.0,995.0,7320.0,850.0,1972,0.0,0.0,0.0,0.0,1215.0,3436.0,6305.0,0.0,6288,0.0,1398.0,0.0,3560,0.0,0.0,3624.0,2040.0,23360,16176,1167.0,0.0,7520.0,14524,2350.0,0.0,4400.0,0.0
2043,1400.0,6686,820,0.0,0.0,900.0,21549.0,0.0,2827.0,998.0,7310.0,861.0,1959,0.0,0.0,0.0,0.0,1212.0,3480.0,6182.0,0.0,6290,0.0,1400.0,0.0,3590,0.0,0.0,3640.0,2050.0,23301,16373,1144.0,0.0,7800.0,15350,2400.0,0.0,4495.0,0.0
2053,1400.0,6638,830,0.0,0.0,910.0,21700.0,0.0,2787.0,988.0,7195.0,867.0,1950,0.0,0.0,0.0,0.0,1218.0,3443.0,6120.0,0.0,6200,0.0,1399.0,0.0,3576,0.0,0.0,3637.0,2050.0,23502,16176,1120.0,0.0,7700.0,15165,2400.0,0.0,4335.0,0.0
2150,1355.0,6500,825,0.0,0.0,920.0,21510.0,0.0,2787.0,989.0,7294.0,830.0,1964,0.0,0.0,0.0,0.0,1220.0,3443.0,6143.0,0.0,6100,0.0,1376.0,0.0,3584,0.0,0.0,3624.0,2000.0,23500,16154,1123.0,0.0,7655.0,15760,2350.0,0.0,4395.0,0.0
2150,1400.0,6538,820,0.0,0.0,925.0,21406.0,0.0,2747.0,985.0,7050.0,851.0,1955,0.0,0.0,0.0,0.0,1202.0,3443.0,6033.0,0.0,6240,0.0,1361.0,0.0,3580,0.0,0.0,3630.0,2000.0,23450,16133,1120.0,0.0,7650.0,15775,2340.0,0.0,4450.0,0.0
2165,1398.0,6498,820,0.0,0.0,930.0,21400.0,0.0,2751.0,975.0,7195.0,800.0,1951,0.0,0.0,0.0,0.0,1239.0,3385.0,6094.0,0.0,6350,0.0,1361.0,0.0,3626,0.0,0.0,3730.0,1980.0,23700,16044,1124.0,0.0,7510.0,15938,2344.0,0.0,4401.0,0.0
2160,1410.0,6500,848,0.0,0.0,915.0,21511.0,0.0,2748.0,971.0,7195.0,749.0,1947,0.0,0.0,0.0,0.0,1222.0,3407.0,6098.0,0.0,6335,0.0,1366.0,0.0,3704,0.0,0.0,3758.0,1980.0,23650,16099,1108.0,0.0,7499.0,15530,2315.0,0.0,4500.0,0.0
2165,1415.0,6444,860,0.0,0.0,915.0,21500.0,0.0,2785.0,966.0,7170.0,752.0,1950,0.0,0.0,0.0,0.0,1212.0,3362.0,5923.0,0.0,6270,0.0,1370.0,0.0,3740,0.0,0.0,3800.0,1980.0,24000,16165,1097.0,0.0,7424.0,15630,2320.0,0.0,4450.0,0.0
2199,1400.0,6456,855,0.0,0.0,925.0,21300.0,0.0,2747.0,950.0,7215.0,750.0,1952,0.0,0.0,0.0,0.0,1205.0,3366.0,5812.0,0.0,6170,0.0,1370.0,0.0,3736,0.0,0.0,3820.0,1950.0,24120,16155,1092.0,0.0,7480.0,15590,2390.0,0.0,4350.0,0.0
2170,1420.0,6475,875,0.0,0.0,920.0,21445.0,0.0,2746.0,955.0,7207.0,745.0,1944,0.0,0.0,0.0,0.0,1223.0,3352.0,5852.0,0.0,6035,0.0,1374.0,0.0,3562,0.0,0.0,3760.0,1960.0,24800,15758,1122.0,0.0,7280.0,15080,2396.0,0.0,4230.0,0.0
2185,1420.0,6600,885,0.0,0.0,915.0,21649.0,0.0,2665.0,972.0,7220.0,750.0,1950,0.0,0.0,0.0,0.0,1236.0,3370.0,5905.0,0.0,6193,0.0,1371.0,0.0,3580,0.0,0.0,3640.0,1960.0,24400,16045,1118.0,0.0,7270.0,14850,2380.0,0.0,4215.0,0.0
2160,1420.0,6575,870,0.0,0.0,921.0,21450.0,0.0,2605.0,985.0,7284.0,750.0,1916,0.0,0.0,0.0,0.0,1172.0,3381.0,5808.0,0.0,6201,0.0,1360.0,0.0,3600,0.0,0.0,3680.0,1965.0,24000,16016,1122.0,0.0,7400.0,14370,2390.0,0.0,4340.0,0.0
2195,1360.0,6388,869,0.0,0.0,925.0,21150.0,0.0,2599.0,980.0,7495.0,756.0,1974,0.0,0.0,0.0,0.0,1166.0,3402.0,5944.0,0.0,6160,0.0,1375.0,0.0,3580,0.0,0.0,3600.0,1952.0,24900,15593,1126.0,0.0,7301.0,14220,2380.0,0.0,4350.0,0.0
2175,1400.0,6450,870,0.0,0.0,890.0,21300.0,0.0,2553.0,990.0,7520.0,740.0,1978,0.0,0.0,0.0,0.0,1180.0,3407.0,6003.0,0.0,6130,0.0,1379.0,0.0,3580,0.0,0.0,3626.0,1960.0,25100,15505,1109.0,0.0,7440.0,14450,2350.0,0.0,4359.0,0.0
2183,1395.0,6450,865,0.0,0.0,900.0,21720.0,0.0,2545.0,998.0,7395.0,740.0,1950,0.0,0.0,0.0,0.0,1160.0,3388.0,5848.0,0.0,6035,0.0,1370.0,0.0,3580,0.0,0.0,3640.0,1980.0,24400,15275,1125.0,0.0,7470.0,14450,2381.0,0.0,4240.0,0.0
2201,1396.0,6313,870,0.0,0.0,920.0,21100.0,0.0,2504.0,987.0,7205.0,750.0,1914,0.0,0.0,0.0,0.0,1150.0,3413.0,5808.0,0.0,6121,0.0,1375.0,0.0,3580,0.0,0.0,3632.0,2000.0,24800,15000,1105.0,0.0,7370.0,14299,2390.0,0.0,4209.0,0.0
2220,1365.0,6300,870,0.0,0.0,915.0,20700.0,0.0,2545.0,970.0,7195.0,760.0,1919,0.0,0.0,0.0,0.0,1165.0,3425.0,5482.0,0.0,6150,0.0,1375.0,0.0,3600,0.0,0.0,3685.0,1990.0,25000,14946,1109.0,0.0,7300.0,14370,2390.0,0.0,4215.0,0.0
2199,1360.0,6319,855,0.0,0.0,920.0,20027.0,0.0,2520.0,953.0,7357.0,765.0,1934,0.0,0.0,0.0,0.0,1170.0,3396.0,5430.0,0.0,6201,0.0,1380.0,0.0,3552,0.0,0.0,3660.0,1999.0,24900,15055,1139.0,0.0,7320.0,14750,2380.0,0.0,4160.0,0.0
2199,1360.0,6388,855,0.0,0.0,989.0,20770.0,0.0,2545.0,975.0,7357.0,770.0,1934,0.0,0.0,0.0,0.0,1170.0,3370.0,5430.0,0.0,6380,0.0,1380.0,0.0,3590,0.0,0.0,3660.0,1982.0,24900,14989,1139.0,0.0,7495.0,14700,2394.0,0.0,4199.0,0.0
2200,1370.0,6388,849,0.0,0.0,940.0,20770.0,0.0,2545.0,975.0,7195.0,770.0,1908,0.0,0.0,0.0,0.0,1128.0,3370.0,5223.0,0.0,6380,0.0,1380.0,0.0,3590,0.0,0.0,3660.0,1982.0,23900,14989,1105.0,0.0,7495.0,14700,2390.0,0.0,4199.0,0.0
2220,1370.0,6225,850,0.0,0.0,940.0,19450.0,0.0,2431.0,982.0,7313.0,770.0,1916,0.0,0.0,0.0,0.0,1149.0,3370.0,5368.0,0.0,6139,0.0,1399.0,0.0,3410,0.0,0.0,3570.0,2000.0,23900,14495,1101.0,0.0,7460.0,14100,2390.0,0.0,4180.0,0.0
2220,1300.0,6313,850,0.0,0.0,902.0,19500.0,0.0,2424.0,965.0,7313.0,760.0,1916,0.0,0.0,0.0,0.0,1149.0,3352.0,5368.0,0.0,6073,0.0,1399.0,0.0,3500,0.0,0.0,3564.0,2000.0,23900,14725,1101.0,0.0,7500.0,14300,2395.0,0.0,4310.0,0.0
2220,1300.0,6313,845,0.0,0.0,910.0,19500.0,0.0,2424.0,965.0,7395.0,768.0,1925,0.0,0.0,0.0,0.0,1160.0,3352.0,5269.0,0.0,6073,0.0,1390.0,0.0,3500,0.0,0.0,3564.0,2000.0,24100,14725,1119.0,0.0,7500.0,14300,2390.0,0.0,4310.0,0.0
2260,1300.0,6456,840,0.0,0.0,910.0,19750.0,0.0,2444.0,975.0,7395.0,768.0,1922,0.0,0.0,0.0,0.0,1144.0,3370.0,5192.0,0.0,6298,0.0,1405.0,0.0,3490,0.0,0.0,3578.0,2033.0,24025,14973,1139.0,0.0,7500.0,14449,2390.0,0.0,4303.0,0.0
2326,1345.0,6438,848,0.0,0.0,918.0,19695.0,0.0,2472.0,980.0,7565.0,771.0,1936,0.0,0.0,0.0,0.0,1150.0,3432.0,5100.0,0.0,6310,0.0,1440.0,0.0,3502,0.0,0.0,3580.0,2060.0,23680,14758,1157.0,0.0,7500.0,14500,2390.0,0.0,4336.0,0.0
2430,1345.0,6263,862,0.0,0.0,920.0,19700.0,0.0,2497.0,997.0,7585.0,785.0,1986,0.0,0.0,0.0,0.0,1191.0,3432.0,5117.0,0.0,6450,0.0,1481.0,0.0,3510,0.0,0.0,3600.0,2150.0,23750,14890,1177.0,0.0,7645.0,14797,2375.0,0.0,4350.0,0.0
2500,1440.0,6338,885,0.0,0.0,910.0,19270.0,0.0,2581.0,1010.0,7575.0,800.0,2002,0.0,0.0,0.0,0.0,1215.0,3458.0,5368.0,0.0,6501,0.0,1480.0,0.0,3560,0.0,0.0,3610.0,2165.0,24200,15247,1190.0,0.0,7680.0,15005,2375.0,0.0,4379.0,0.0
2486,1440.0,6450,875,0.0,0.0,930.0,19679.0,0.0,2646.0,1050.0,7618.0,800.0,1981,0.0,0.0,0.0,0.0,1187.0,3553.0,5443.0,0.0,6601,0.0,1450.0,0.0,3560,0.0,0.0,3672.0,2216.0,24455,15473,1182.0,0.0,7737.0,15425,2400.0,0.0,4440.0,0.0
2460,1450.0,6525,874,0.0,0.0,930.0,20005.0,0.0,2637.0,1042.0,7900.0,800.0,1986,0.0,0.0,0.0,0.0,1194.0,3517.0,5359.0,0.0,6555,0.0,1450.0,0.0,3533,0.0,0.0,3650.0,2220.0,24600,15255,1200.0,0.0,7670.0,15425,2427.0,0.0,4535.0,0.0
2445,1450.0,6563,868,0.0,0.0,926.0,19650.0,0.0,2545.0,1039.0,8095.0,780.0,1986,0.0,0.0,0.0,0.0,1182.0,3531.0,5430.0,0.0,6481,0.0,1450.0,0.0,3540,0.0,0.0,3604.0,2210.0,25200,15233,1174.0,0.0,7670.0,15800,2396.0,0.0,4610.0,0.0
2423,1500.0,6625,868,0.0,0.0,905.0,19800.0,0.0,2504.0,1050.0,7845.0,760.0,1951,0.0,0.0,0.0,0.0,1173.0,3538.0,5412.0,0.0,6395,0.0,1450.0,0.0,3559,0.0,0.0,3640.0,2180.0,24961,15493,1183.0,0.0,7600.0,15540,2375.0,0.0,4610.0,0.0
2390,1490.0,6625,854,0.0,0.0,950.0,19305.0,0.0,2423.0,1045.0,7745.0,775.0,1964,0.0,0.0,0.0,0.0,1174.0,3539.0,5402.0,0.0,6353,0.0,1460.0,0.0,3510,0.0,0.0,3609.0,2150.0,25701,15060,1192.0,0.0,7535.0,15150,2400.0,0.0,4601.0,0.0
2385,1450.0,6750,855,0.0,0.0,990.0,19740.0,0.0,2343.0,1050.0,7765.0,771.0,1950,0.0,0.0,0.0,0.0,1160.0,3681.0,5545.0,0.0,6470,0.0,1481.0,0.0,3510,0.0,0.0,3620.0,2100.0,25900,15466,1162.0,0.0,7566.0,15246,2400.0,0.0,4575.0,0.0
2420,1500.0,6776,848,0.0,0.0,970.0,20450.0,0.0,2379.0,1052.0,7795.0,775.0,1970,0.0,0.0,0.0,0.0,1180.0,3674.0,5888.0,0.0,6370,0.0,1470.0,0.0,3480,0.0,0.0,3604.0,2125.0,25700,15703,1170.0,0.0,7530.0,15351,2400.0,0.0,4500.0,0.0
2420,1460.0,6713,850,0.0,0.0,1020.0,20875.0,0.0,2403.0,1045.0,7795.0,775.0,1982,0.0,0.0,0.0,0.0,1183.0,3610.0,5615.0,0.0,6485,0.0,1430.0,0.0,3640,0.0,0.0,3698.0,2150.0,25400,16266,1175.0,0.0,7760.0,15465,2375.0,0.0,4560.0,0.0
2400,1460.0,6563,847,0.0,0.0,1025.0,20331.0,0.0,2504.0,1040.0,8195.0,770.0,1995,0.0,0.0,0.0,0.0,1164.0,3648.0,5622.0,0.0,6530,0.0,1450.0,0.0,3760,0.0,0.0,3835.0,2140.0,25755,16154,1190.0,0.0,7699.0,15311,2380.0,0.0,4630.0,0.0
2390,1445.0,6650,845,0.0,0.0,1010.0,20500.0,0.0,2529.0,1047.0,8304.0,755.0,2023,0.0,0.0,0.0,0.0,1167.0,3626.0,5834.0,0.0,6580,0.0,1476.0,0.0,3731,0.0,0.0,3820.0,2200.0,26101,16813,1156.0,0.0,7600.0,15750,2352.0,0.0,4738.0,0.0
2395,1420.0,6775,848,0.0,0.0,1011.0,20700.0,0.0,2517.0,1060.0,8374.0,755.0,2009,0.0,0.0,0.0,0.0,1156.0,3711.0,5909.0,0.0,6515,0.0,1480.0,0.0,3700,0.0,0.0,3790.0,2200.0,26599,16907,1160.0,0.0,7550.0,16200,2365.0,0.0,4779.0,0.0
2400,1480.0,6939,865,0.0,0.0,1020.0,20661.0,0.0,2561.0,1063.0,8324.0,750.0,2009,0.0,0.0,0.0,0.0,1155.0,3645.0,6080.0,0.0,6400,0.0,1440.0,0.0,3680,0.0,0.0,3780.0,2235.0,27100,17176,1182.0,0.0,7560.0,16131,2365.0,0.0,4670.0,0.0
2390,1479.0,6950,874,0.0,0.0,1038.0,20802.0,0.0,2528.0,1065.0,8494.0,750.0,2034,0.0,0.0,0.0,0.0,1147.0,3681.0,6222.0,0.0,6440,0.0,1440.0,0.0,3698,0.0,0.0,3790.0,2222.0,27600,16681,1179.0,0.0,7550.0,16130,2370.0,0.0,4725.0,0.0
2430,1480.0,7150,880,0.0,0.0,1027.0,21427.0,0.0,2585.0,1065.0,8794.0,750.0,2019,0.0,0.0,0.0,0.0,1139.0,3718.0,6411.0,0.0,6441,0.0,1440.0,0.0,3720,0.0,0.0,3833.0,2230.0,28500,17374,1178.0,0.0,7550.0,16920,2360.0,0.0,4752.0,0.0
2450,1500.0,7225,870,0.0,0.0,1032.0,21700.0,0.0,2666.0,1075.0,8754.0,760.0,2011,0.0,0.0,0.0,0.0,1139.0,3755.0,6774.0,0.0,6471,0.0,1440.0,0.0,3840,0.0,0.0,3930.0,2230.0,28900,17495,1177.0,0.0,7600.0,16900,2380.0,0.0,4680.0,0.0
2490,1525.0,7231,870,0.0,0.0,1040.0,23000.0,0.0,2746.0,1065.0,8344.0,760.0,1939,0.0,0.0,0.0,0.0,1120.0,3828.0,6513.0,0.0,6499,0.0,1410.0,0.0,3800,0.0,0.0,3886.0,2220.0,29201,17912,1163.0,0.0,7670.0,17100,2400.0,0.0,4685.0,0.0
2436,1555.0,7126,860,0.0,0.0,1059.0,22599.0,0.0,2706.0,1041.0,8196.0,760.0,1963,0.0,0.0,0.0,0.0,1080.0,3811.0,6820.0,0.0,6194,0.0,1386.0,0.0,3900,0.0,0.0,4000.0,2200.0,29600,17714,1135.0,0.0,7580.0,16810,2362.0,0.0,4485.0,0.0
2440,1555.0,7213,851,0.0,0.0,1070.0,23801.0,0.0,2666.0,1010.0,8409.0,750.0,1992,0.0,0.0,0.0,0.0,1102.0,3810.0,6855.0,0.0,6140,0.0,1400.0,0.0,3960,0.0,0.0,4040.0,2200.0,29600,18044,1135.0,0.0,7450.0,16905,2360.0,0.0,4381.0,0.0
2420,1550.0,7275,850,0.0,0.0,1085.0,24005.0,0.0,2666.0,1020.0,8573.0,700.0,2026,0.0,0.0,0.0,0.0,1122.0,3835.0,6402.0,0.0,6200,0.0,1400.0,0.0,4010,0.0,0.0,4082.0,2200.0,29000,18143,1169.0,0.0,7500.0,16950,2340.0,0.0,4430.0,0.0
2419,1525.0,7200,862,0.0,0.0,1090.0,23775.0,0.0,2629.0,1020.0,8614.0,725.0,2076,0.0,0.0,0.0,0.0,1139.0,3846.0,6354.0,0.0,6456,0.0,1400.0,0.0,4012,0.0,0.0,4120.0,2165.0,28700,18000,1199.0,0.0,7564.0,17020,2365.0,0.0,4552.0,0.0
2414,1545.0,7163,867,0.0,0.0,1099.0,23294.0,0.0,2585.0,1047.0,8574.0,750.0,2078,0.0,0.0,0.0,0.0,1140.0,3919.0,5984.0,0.0,6570,0.0,1400.0,0.0,4060,0.0,0.0,4100.0,2250.0,27800,17797,1227.0,0.0,7849.0,17590,2375.0,0.0,4655.0,0.0
2409,1505.0,7013,880,0.0,0.0,1115.0,22479.0,0.0,2436.0,1060.0,8319.0,744.0,2062,0.0,0.0,0.0,0.0,1110.0,3908.0,6037.0,0.0,6600,0.0,1415.0,0.0,4056,0.0,0.0,4140.0,2275.0,27045,17423,1228.0,0.0,7790.0,17300,2360.0,0.0,4640.0,0.0
2399,1530.0,7038,886,0.0,0.0,1120.0,22500.0,0.0,2415.0,1031.0,8194.0,760.0,2020,0.0,0.0,0.0,0.0,1103.0,3857.0,6029.0,0.0,6600,0.0,1415.0,0.0,4044,0.0,0.0,4190.0,2380.0,28000,17670,1216.0,0.0,7750.0,17175,2385.0,0.0,4680.0,0.0
2390,1535.0,7144,895,0.0,0.0,1120.0,22390.0,0.0,2421.0,1027.0,8165.0,760.0,2048,0.0,0.0,0.0,0.0,1105.0,3898.0,6147.0,0.0,6530,0.0,1415.0,0.0,4040,0.0,0.0,4120.0,2525.0,27450,17857,1236.0,0.0,7800.0,17525,2375.0,0.0,4498.0,0.0
2390,1565.0,7250,895,0.0,0.0,1130.0,22505.0,0.0,2466.0,1020.0,8414.0,754.0,2071,0.0,0.0,0.0,0.0,1130.0,4011.0,6512.0,0.0,6513,0.0,1415.0,0.0,4027,0.0,0.0,4160.0,2500.0,28499,17775,1199.0,0.0,7790.0,17906,2385.0,0.0,4352.0,0.0
2390,1570.0,7375,890,0.0,0.0,1150.0,23995.0,0.0,2460.0,1025.0,8404.0,750.0,2090,0.0,0.0,0.0,0.0,1153.0,4029.0,6482.0,0.0,6450,0.0,1410.0,0.0,4140,0.0,0.0,4240.0,2460.0,28990,18131,1186.0,0.0,7850.0,18591,2400.0,0.0,4290.0,0.0
2330,1550.0,7344,891,0.0,0.0,1135.0,23880.0,0.0,2403.0,1024.0,8384.0,760.0,2086,0.0,0.0,0.0,0.0,1155.0,3943.0,6380.0,0.0,6430,0.0,1390.0,0.0,4155,0.0,0.0,4270.0,2450.0,29298,18165,1224.0,0.0,7800.0,18500,2410.0,0.0,4356.0,0.0
2330,1550.0,7388,891,0.0,0.0,1140.0,23749.0,0.0,2474.0,1010.0,8384.0,760.0,2086,0.0,0.0,0.0,0.0,1155.0,3908.0,6380.0,0.0,6550,0.0,1390.0,0.0,4080,0.0,0.0,4261.0,2450.0,29298,17885,1224.0,0.0,7849.0,18560,2360.0,0.0,4442.0,0.0
2390,1550.0,7388,875,0.0,0.0,1140.0,23749.0,0.0,2474.0,1010.0,8394.0,761.0,2089,0.0,0.0,0.0,0.0,1144.0,3908.0,6503.0,0.0,6550,0.0,1410.0,0.0,4080,0.0,0.0,4261.0,2450.0,28998,17885,1235.0,0.0,7849.0,18560,2445.0,0.0,4442.0,0.0
2390,1550.0,7394,875,0.0,0.0,1140.0,23768.0,0.0,2526.0,1024.0,8444.0,761.0,2090,0.0,0.0,0.0,0.0,1160.0,3879.0,6406.0,0.0,6462,0.0,1410.0,0.0,4269,0.0,0.0,4360.0,2439.0,28700,18049,1232.0,0.0,7965.0,18900,2445.0,0.0,4460.0,0.0
2389,1565.0,7350,876,0.0,0.0,1155.0,23580.0,0.0,2520.0,1035.0,8404.0,765.0,2073,0.0,0.0,0.0,0.0,1175.0,3974.0,6333.0,0.0,6480,0.0,1405.0,0.0,4340,0.0,0.0,4391.0,2450.0,28385,18077,1233.0,0.0,8020.0,18400,2430.0,0.0,4390.0,0.0
2395,1576.0,7163,888,0.0,0.0,1130.0,23051.0,0.0,2444.0,1029.0,8644.0,750.0,2042,0.0,0.0,0.0,0.0,1172.0,3919.0,6249.0,0.0,6490,0.0,1405.0,0.0,4360,0.0,0.0,4412.0,2490.0,28610,17890,1232.0,0.0,7910.0,18400,2430.0,0.0,4600.0,0.0
2395,1597.0,7163,895,0.0,0.0,1153.0,22651.0,0.0,2343.0,1023.0,8697.0,760.0,2048,0.0,0.0,0.0,0.0,1194.0,3919.0,6428.0,0.0,6501,0.0,1420.0,0.0,4300,0.0,0.0,4341.0,2480.0,29150,17637,1216.0,0.0,7890.0,18505,2430.0,0.0,4700.0,0.0
2400,1600.0,7275,895,0.0,0.0,1151.0,23400.0,0.0,2333.0,1025.0,8844.0,745.0,2013,0.0,0.0,0.0,0.0,1170.0,3879.0,6553.0,0.0,6449,0.0,1415.0,0.0,4240,0.0,0.0,4362.0,2490.0,29100,17637,1182.0,0.0,7740.0,18050,2430.0,0.0,4617.0,0.0
2400,1600.0,7375,895,0.0,0.0,1177.0,23700.0,0.0,2221.0,1025.0,8610.0,740.0,2020,0.0,0.0,0.0,0.0,1155.0,3788.0,6389.0,0.0,6425,0.0,1415.0,0.0,4082,0.0,0.0,4221.0,2300.0,29200,17203,1179.0,0.0,7575.0,17500,2440.0,0.0,4510.0,0.0
2395,1632.0,7500,900,0.0,0.0,1220.0,23605.0,0.0,2221.0,1030.0,8544.0,745.0,2009,0.0,0.0,0.0,0.0,1157.0,3758.0,6266.0,0.0,6500,0.0,1410.0,0.0,3939,0.0,0.0,4064.0,2239.0,29100,17242,1203.0,0.0,7575.0,17496,2405.0,0.0,4376.0,0.0
2400,1630.0,7563,906,0.0,0.0,1220.0,23525.0,0.0,2221.0,1048.0,8245.0,745.0,2014,0.0,0.0,0.0,0.0,1170.0,3799.0,6565.0,0.0,6460,0.0,1445.0,0.0,3920,0.0,0.0,4042.0,2200.0,29905,17033,1209.0,0.0,7550.0,17850,2400.0,0.0,4400.0,0.0
2380,1650.0,7561,906,0.0,0.0,1230.0,24299.0,0.0,2302.0,1060.0,8294.0,771.0,2040,0.0,0.0,0.0,0.0,1174.0,3846.0,6706.0,0.0,6510,0.0,1465.0,0.0,3920,0.0,0.0,4082.0,2199.0,29800,17297,1179.0,0.0,7500.0,18075,2410.0,0.0,4410.0,0.0
2370,1700.0,7463,903,0.0,0.0,1270.0,23950.0,0.0,2351.0,1050.0,8294.0,801.0,2045,0.0,0.0,0.0,0.0,1198.0,3854.0,6776.0,0.0,6465,0.0,1426.0,0.0,3970,0.0,0.0,4150.0,2200.0,30000,17231,1182.0,0.0,7439.0,18080,2420.0,0.0,4425.0,0.0
2365,1701.0,7438,895,0.0,0.0,1260.0,24140.0,0.0,2452.0,1030.0,8399.0,790.0,2047,0.0,0.0,0.0,0.0,1162.0,3792.0,6926.0,0.0,6520,0.0,1430.0,0.0,4040,0.0,0.0,4190.0,2200.0,30401,17462,1187.0,0.0,7344.0,18300,2430.0,0.0,4400.0,0.0
2385,1670.0,7436,906,0.0,0.0,1260.0,24320.0,0.0,2436.0,1043.0,8515.0,780.0,2067,0.0,0.0,0.0,0.0,1175.0,3810.0,6926.0,0.0,6470,0.0,1475.0,0.0,4040,0.0,0.0,4202.0,2200.0,30210,17648,1187.0,0.0,7398.0,18590,2410.0,0.0,4430.0,0.0
2400,1700.0,7435,910,0.0,0.0,1275.0,24401.0,0.0,2457.0,1041.0,8696.0,765.0,2071,0.0,0.0,0.0,0.0,1175.0,3848.0,6820.0,0.0,6423,0.0,1460.0,0.0,4090,0.0,0.0,4240.0,2180.0,30200,17462,1183.0,0.0,7415.0,19000,2420.0,0.0,4437.0,0.0
2400,1700.0,7425,910,0.0,0.0,1255.0,24601.0,0.0,2436.0,1049.0,8694.0,781.0,2079,0.0,0.0,0.0,0.0,1150.0,3892.0,6934.0,0.0,6499,0.0,1475.0,0.0,4060,0.0,0.0,4226.0,2174.0,30300,17379,1190.0,0.0,7530.0,18850,2430.0,0.0,4473.0,0.0
2435,1710.0,7375,926,0.0,0.0,1270.0,24630.0,0.0,2379.0,1050.0,8709.0,790.0,2104,0.0,0.0,0.0,0.0,1152.0,3919.0,6951.0,0.0,6500,0.0,1480.0,0.0,4020,0.0,0.0,4200.0,2167.0,30900,17005,1184.0,0.0,7625.0,19325,2430.0,0.0,4474.0,0.0
2550,1700.0,7444,920,0.0,0.0,1305.0,24600.0,0.0,2444.0,1050.0,8804.0,785.0,2133,0.0,0.0,0.0,0.0,1160.0,3938.0,6952.0,0.0,6410,0.0,1529.0,0.0,4160,0.0,0.0,4325.0,2168.0,31705,17363,1210.0,0.0,7650.0,19624,2459.0,0.0,4470.0,0.0
2660,1680.0,7538,942,0.0,0.0,1360.0,24380.0,0.0,2442.0,1050.0,8978.0,785.0,2188,0.0,0.0,0.0,0.0,1185.0,3938.0,6754.0,0.0,6495,0.0,1566.0,0.0,4120,0.0,0.0,4261.0,2140.0,30700,17290,1267.0,0.0,7655.0,19450,2470.0,0.0,4698.0,0.0
2610,1725.0,7500,968,0.0,0.0,1460.0,24219.0,0.0,2456.0,1050.0,9394.0,795.0,2197,0.0,0.0,0.0,0.0,1191.0,3934.0,6868.0,0.0,6600,0.0,1555.0,0.0,4116,0.0,0.0,4168.0,2150.0,30000,16891,1276.0,0.0,7830.0,19720,2470.0,0.0,4820.0,0.0
2680,1750.0,7488,965,0.0,0.0,1450.0,24449.0,0.0,2587.0,1081.0,9371.0,800.0,2208,0.0,0.0,0.0,0.0,1208.0,3904.0,6710.0,0.0,6831,0.0,1530.0,0.0,4050,0.0,0.0,4220.0,2180.0,30200,17104,1314.0,0.0,8105.0,20599,2480.0,0.0,4863.0,0.0
2719,1720.0,7575,955,0.0,0.0,1401.0,24330.0,0.0,2747.0,1110.0,9395.0,800.0,2243,0.0,0.0,0.0,0.0,1200.0,3945.0,6423.0,0.0,7050,0.0,1529.0,0.0,4040,0.0,0.0,4204.0,2180.0,29861,17247,1258.0,0.0,8249.0,20210,2490.0,0.0,4960.0,0.0
2725,1750.0,7631,945,0.0,0.0,1395.0,24000.0,0.0,2747.0,1110.0,9244.0,800.0,2243,0.0,0.0,0.0,0.0,1195.0,4033.0,6468.0,0.0,7000,0.0,1500.0,0.0,4040,0.0,0.0,4200.0,2150.0,30400,17033,1288.0,0.0,8270.0,20200,2515.0,0.0,5070.0,0.0
2800,1769.0,7650,935,0.0,0.0,1385.0,23824.0,0.0,2787.0,1110.0,9134.0,800.0,2250,0.0,0.0,0.0,0.0,1183.0,4103.0,6457.0,0.0,7000,0.0,1485.0,0.0,4160,0.0,0.0,4274.0,2120.0,30500,17165,1318.0,0.0,8450.0,20000,2490.0,0.0,5000.0,0.0
2775,1770.0,7725,942,0.0,0.0,1390.0,23650.0,0.0,2797.0,1110.0,8993.0,800.0,2274,0.0,0.0,0.0,0.0,1190.0,4139.0,6486.0,0.0,7000,0.0,1494.0,0.0,4277,0.0,0.0,4380.0,2075.0,30150,16923,1312.0,0.0,8449.0,20225,2495.0,0.0,4855.0,0.0
2800,1790.0,7660,928,0.0,0.0,1400.0,23803.0,0.0,2715.0,1109.0,9064.0,800.0,2357,0.0,0.0,0.0,0.0,1192.0,4194.0,6345.0,0.0,7190,0.0,1510.0,0.0,4235,0.0,0.0,4312.0,2110.0,30295,16978,1313.0,0.0,8430.0,19600,2525.0,0.0,4950.0,0.0
2840,1848.0,7662,927,0.0,0.0,1410.0,23199.0,0.0,2749.0,1151.0,9229.0,805.0,2317,0.0,0.0,0.0,0.0,1181.0,4242.0,6415.0,0.0,7150,0.0,1569.0,0.0,4200,0.0,0.0,4260.0,2120.0,30300,17363,1335.0,0.0,8300.0,19050,2520.0,0.0,5005.0,0.0
2840,1875.0,7688,935,0.0,0.0,1400.0,23900.0,0.0,2825.0,1155.0,9294.0,810.0,2357,0.0,0.0,0.0,0.0,1192.0,4194.0,6433.0,0.0,7250,0.0,1540.0,0.0,4200,0.0,0.0,4222.0,2110.0,30800,17681,1345.0,0.0,8350.0,19140,2545.0,0.0,5000.0,0.0
2845,1910.0,7687,930,0.0,0.0,1395.0,23849.0,0.0,2827.0,1168.0,9293.0,825.0,2317,0.0,0.0,0.0,0.0,1190.0,4169.0,6254.0,0.0,7220,0.0,1540.0,0.0,4100,0.0,0.0,4220.0,2080.0,30010,17890,1326.0,0.0,8400.0,19520,2570.0,0.0,4890.0,0.0
2829,1800.0,7688,925,0.0,0.0,1393.0,23299.0,0.0,2823.0,1130.0,9393.0,830.0,2329,0.0,0.0,0.0,0.0,1210.0,4068.0,6247.0,0.0,7200,0.0,1560.0,0.0,4080,0.0,0.0,4200.0,2110.0,30000,17934,1352.0,0.0,8410.0,19300,2620.0,0.0,4860.0,0.0
2806,1899.0,7700,938,0.0,0.0,1400.0,22729.0,0.0,2799.0,1141.0,9665.0,845.0,2335,0.0,0.0,0.0,0.0,1254.0,4136.0,6345.0,0.0,7200,0.0,1565.0,0.0,4120,0.0,0.0,4220.0,2150.0,29000,18022,1377.0,0.0,8530.0,19465,2696.0,0.0,4900.0,0.0
2830,1845.0,7713,940,0.0,0.0,1395.0,22800.0,0.0,2799.0,1176.0,9599.0,850.0,2334,0.0,0.0,0.0,0.0,1235.0,4213.0,6335.0,0.0,7225,0.0,1590.0,0.0,4120,0.0,0.0,4250.0,2160.0,29200,18132,1347.0,0.0,8660.0,19601,2685.0,0.0,4730.0,0.0
2870,1915.0,7606,960,0.0,0.0,1370.0,22703.0,0.0,2827.0,1164.0,9694.0,855.0,2370,0.0,0.0,0.0,0.0,1265.0,4275.0,6160.0,0.0,7070,0.0,1595.0,0.0,4180,0.0,0.0,4260.0,2121.0,29000,18214,1364.0,0.0,8500.0,19625,2700.0,0.0,4647.0,0.0
2860,1900.0,7488,960,0.0,0.0,1320.0,22524.0,0.0,2961.0,1177.0,9804.0,860.0,2398,0.0,0.0,0.0,0.0,1236.0,4264.0,6160.0,0.0,7294,0.0,1605.0,0.0,4270,0.0,0.0,4358.0,2080.0,29000,17974,1386.0,0.0,8600.0,19900,2740.0,0.0,4755.0,0.0
2890,1890.0,7563,968,0.0,0.0,1340.0,22450.0,0.0,2961.0,1200.0,9774.0,860.0,2359,0.0,0.0,0.0,0.0,1259.0,4306.0,6187.0,0.0,7430,0.0,1650.0,0.0,4375,0.0,0.0,4430.0,2120.0,29800,18078,1373.0,0.0,8670.0,20255,2750.0,0.0,4849.0,0.0
2860,1890.0,7738,965,0.0,0.0,1335.0,22600.0,0.0,3029.0,1195.0,9893.0,900.0,2357,0.0,0.0,0.0,0.0,1295.0,4319.0,6426.0,0.0,7490,0.0,1670.0,0.0,4375,0.0,0.0,4444.0,2100.0,30700,18516,1362.0,0.0,8600.0,20530,2786.0,0.0,4849.0,0.0
2840,1860.0,7858,950,0.0,0.0,1345.0,23045.0,0.0,3130.0,1190.0,9873.0,890.0,2344,0.0,0.0,0.0,0.0,1270.0,4399.0,6389.0,0.0,7451,0.0,1630.0,0.0,4410,0.0,0.0,4480.0,2100.0,29900,18511,1377.0,0.0,8605.0,20150,2776.0,0.0,4965.0,0.0
2850,1851.0,7863,960,0.0,0.0,1350.0,22559.0,0.0,3130.0,1180.0,9951.0,870.0,2329,0.0,0.0,0.0,0.0,1267.0,4359.0,6219.0,0.0,7390,0.0,1630.0,0.0,4360,0.0,0.0,4440.0,2065.0,30299,18681,1411.0,0.0,8640.0,19902,2750.0,0.0,4966.0,0.0
2850,1910.0,7950,960,0.0,0.0,1390.0,22270.0,0.0,3110.0,1170.0,9951.0,860.0,2329,0.0,0.0,0.0,0.0,1267.0,4392.0,6219.0,0.0,7501,0.0,1630.0,0.0,4380,0.0,0.0,4460.0,2060.0,30299,18923,1411.0,0.0,8790.0,20400,2801.0,0.0,4950.0,0.0
2860,1920.0,7950,985,0.0,0.0,1390.0,22270.0,0.0,3110.0,1170.0,9963.0,863.0,2345,0.0,0.0,0.0,0.0,1309.0,4392.0,6073.0,0.0,7501,0.0,1661.0,0.0,4380,0.0,0.0,4460.0,2060.0,31000,18923,1438.0,0.0,8790.0,20400,2820.0,0.0,4950.0,0.0
2850,1920.0,7888,985,0.0,0.0,1390.0,21951.0,0.0,3171.0,1180.0,9923.0,863.0,2329,0.0,0.0,0.0,0.0,1322.0,4489.0,6226.0,0.0,7700,0.0,1640.0,0.0,4505,0.0,0.0,4579.0,2179.0,31350,18479,1441.0,0.0,9175.0,20999,2820.0,0.0,4970.0,0.0
2855,1920.0,7813,980,0.0,0.0,1364.0,22051.0,0.0,3231.0,1160.0,10239.0,865.0,2323,0.0,0.0,0.0,0.0,1316.0,4396.0,6486.0,0.0,7580,0.0,1680.0,0.0,4440,0.0,0.0,4540.0,2150.0,32000,18484,1429.0,0.0,9100.0,21500,2850.0,0.0,4920.0,0.0
2850,1900.0,7837,990,0.0,0.0,1320.0,23010.0,0.0,3231.0,1160.0,10718.0,850.0,2362,0.0,0.0,0.0,0.0,1331.0,4377.0,6721.0,0.0,7430,0.0,1620.0,0.0,4360,0.0,0.0,4500.0,2150.0,33350,18756,1410.0,0.0,8910.0,21800,2820.0,0.0,4866.0,0.0
2830,1880.0,7988,990,0.0,0.0,1335.0,23337.0,0.0,3251.0,1140.0,10393.0,850.0,2343,0.0,0.0,0.0,0.0,1335.0,4047.0,6706.0,0.0,7300,0.0,1630.0,0.0,4360,0.0,0.0,4508.0,2144.0,32999,18720,1401.0,0.0,8849.0,22050,2780.0,0.0,4905.0,0.0
2790,1900.0,7963,995,0.0,0.0,1325.0,23501.0,0.0,3274.0,1131.0,10319.0,830.0,2317,0.0,0.0,0.0,0.0,1327.0,4019.0,6596.0,0.0,7275,0.0,1595.0,0.0,4340,0.0,0.0,4502.0,2095.0,32350,18330,1363.0,0.0,8679.0,21611,2825.0,0.0,4899.0,0.0
2820,1900.0,7800,1035,0.0,0.0,1350.0,23520.0,0.0,3235.0,1110.0,10693.0,805.0,2357,0.0,0.0,0.0,0.0,1327.0,3960.0,6424.0,0.0,7064,0.0,1595.0,0.0,4260,0.0,0.0,4401.0,2115.0,32250,18110,1364.0,0.0,8552.0,21145,2770.0,0.0,4830.0,0.0
2830,1914.0,7703,1030,0.0,0.0,1350.0,23155.0,0.0,3272.0,1115.0,10943.0,810.0,2379,0.0,0.0,0.0,0.0,1331.0,4029.0,6415.0,0.0,7030,0.0,1615.0,0.0,4300,0.0,0.0,4460.0,2119.0,32174,18044,1380.0,0.0,8601.0,20511,2735.0,0.0,4799.0,0.0
2885,1880.0,7695,1029,0.0,0.0,1351.0,23310.0,0.0,3316.0,1150.0,10923.0,821.0,2398,0.0,0.0,0.0,0.0,1325.0,4095.0,6442.0,0.0,7141,0.0,1602.0,0.0,4320,0.0,0.0,4450.0,2150.0,31900,18109,1381.0,0.0,8800.0,20770,2776.0,0.0,4799.0,0.0
3000,1900.0,7877,1020,0.0,0.0,1350.0,23125.0,0.0,3423.0,1164.0,10503.0,840.0,2473,0.0,0.0,0.0,0.0,1335.0,4076.0,6381.0,0.0,7170,0.0,1600.0,0.0,4260,0.0,0.0,4400.0,2215.0,31800,18209,1393.0,0.0,8780.0,20800,2815.0,0.0,4750.0,0.0
2990,1900.0,7966,1015,0.0,0.0,1310.0,23090.0,0.0,3352.0,1160.0,10358.0,855.0,2458,0.0,0.0,0.0,0.0,1315.0,4084.0,6397.0,0.0,7100,0.0,1600.0,0.0,4240,0.0,0.0,4400.0,2200.0,31200,18187,1369.0,0.0,8700.0,20800,2817.0,0.0,4740.0,0.0
2980,1885.0,7913,1009,0.0,0.0,1320.0,22925.0,0.0,3324.0,1145.0,10403.0,862.0,2460,0.0,0.0,0.0,0.0,1311.0,3992.0,6213.0,0.0,7049,0.0,1600.0,0.0,4220,0.0,0.0,4350.0,2200.0,30470,17659,1348.0,0.0,8700.0,20835,2838.0,0.0,4700.0,0.0
2995,1846.0,7843,1010,0.0,0.0,1310.0,22875.0,0.0,3243.0,1156.0,9991.0,850.0,2462,0.0,0.0,0.0,0.0,1305.0,3974.0,6274.0,0.0,7070,0.0,1631.0,0.0,4147,0.0,0.0,4306.0,2240.0,29880,17590,1319.0,0.0,8750.0,20810,2850.0,0.0,4750.0,0.0
2980,1785.0,7789,1014,0.0,0.0,1301.0,22701.0,0.0,3280.0,1173.0,10093.0,826.0,2449,0.0,0.0,0.0,0.0,1306.0,3978.0,6326.0,0.0,6990,0.0,1605.0,0.0,4100,0.0,0.0,4286.0,2245.0,30500,17500,1313.0,0.0,8700.0,20589,2850.0,0.0,4615.0,0.0
2995,1751.0,7913,1004,0.0,0.0,1325.0,22995.0,0.0,3268.0,1161.0,10281.0,832.0,2427,0.0,0.0,0.0,0.0,1323.0,3949.0,6274.0,0.0,6999,0.0,1600.0,0.0,4030,0.0,0.0,4200.0,2210.0,30500,17297,1295.0,0.0,8665.0,20900,2850.0,0.0,4624.0,0.0
2998,1675.0,8088,1010,0.0,0.0,1311.0,22652.0,0.0,3264.0,1170.0,10393.0,840.0,2452,0.0,0.0,0.0,0.0,1327.0,3938.0,6486.0,0.0,6920,0.0,1605.0,0.0,4060,0.0,0.0,4233.0,2200.0,31050,17610,1292.0,0.0,8611.0,20850,2825.0,0.0,4615.0,0.0
3000,1720.0,8375,1015,0.0,0.0,1240.0,22650.0,0.0,3272.0,1155.0,10393.0,830.0,2489,0.0,0.0,0.0,0.0,1325.0,3883.0,6486.0,0.0,6950,0.0,1625.0,0.0,4070,0.0,0.0,4230.0,2200.0,32000,17802,1340.0,0.0,8789.0,21500,2820.0,0.0,4640.0,0.0
2995,1757.0,8625,1015,0.0,0.0,1250.0,22780.0,0.0,3332.0,1164.0,10543.0,810.0,2469,0.0,0.0,0.0,0.0,1340.0,3949.0,6424.0,0.0,6990,0.0,1648.0,0.0,4262,0.0,0.0,4410.0,2200.0,32002,17879,1373.0,0.0,8865.0,22823,2855.0,0.0,4710.0,0.0
2980,1760.0,8563,1015,0.0,0.0,1280.0,23000.0,0.0,3339.0,1165.0,10392.0,810.0,2449,0.0,0.0,0.0,0.0,1330.0,3956.0,6336.0,0.0,7200,0.0,1650.0,0.0,4490,0.0,0.0,4570.0,2200.0,31501,18077,1368.0,0.0,9148.0,22175,2850.0,0.0,4785.0,0.0
2965,1850.0,8481,1015,0.0,0.0,1310.0,22751.0,0.0,3221.0,1170.0,10323.0,820.0,2483,0.0,0.0,0.0,0.0,1345.0,3947.0,6464.0,0.0,7170,0.0,1670.0,0.0,4425,0.0,0.0,4545.0,2220.0,32351,18187,1374.0,0.0,9056.0,22050,2851.0,0.0,4800.0,0.0
3099,1980.0,8563,1020,0.0,0.0,1315.0,23050.0,0.0,3293.0,1183.0,10412.0,820.0,2525,0.0,0.0,0.0,0.0,1360.0,4018.0,6468.0,0.0,7170,0.0,1745.0,0.0,4624,0.0,0.0,4700.0,2240.0,32300,18462,1420.0,0.0,9230.0,21850,2860.0,0.0,4859.0,0.0
3220,1985.0,8625,1010,0.0,0.0,1335.0,23000.0,0.0,3312.0,1209.0,10712.0,834.0,2545,0.0,0.0,0.0,0.0,1347.0,4029.0,6446.0,0.0,7205,0.0,1725.0,0.0,4640,0.0,0.0,4740.0,2245.0,31449,18460,1394.0,0.0,9400.0,21920,2850.0,0.0,4880.0,0.0
3300,1985.0,8690,1000,0.0,0.0,1355.0,23200.0,0.0,3381.0,1216.0,10423.0,855.0,2504,0.0,0.0,0.0,0.0,1350.0,3985.0,6643.0,0.0,7080,0.0,1720.0,0.0,4600,0.0,0.0,4691.0,2291.0,30800,18269,1377.0,0.0,9215.0,22190,2909.0,0.0,4799.0,0.0
3350,1950.0,8787,990,0.0,0.0,1360.0,23905.0,0.0,3514.0,1229.0,10543.0,870.0,2511,0.0,0.0,0.0,0.0,1353.0,4048.0,6688.0,0.0,7075,0.0,1709.0,0.0,4580,0.0,0.0,4710.0,2260.0,31500,18287,1394.0,0.0,9250.0,22250,2880.0,0.0,4779.0,0.0
3290,1902.0,9151,991,0.0,0.0,1360.0,24600.0,0.0,3554.0,1230.0,10532.0,866.0,2543,0.0,0.0,0.0,0.0,1361.0,4121.0,6565.0,0.0,7035,0.0,1738.0,0.0,4640,0.0,0.0,4730.0,2250.0,31400,18352,1403.0,0.0,9115.0,22800,2885.0,0.0,4780.0,0.0
3300,2000.0,8725,1010,0.0,0.0,1380.0,24550.0,0.0,3514.0,1239.0,10528.0,870.0,2553,0.0,0.0,0.0,0.0,1345.0,4132.0,6780.0,0.0,7000,0.0,1723.0,0.0,4555,0.0,0.0,4660.0,2150.0,31300,18215,1424.0,0.0,9140.0,22600,2900.0,0.0,4779.0,0.0
3352,2000.0,8744,1020,0.0,0.0,1370.0,24995.0,0.0,3453.0,1250.0,10493.0,870.0,2546,0.0,0.0,0.0,0.0,1320.0,4140.0,7220.0,0.0,7010,0.0,1715.0,0.0,4537,0.0,0.0,4656.0,2139.0,32350,18478,1407.0,0.0,9230.0,21800,2901.0,0.0,4800.0,0.0
3399,2000.0,9013,1024,0.0,0.0,1370.0,25527.0,0.0,3413.0,1255.0,10393.0,880.0,2534,0.0,0.0,0.0,0.0,1285.0,4139.0,7656.0,0.0,7069,0.0,1700.0,0.0,4560,0.0,0.0,4740.0,2155.0,33399,18731,1428.0,0.0,9200.0,22400,2904.0,0.0,4725.0,0.0
3500,2000.0,9038,980,0.0,0.0,1370.0,27000.0,0.0,3616.0,1230.0,10103.0,897.0,2574,0.0,0.0,0.0,0.0,1281.0,4139.0,7917.0,0.0,7200,0.0,1706.0,0.0,4560,0.0,0.0,4733.0,2170.0,34100,19615,1411.0,0.0,9175.0,22500,2905.0,0.0,4710.0,0.0
3570,1990.0,8637,990,0.0,0.0,1400.0,27870.0,0.0,3696.0,1233.0,10093.0,880.0,2609,0.0,0.0,0.0,0.0,1299.0,4095.0,7815.0,0.0,7140,0.0,1700.0,0.0,4568,0.0,0.0,4700.0,2220.0,32300,20049,1400.0,0.0,9100.0,22780,2900.0,0.0,4795.0,0.0
3534,1931.0,8488,1000,0.0,0.0,1435.0,27400.0,0.0,3748.0,1240.0,10157.0,890.0,2609,0.0,0.0,0.0,0.0,1310.0,3956.0,7964.0,0.0,7130,0.0,1680.0,0.0,4527,0.0,0.0,4685.0,2247.0,32300,20095,1403.0,0.0,9190.0,22300,2876.0,0.0,4975.0,0.0
3420,1980.0,8813,995,0.0,0.0,1405.0,27785.0,0.0,3837.0,1243.0,9893.0,888.0,2537,0.0,0.0,0.0,0.0,1267.0,3935.0,7633.0,0.0,7100,0.0,1679.0,0.0,4680,0.0,0.0,4814.0,2247.0,32300,20357,1383.0,0.0,9120.0,22500,2901.0,0.0,4970.0,0.0
3390,1951.0,8888,989,0.0,0.0,1450.0,27300.0,0.0,3930.0,1227.0,9654.0,885.0,2489,0.0,0.0,0.0,0.0,1265.0,3912.0,7471.0,0.0,6960,0.0,1665.0,0.0,4620,0.0,0.0,4730.0,2195.0,32500,20077,1369.0,0.0,8845.0,23015,2930.0,0.0,4825.0,0.0
3379,1970.0,8756,998,0.0,0.0,1430.0,26850.0,0.0,3841.0,1245.0,9704.0,865.0,2463,0.0,0.0,0.0,0.0,1280.0,3925.0,7643.0,0.0,6879,0.0,1671.0,0.0,4550,0.0,0.0,4684.0,2145.0,34100,20166,1400.0,0.0,8710.0,23090,2930.0,0.0,4769.0,0.0
3350,1999.0,8774,1000,0.0,0.0,1430.0,27045.0,0.0,3930.0,1245.0,9694.0,840.0,2538,0.0,0.0,0.0,0.0,1271.0,3919.0,7863.0,0.0,6930,0.0,1715.0,0.0,4668,0.0,0.0,4730.0,2165.0,35100,20824,1406.0,0.0,8750.0,23400,2901.0,0.0,4701.0,0.0
3265,1990.0,8713,998,0.0,0.0,1430.0,27501.0,0.0,3855.0,1250.0,9918.0,835.0,2532,0.0,0.0,0.0,0.0,1267.0,3947.0,7784.0,0.0,6935,0.0,1685.0,0.0,4740,0.0,0.0,4855.0,2190.0,35700,20418,1408.0,0.0,9053.0,24400,2900.0,0.0,4740.0,0.0
3240,2000.0,8775,991,0.0,0.0,1425.0,26770.0,0.0,3878.0,1270.0,10293.0,830.0,2539,0.0,0.0,0.0,0.0,1270.0,4011.0,8247.0,0.0,6885,0.0,1690.0,0.0,4770,0.0,0.0,4882.0,2160.0,37000,21071,1414.0,0.0,9020.0,24350,2930.0,0.0,4930.0,0.0
3260,2000.0,9000,1000,0.0,0.0,1400.0,27600.0,0.0,3932.0,1270.0,10392.0,845.0,2588,0.0,0.0,0.0,0.0,1280.0,4057.0,8388.0,0.0,6901,0.0,1725.0,0.0,4760,0.0,0.0,4812.0,2115.0,37500,20824,1441.0,0.0,9161.0,24070,3050.0,0.0,5060.0,0.0
3290,2060.0,9038,996,0.0,0.0,1429.0,27590.0,0.0,3978.0,1310.0,10243.0,853.0,2550,0.0,0.0,0.0,0.0,1263.0,4028.0,8150.0,0.0,7000,0.0,1661.0,0.0,4765,0.0,0.0,4918.0,2080.0,36770,20989,1403.0,0.0,9220.0,24630,3060.0,0.0,5269.0,0.0
3270,2140.0,8875,1000,0.0,0.0,1465.0,26840.0,0.0,3938.0,1300.0,10083.0,870.0,2598,0.0,0.0,0.0,0.0,1255.0,3955.0,8259.0,0.0,6989,0.0,1680.0,0.0,4740,0.0,0.0,4887.0,2060.0,35510,20533,1398.0,0.0,9062.0,25040,3090.0,0.0,5200.0,0.0
3250,2200.0,8688,1005,0.0,0.0,1500.0,27125.0,0.0,3942.0,1302.0,9893.0,853.0,2572,0.0,0.0,0.0,0.0,1260.0,3993.0,8017.0,0.0,6950,0.0,1660.0,0.0,4780,0.0,0.0,4920.0,2106.0,35300,20632,1390.0,0.0,9050.0,25016,3000.0,0.0,5108.0,0.0
3141,2260.0,8938,1000,0.0,0.0,1575.0,26815.0,0.0,3918.0,1285.0,9794.0,800.0,2511,0.0,0.0,0.0,0.0,1240.0,4000.0,8289.0,0.0,6950,0.0,1645.0,0.0,4880,0.0,0.0,5000.0,2140.0,34600,20221,1362.0,0.0,9040.0,24450,3000.0,0.0,5049.0,0.0
3050,2300.0,8750,990,0.0,0.0,1549.0,27100.0,0.0,3837.0,1273.0,9594.0,800.0,2476,0.0,0.0,0.0,0.0,1245.0,3883.0,8404.0,0.0,6815,0.0,1630.0,0.0,4740,0.0,0.0,4856.0,2100.0,34600,20714,1350.0,0.0,8995.0,22400,2939.0,0.0,4830.0,0.0
3100,2200.0,8525,1000,0.0,0.0,1498.0,27615.0,0.0,3857.0,1260.0,9249.0,805.0,2517,0.0,0.0,0.0,0.0,1220.0,3919.0,8448.0,0.0,6780,0.0,1644.0,0.0,4600,0.0,0.0,4700.0,2080.0,34000,20533,1370.0,0.0,8850.0,21956,2900.0,0.0,4898.0,0.0
3129,2150.0,8500,1028,0.0,0.0,1485.0,28500.0,0.0,3898.0,1232.0,9803.0,795.0,2511,0.0,0.0,0.0,0.0,1230.0,3883.0,8316.0,0.0,6761,0.0,1660.0,0.0,4600,0.0,0.0,4699.0,2060.0,35200,20412,1374.0,0.0,8899.0,22100,2826.0,0.0,4770.0,0.0
3115,2150.0,8663,1020,0.0,0.0,1535.0,28600.0,0.0,3938.0,1240.0,9759.0,803.0,2497,0.0,0.0,0.0,0.0,1244.0,3903.0,8413.0,0.0,6861,0.0,1650.0,0.0,4760,0.0,0.0,4849.0,2118.0,37115,20769,1369.0,0.0,8965.0,22900,2836.0,0.0,4765.0,0.0
3060,2170.0,9138,1023,0.0,0.0,1585.0,28390.0,0.0,3845.0,1250.0,9694.0,810.0,2374,0.0,0.0,0.0,0.0,1210.0,3923.0,7833.0,0.0,6780,0.0,1605.0,0.0,4679,0.0,0.0,4794.0,2140.0,36600,20879,1333.0,0.0,8850.0,22650,2840.0,0.0,4850.0,0.0
3100,2150.0,8903,1029,0.0,0.0,1651.0,27100.0,0.0,3756.0,1220.0,9509.0,815.0,2345,0.0,0.0,0.0,0.0,1210.0,3855.0,7744.0,0.0,6610,0.0,1581.0,0.0,4440,0.0,0.0,4580.0,2100.0,36000,20275,1318.0,0.0,8645.0,21999,2860.0,0.0,4805.0,0.0
3100,2150.0,8625,1030,0.0,0.0,1660.0,26520.0,0.0,3595.0,1200.0,9893.0,802.0,2365,0.0,0.0,0.0,0.0,1210.0,3755.0,8126.0,0.0,6525,0.0,1626.0,0.0,4300,0.0,0.0,4510.0,2056.0,36550,19890,1326.0,0.0,8500.0,20805,2800.0,0.0,4650.0,0.0
3100,2025.0,8788,1025,0.0,0.0,1650.0,27720.0,0.0,3550.0,1250.0,9514.0,800.0,2357,0.0,0.0,0.0,0.0,1210.0,3854.0,8272.0,0.0,6635,0.0,1600.0,0.0,4460,0.0,0.0,4557.0,2050.0,36475,20093,1318.0,0.0,8669.0,22080,2762.0,0.0,4829.0,0.0
3010,2000.0,8688,1030,0.0,0.0,1681.0,27810.0,0.0,3595.0,1231.0,9404.0,820.0,2333,0.0,0.0,0.0,0.0,1165.0,3865.0,7885.0,0.0,6612,0.0,1550.0,0.0,4420,0.0,0.0,4507.0,1977.0,36400,20000,1267.0,0.0,8520.0,21950,2841.0,0.0,4765.0,0.0
3015,2042.0,8594,1028,0.0,0.0,1720.0,27410.0,0.0,3547.0,1213.0,9744.0,826.0,2405,0.0,0.0,0.0,0.0,1222.0,3821.0,7762.0,0.0,6520,0.0,1585.0,0.0,4360,0.0,0.0,4374.0,1990.0,36539,19726,1301.0,0.0,8375.0,21250,2870.0,0.0,4610.0,0.0
3045,2000.0,8725,1030,0.0,0.0,1715.0,27050.0,0.0,3534.0,1215.0,9669.0,825.0,2371,0.0,0.0,0.0,0.0,1205.0,3922.0,7621.0,0.0,6725,0.0,1580.0,0.0,4700,0.0,0.0,4607.0,2048.0,35250,19824,1292.0,0.0,8600.0,21250,2801.0,0.0,4896.0,0.0
3100,2050.0,8725,1025,0.0,0.0,1710.0,26480.0,0.0,3514.0,1211.0,9846.0,815.0,2416,0.0,0.0,0.0,0.0,1230.0,3865.0,8002.0,0.0,6725,0.0,1620.0,0.0,4460,0.0,0.0,4500.0,2055.0,36410,19533,1335.0,0.0,8552.0,20500,2847.0,0.0,4750.0,0.0
3115,2050.0,8875,1010,0.0,0.0,1700.0,27500.0,0.0,3635.0,1239.0,9779.0,814.0,2469,0.0,0.0,0.0,0.0,1265.0,3901.0,8144.0,0.0,6890,0.0,1570.0,0.0,4520,0.0,0.0,4615.0,2130.0,37000,20329,1335.0,0.0,8750.0,21045,2870.0,0.0,4955.0,0.0
3135,2100.0,8789,1009,0.0,0.0,1710.0,28545.0,0.0,3736.0,1233.0,9979.0,810.0,2473,0.0,0.0,0.0,0.0,1245.0,3956.0,8127.0,0.0,6880,0.0,1600.0,0.0,4645,0.0,0.0,4690.0,2155.0,39800,20489,1351.0,0.0,8750.0,21006,2900.0,0.0,4851.0,0.0
3130,2051.0,9288,991,0.0,0.0,1660.0,28785.0,0.0,3938.0,1250.0,9729.0,820.0,2497,0.0,0.0,0.0,0.0,1210.0,4026.0,7744.0,0.0,6930,0.0,1610.0,0.0,4665,0.0,0.0,4738.0,2250.0,41400,21396,1318.0,0.0,8700.0,21500,2930.0,0.0,4930.0,0.0
3120,2100.0,9329,990,0.0,0.0,1700.0,27545.0,0.0,3958.0,1250.0,9794.0,840.0,2466,0.0,0.0,0.0,0.0,1200.0,3974.0,7797.0,0.0,6890,0.0,1590.0,0.0,4680,0.0,0.0,4760.0,2200.0,40200,21649,1313.0,0.0,8530.0,20900,2910.0,0.0,4850.0,0.0
3100,2110.0,9481,990,0.0,0.0,1685.0,26305.0,0.0,3904.0,1240.0,9679.0,820.0,2525,0.0,0.0,0.0,0.0,1235.0,4042.0,7946.0,0.0,6900,0.0,1570.0,0.0,4765,0.0,0.0,4758.0,2150.0,39000,21401,1342.0,0.0,8441.0,20700,2900.0,0.0,4897.0,0.0
3100,2151.0,9188,990,0.0,0.0,1635.0,26750.0,0.0,4003.0,1255.0,9843.0,805.0,2553,0.0,0.0,0.0,0.0,1260.0,4099.0,7742.0,0.0,6920,0.0,1575.0,0.0,4820,0.0,0.0,4872.0,2195.0,39700,21615,1380.0,0.0,8550.0,21200,2900.0,0.0,5000.0,0.0
3170,2145.0,9638,970,0.0,0.0,1650.0,26290.0,0.0,3877.0,1270.0,9893.0,813.0,2567,0.0,0.0,0.0,0.0,1246.0,4048.0,7779.0,0.0,7025,0.0,1660.0,0.0,4880,0.0,0.0,4910.0,2160.0,38202,21654,1373.0,0.0,8792.0,21210,2900.0,0.0,5300.0,0.0
3190,2200.0,9563,955,0.0,0.0,1635.0,26190.0,0.0,3927.0,1240.0,9843.0,815.0,2573,0.0,0.0,0.0,0.0,1270.0,4121.0,7916.0,0.0,7071,0.0,1731.0,0.0,4980,0.0,0.0,5060.0,2160.0,40700,21429,1390.0,0.0,8825.0,21285,2900.0,0.0,5320.0,0.0
3210,2190.0,9687,970,0.0,0.0,1650.0,26595.0,0.0,4079.0,1310.0,10083.0,821.0,2531,0.0,0.0,0.0,0.0,1247.0,4213.0,7832.0,0.0,7120,0.0,1680.0,0.0,5280,0.0,0.0,5335.0,2150.0,41700,21923,1373.0,0.0,8980.0,21790,2900.0,0.0,5880.0,0.0
3179,2200.0,9788,1000,0.0,0.0,1700.0,26295.0,0.0,3920.0,1330.0,10193.0,846.0,2581,0.0,0.0,0.0,0.0,1270.0,4165.0,8057.0,0.0,7120,0.0,1710.0,0.0,5220,0.0,0.0,5295.0,2130.0,44000,21956,1390.0,0.0,8960.0,21800,3000.0,0.0,5835.0,0.0
3200,2180.0,10063,991,0.0,0.0,1670.0,26414.0,0.0,3930.0,1375.0,10093.0,825.0,2514,0.0,0.0,0.0,0.0,1250.0,4322.0,7832.0,0.0,7239,0.0,1685.0,0.0,5260,0.0,0.0,5359.0,2140.0,43200,21852,1331.0,0.0,8970.0,22000,2915.0,0.0,5770.0,0.0
3190,2175.0,9925,990,0.0,0.0,1662.0,26110.0,0.0,3837.0,1330.0,9913.0,820.0,2546,0.0,0.0,0.0,0.0,1251.0,4198.0,8052.0,0.0,6980,0.0,1710.0,0.0,5200,0.0,0.0,5240.0,2160.0,44400,22001,1360.0,0.0,8900.0,21775,2943.0,0.0,5600.0,0.0
3179,2180.0,10100,980,0.0,0.0,1710.0,26590.0,0.0,3837.0,1310.0,9818.0,820.0,2595,0.0,0.0,0.0,0.0,1248.0,4176.0,8615.0,0.0,6870,0.0,1750.0,0.0,5200,0.0,0.0,5280.0,2150.0,45002,21989,1390.0,0.0,8705.0,21600,2951.0,0.0,5499.0,0.0
3209,2200.0,10459,980,0.0,0.0,1770.0,27795.0,0.0,3849.0,1310.0,9794.0,820.0,2595,0.0,0.0,0.0,0.0,1260.0,4278.0,8435.0,0.0,6945,0.0,1718.0,0.0,5200,0.0,0.0,5311.0,2140.0,46200,22527,1415.0,0.0,8927.0,21500,2966.0,0.0,5500.0,0.0
3210,2226.0,10825,980,0.0,0.0,1853.0,27595.0,0.0,3877.0,1300.0,10183.0,820.0,2634,0.0,0.0,0.0,0.0,1315.0,4311.0,8709.0,0.0,7100,0.0,1711.0,0.0,5220,0.0,0.0,5301.0,2120.0,46200,22636,1445.0,0.0,8870.0,21400,2965.0,0.0,5765.0,0.0
3279,2200.0,11236,965,0.0,0.0,1859.0,28440.0,0.0,4120.0,1310.0,10643.0,810.0,2595,0.0,0.0,0.0,0.0,1295.0,4398.0,8448.0,0.0,7327,0.0,1750.0,0.0,5235,0.0,0.0,5395.0,2110.0,46801,23258,1411.0,0.0,9200.0,21525,3000.0,0.0,5800.0,0.0
3270,2200.0,11188,965,0.0,0.0,1865.0,28348.0,0.0,4261.0,1279.0,10403.0,816.0,2618,0.0,0.0,0.0,0.0,1310.0,4341.0,8422.0,0.0,7225,0.0,1725.0,0.0,5400,0.0,0.0,5543.0,2145.0,48000,23100,1407.0,0.0,9365.0,21560,3000.0,0.0,5813.0,0.0
3269,2220.0,11025,960,0.0,0.0,1860.0,28450.0,0.0,4184.0,1280.0,10413.0,816.0,2651,0.0,0.0,0.0,0.0,1330.0,4308.0,8800.0,0.0,7100,0.0,1728.0,0.0,5380,0.0,0.0,5402.0,2140.0,47801,22643,1420.0,0.0,9200.0,21485,3000.0,0.0,5775.0,0.0
3260,2200.0,10950,974,0.0,0.0,1900.0,29300.0,0.0,4362.0,1285.0,10473.0,817.0,2609,0.0,0.0,0.0,0.0,1345.0,4256.0,8967.0,0.0,7080,0.0,1733.0,0.0,5290,0.0,0.0,5300.0,2150.0,49150,22901,1402.0,0.0,9175.0,22200,3000.0,0.0,5645.0,0.0
3179,2210.0,11138,963,0.0,0.0,1900.0,28975.0,0.0,4362.0,1319.0,10593.0,817.0,2637,0.0,0.0,0.0,0.0,1338.0,4285.0,9192.0,0.0,7045,0.0,1750.0,0.0,5380,0.0,0.0,5450.0,2200.0,48500,23286,1381.0,0.0,9200.0,23074,3000.0,0.0,5779.0,0.0
3140,2200.0,11250,980,0.0,0.0,1900.0,29160.0,0.0,4281.0,1329.0,10793.0,845.0,2571,0.0,0.0,0.0,0.0,1311.0,4264.0,9284.0,0.0,7000,0.0,1702.0,0.0,5380,0.0,0.0,5401.0,2195.0,46800,23022,1352.0,0.0,9298.0,22947,2980.0,0.0,6030.0,0.0
3160,2210.0,10838,980,0.0,0.0,1919.0,29505.0,0.0,4281.0,1320.0,10793.0,840.0,2559,0.0,0.0,0.0,0.0,1330.0,4213.0,8893.0,0.0,6905,0.0,1740.0,0.0,5300,0.0,0.0,5381.0,2199.0,45400,23033,1362.0,0.0,9030.0,22951,3015.0,0.0,6000.0,0.0
3200,2215.0,10756,980,0.0,0.0,1900.0,28435.0,0.0,4382.0,1323.0,10938.0,825.0,2606,0.0,0.0,0.0,0.0,1350.0,4227.0,9098.0,0.0,7036,0.0,1766.0,0.0,5209,0.0,0.0,5307.0,2175.0,46800,22731,1386.0,0.0,9130.0,22700,3025.0,0.0,5994.0,0.0
3200,2215.0,11250,970,0.0,0.0,1890.0,27949.0,0.0,4437.0,1329.0,10750.0,848.0,2581,0.0,0.0,0.0,0.0,1340.0,4280.0,9080.0,0.0,7171,0.0,1770.0,0.0,5370,0.0,0.0,5450.0,2156.0,45000,23385,1364.0,0.0,9200.0,23000,3056.0,0.0,5695.0,0.0
3189,2290.0,11063,962,0.0,0.0,1910.0,28606.0,0.0,4281.0,1316.0,10709.0,825.0,2572,0.0,0.0,0.0,0.0,1348.0,4187.0,9073.0,0.0,7075,0.0,1780.0,0.0,5330,0.0,0.0,5385.0,2150.0,45900,23077,1352.0,0.0,9147.0,23100,3070.0,0.0,5700.0,0.0
3175,2290.0,10688,980,0.0,0.0,1800.0,28405.0,0.0,4174.0,1318.0,10393.0,825.0,2526,0.0,0.0,0.0,0.0,1340.0,4176.0,8889.0,0.0,7001,0.0,1720.0,0.0,5166,0.0,0.0,5251.0,2150.0,44997,22780,1363.0,0.0,9000.0,23400,3050.0,0.0,5630.0,0.0
3279,2400.0,10438,992,0.0,0.0,1920.0,27806.0,0.0,4039.0,1300.0,10395.0,830.0,2470,0.0,0.0,0.0,0.0,1321.0,4176.0,8734.0,0.0,6941,0.0,1690.0,0.0,5201,0.0,0.0,5355.0,2150.0,42803,22555,1343.0,0.0,8760.0,22582,3052.0,0.0,5580.0,0.0
3270,2385.0,10575,1000,0.0,0.0,1870.0,27845.0,0.0,4043.0,1285.0,10443.0,820.0,2469,0.0,0.0,0.0,0.0,1325.0,4140.0,8738.0,0.0,6850,0.0,1710.0,0.0,5180,0.0,0.0,5200.0,2150.0,43001,22209,1327.0,0.0,8750.0,21500,2999.0,0.0,5400.0,0.0
3270,2375.0,10575,1000,0.0,0.0,1790.0,27735.0,0.0,4140.0,1270.0,10453.0,825.0,2497,0.0,0.0,0.0,0.0,1325.0,4172.0,8883.0,0.0,6800,0.0,1701.0,0.0,5180,0.0,0.0,5271.0,2199.0,43500,22231,1356.0,0.0,8700.0,21175,2996.0,0.0,5617.0,0.0
3220,2390.0,10600,1005,0.0,0.0,1800.0,27895.0,0.0,4231.0,1259.0,10593.0,826.0,2421,0.0,0.0,0.0,0.0,1336.0,4161.0,8633.0,0.0,6800,0.0,1703.0,0.0,5358,0.0,0.0,5378.0,2170.0,43450,22320,1381.0,0.0,8800.0,21090,3000.0,0.0,5700.0,0.0
3280,2360.0,10563,1020,0.0,0.0,1827.0,27401.0,0.0,4119.0,1270.0,10993.0,825.0,2490,0.0,0.0,0.0,0.0,1376.0,4167.0,8487.0,0.0,6840,0.0,1730.0,0.0,5180,0.0,0.0,5242.0,2150.0,43000,22088,1437.0,0.0,8725.0,20800,2993.0,0.0,5740.0,0.0
3300,2350.0,10625,1045,0.0,0.0,1894.0,27444.0,0.0,3999.0,1320.0,11392.0,825.0,2528,0.0,0.0,0.0,0.0,1428.0,4231.0,8977.0,0.0,7120,0.0,1700.0,0.0,5300,0.0,0.0,5338.0,2175.0,44500,22142,1496.0,0.0,9150.0,20680,2950.0,0.0,5799.0,0.0
3270,2365.0,10888,1046,0.0,0.0,1825.0,28739.0,0.0,4083.0,1335.0,11652.0,831.0,2503,0.0,0.0,0.0,0.0,1402.0,4191.0,9218.0,0.0,7315,0.0,1720.0,0.0,5484,0.0,0.0,5504.0,2201.0,44000,22526,1466.0,0.0,9350.0,21100,2950.0,0.0,5880.0,0.0
3275,2400.0,11063,1070,0.0,0.0,1810.0,29600.0,0.0,3999.0,1320.0,11442.0,840.0,2446,0.0,0.0,0.0,0.0,1400.0,4176.0,9583.0,0.0,7100,0.0,1740.0,0.0,5440,0.0,0.0,5493.0,2230.0,44900,22440,1466.0,0.0,9300.0,20939,2960.0,0.0,5770.0,0.0
3300,2476.0,11188,1100,0.0,0.0,1799.0,30355.0,0.0,4088.0,1304.0,11492.0,841.0,2418,0.0,0.0,0.0,0.0,1395.0,4176.0,9846.0,0.0,6950,0.0,1725.0,0.0,5360,0.0,0.0,5398.0,2220.0,46352,23209,1479.0,0.0,9100.0,21200,2980.0,0.0,5660.0,0.0
3250,2500.0,11500,1115,0.0,0.0,1840.0,30595.0,0.0,4201.0,1312.0,11792.0,830.0,2415,0.0,0.0,0.0,0.0,1385.0,4205.0,9258.0,0.0,7090,0.0,1720.0,0.0,5487,0.0,0.0,5473.0,2244.0,45400,23571,1492.0,0.0,9250.0,21499,2970.0,0.0,5760.0,0.0
3252,2600.0,11319,1115,0.0,0.0,1860.0,29006.0,0.0,4180.0,1315.0,11492.0,836.0,2453,0.0,0.0,0.0,0.0,1399.0,4249.0,9425.0,0.0,7130,0.0,1700.0,0.0,5441,0.0,0.0,5500.0,2256.0,44200,23144,1479.0,0.0,9155.0,21850,3005.0,0.0,5710.0,0.0
3170,2625.0,11249,1112,0.0,0.0,1916.0,29197.0,0.0,4176.0,1320.0,11392.0,840.0,2469,0.0,0.0,0.0,0.0,1440.0,4286.0,9398.0,0.0,7230,0.0,1720.0,0.0,5483,0.0,0.0,5492.0,2205.0,44444,23115,1532.0,0.0,9300.0,21902,3000.0,0.0,5738.0,0.0
3170,2601.0,11125,1112,0.0,0.0,1925.0,29889.0,0.0,4122.0,1325.0,11392.0,845.0,2469,0.0,0.0,0.0,0.0,1440.0,4363.0,9398.0,0.0,7400,0.0,1720.0,0.0,5500,0.0,0.0,5520.0,2220.0,44444,23407,1532.0,0.0,9495.0,22790,2975.0,0.0,5783.0,0.0
3245,2575.0,11125,1100,0.0,0.0,1900.0,29889.0,0.0,4122.0,1325.0,11193.0,855.0,2542,0.0,0.0,0.0,0.0,1491.0,4363.0,9767.0,0.0,7400,0.0,1825.0,0.0,5500,0.0,0.0,5520.0,2220.0,44822,23407,1571.0,0.0,9495.0,22790,2955.0,0.0,5783.0,0.0
3250,2575.0,11425,1095,0.0,0.0,1900.0,30750.0,0.0,4096.0,1320.0,11293.0,855.0,2545,0.0,0.0,0.0,0.0,1490.0,4388.0,9512.0,0.0,7595,0.0,1775.0,0.0,5580,0.0,0.0,5598.0,2250.0,45400,23505,1573.0,0.0,9699.0,23080,2955.0,0.0,5900.0,0.0
3350,2575.0,11538,1100,0.0,0.0,1898.0,29700.0,0.0,4172.0,1368.0,11293.0,870.0,2539,0.0,0.0,0.0,0.0,1495.0,4421.0,9209.0,0.0,7500,0.0,1765.0,0.0,5501,0.0,0.0,5500.0,2260.0,45300,23158,1595.0,0.0,9615.0,22370,2960.0,0.0,5980.0,0.0
3345,2620.0,11625,1090,0.0,0.0,1831.0,29500.0,0.0,4172.0,1380.0,11342.0,870.0,2574,0.0,0.0,0.0,0.0,1500.0,4535.0,9477.0,0.0,7601,0.0,1800.0,0.0,5550,0.0,0.0,5567.0,2281.0,45700,23504,1600.0,0.0,9700.0,22395,3000.0,0.0,6180.0,0.0
3350,2705.0,11787,1090,0.0,0.0,1814.0,30695.0,0.0,4100.0,1400.0,11392.0,860.0,2581,0.0,0.0,0.0,0.0,1504.0,4524.0,9508.0,0.0,7690,0.0,1820.0,0.0,5543,0.0,0.0,5552.0,2306.0,45750,23544,1615.0,0.0,9999.0,22570,3000.0,0.0,6385.0,0.0
3350,2850.0,11838,1090,0.0,0.0,1841.0,31200.0,0.0,4172.0,1400.0,11392.0,860.0,2581,0.0,0.0,0.0,0.0,1504.0,4540.0,9508.0,0.0,7800,0.0,1820.0,0.0,5540,0.0,0.0,5540.0,2325.0,45750,23533,1615.0,0.0,10089.0,22575,3100.0,0.0,6380.0,0.0
3325,2900.0,11838,1095,0.0,0.0,1841.0,31200.0,0.0,4172.0,1400.0,11577.0,860.0,2556,0.0,0.0,0.0,0.0,1540.0,4540.0,9680.0,0.0,7800,0.0,1840.0,0.0,5540,0.0,0.0,5540.0,2325.0,46000,23533,1653.0,0.0,10089.0,22575,3100.0,0.0,6380.0,0.0
3355,2900.0,11875,1093,0.0,0.0,1841.0,30945.0,0.0,4192.0,1440.0,11232.0,860.0,2574,0.0,0.0,0.0,0.0,1525.0,4542.0,9610.0,0.0,7853,0.0,1855.0,0.0,5540,0.0,0.0,5600.0,2340.0,45105,24041,1615.0,0.0,10280.0,22550,3100.0,0.0,6300.0,0.0
3330,2851.0,11688,1095,0.0,0.0,1850.0,30600.0,0.0,4148.0,1420.0,11218.0,870.0,2598,0.0,0.0,0.0,0.0,1525.0,4495.0,9781.0,0.0,7630,0.0,1840.0,0.0,5535,0.0,0.0,5570.0,2350.0,46000,23637,1615.0,0.0,10110.0,22175,3065.0,0.0,6208.0,0.0
3340,2851.0,11663,1100,0.0,0.0,1875.0,31099.0,0.0,4180.0,1425.0,11194.0,870.0,2595,0.0,0.0,0.0,0.0,1519.0,4469.0,9838.0,0.0,7650,0.0,1843.0,0.0,5520,0.0,0.0,5569.0,2340.0,45700,23604,1568.0,0.0,10014.0,22699,3051.0,0.0,6379.0,0.0
3340,2850.0,11650,1100,0.0,0.0,1900.0,31400.0,0.0,4120.0,1420.0,11194.0,875.0,2595,0.0,0.0,0.0,0.0,1519.0,4469.0,9838.0,0.0,7581,0.0,1843.0,0.0,5520,0.0,0.0,5523.0,2340.0,45700,23484,1568.0,0.0,10000.0,22650,3080.0,0.0,6215.0,0.0
3400,2890.0,11650,1100,0.0,0.0,1900.0,31400.0,0.0,4120.0,1420.0,11612.0,870.0,2604,0.0,0.0,0.0,0.0,1510.0,4469.0,10366.0,0.0,7581,0.0,1870.0,0.0,5520,0.0,0.0,5523.0,2340.0,48300,23484,1611.0,0.0,10000.0,22650,3100.0,0.0,6215.0,0.0
3440,2890.0,12125,1110,0.0,0.0,1900.0,31790.0,0.0,4180.0,1425.0,11941.0,870.0,2637,0.0,0.0,0.0,0.0,1510.0,4533.0,10494.0,0.0,7701,0.0,1899.0,0.0,5540,0.0,0.0,5588.0,2300.0,48100,24022,1594.0,0.0,9900.0,23000,3100.0,0.0,6320.0,0.0
3443,2850.0,11813,1110,0.0,0.0,1900.0,32125.0,0.0,4362.0,1480.0,11780.0,880.0,2660,0.0,0.0,0.0,0.0,1475.0,4519.0,9900.0,0.0,7740,0.0,1880.0,0.0,5595,0.0,0.0,5652.0,2285.0,47000,24203,1556.0,0.0,10099.0,22702,3100.0,0.0,6199.0,0.0
3500,2850.0,11600,1113,0.0,0.0,1925.0,31545.0,0.0,4362.0,1466.0,11892.0,889.0,2713,0.0,0.0,0.0,0.0,1515.0,4517.0,10327.0,0.0,7550,0.0,1900.0,0.0,5520,0.0,0.0,5579.0,2300.0,46477,23747,1608.0,0.0,9900.0,22650,3125.0,0.0,6140.0,0.0
3667,2800.0,11550,1114,0.0,0.0,1930.0,32010.0,0.0,4382.0,1520.0,11892.0,890.0,2693,0.0,0.0,0.0,0.0,1540.0,4593.0,10384.0,0.0,7910,0.0,1910.0,0.0,5570,0.0,0.0,5625.0,2341.0,46000,23704,1615.0,0.0,10281.0,22600,3111.0,0.0,6210.0,0.0
3779,2850.0,11513,1110,0.0,0.0,1920.0,32945.0,0.0,4403.0,1555.0,12002.0,890.0,2727,0.0,0.0,0.0,0.0,1550.0,4606.0,10247.0,0.0,8000,0.0,1950.0,0.0,5600,0.0,0.0,5640.0,2350.0,45810,23846,1628.0,0.0,10285.0,22600,3170.0,0.0,6439.0,0.0
3780,2975.0,11750,1105,0.0,0.0,1925.0,32500.0,0.0,4463.0,1516.0,12192.0,900.0,2755,0.0,0.0,0.0,0.0,1560.0,4634.0,10296.0,0.0,8125,0.0,1970.0,0.0,5640,0.0,0.0,5679.0,2345.0,46000,23088,1670.0,0.0,10300.0,22400,3260.0,0.0,6380.0,0.0
3799,2930.0,11938,1100,0.0,0.0,1990.0,32500.0,0.0,4504.0,1540.0,12792.0,920.0,2721,0.0,0.0,0.0,0.0,1560.0,4696.0,9976.0,0.0,8244,0.0,1908.0,0.0,5700,0.0,0.0,5750.0,2465.0,45500,22978,1648.0,0.0,10500.0,22400,3320.0,0.0,6400.0,0.0
3850,2975.0,12000,1097,0.0,0.0,2049.0,32306.0,0.0,4544.0,1551.0,12592.0,925.0,2744,0.0,0.0,0.0,0.0,1568.0,4625.0,10287.0,0.0,8200,0.0,1950.0,0.0,5700,0.0,0.0,5742.0,2480.0,45490,23352,1655.0,0.0,10360.0,22101,3320.0,0.0,6270.0,0.0
3794,2930.0,11869,1095,0.0,0.0,2030.0,32445.0,0.0,4564.0,1574.0,12292.0,910.0,2664,0.0,0.0,0.0,0.0,1530.0,4614.0,10586.0,0.0,8340,0.0,1960.0,0.0,5700,0.0,0.0,5700.0,2490.0,44900,23093,1615.0,0.0,10375.0,21700,3369.0,0.0,6180.0,0.0
3701,3000.0,11550,1100,0.0,0.0,2208.0,32715.0,0.0,4686.0,1499.0,12074.0,905.0,2618,0.0,0.0,0.0,0.0,1520.0,4487.0,10691.0,0.0,8185,0.0,1960.0,0.0,5640,0.0,0.0,5640.0,2490.0,44600,23077,1568.0,0.0,10280.0,21395,3367.0,0.0,5830.0,0.0
3660,3300.0,11375,1105,0.0,0.0,2400.0,33205.0,0.0,4746.0,1525.0,12242.0,905.0,2581,0.0,0.0,0.0,0.0,1559.0,4396.0,10663.0,0.0,7900,0.0,1950.0,0.0,5530,0.0,0.0,5550.0,2450.0,44299,23297,1564.0,0.0,10195.0,21350,3315.0,0.0,5830.0,0.0
3790,3250.0,11250,1100,0.0,0.0,2250.0,33095.0,0.0,4907.0,1529.0,12492.0,910.0,2682,0.0,0.0,0.0,0.0,1620.0,4302.0,10947.0,0.0,7800,0.0,1985.0,0.0,5420,0.0,0.0,5439.0,2400.0,45450,23181,1645.0,0.0,10195.0,21850,3300.0,0.0,5949.0,0.0
3871,3249.0,11812,1100,0.0,0.0,2188.0,33500.0,0.0,5061.0,1540.0,12792.0,895.0,2693,0.0,0.0,0.0,0.0,1620.0,4542.0,11106.0,0.0,8277,0.0,1905.0,0.0,5700,0.0,0.0,5739.0,2400.0,45800,23154,1632.0,0.0,10650.0,22540,3275.0,0.0,6200.0,0.0
3915,3250.0,11961,1120,0.0,0.0,2350.0,34000.0,0.0,4887.0,1517.0,12642.0,919.0,2727,0.0,0.0,0.0,0.0,1595.0,4521.0,10960.0,0.0,8200,0.0,1980.0,0.0,5806,0.0,0.0,5860.0,2400.0,44600,23615,1623.0,0.0,10750.0,22740,3350.0,0.0,6279.0,0.0
3950,3200.0,11750,1150,0.0,0.0,2350.0,33700.0,0.0,4843.0,1540.0,12792.0,915.0,2749,0.0,0.0,0.0,0.0,1609.0,4506.0,10991.0,0.0,8215,0.0,2000.0,0.0,5880,0.0,0.0,5926.0,2375.0,45000,23319,1628.0,0.0,10705.0,22900,3376.0,0.0,6190.0,0.0
3950,3150.0,11888,1176,0.0,0.0,2300.0,34400.0,0.0,4645.0,1550.0,12717.0,955.0,2772,0.0,0.0,0.0,0.0,1620.0,4524.0,11417.0,0.0,8240,0.0,1999.0,0.0,6000,0.0,0.0,5960.0,2400.0,46307,23588,1624.0,0.0,10749.0,23100,3381.0,0.0,6395.0,0.0
3980,3020.0,12325,1220,0.0,0.0,2279.0,35070.0,0.0,4705.0,1580.0,12442.0,975.0,2756,0.0,0.0,0.0,0.0,1627.0,4539.0,11629.0,0.0,8180,0.0,1990.0,0.0,5916,0.0,0.0,5970.0,2500.0,46500,24204,1598.0,0.0,10730.0,23400,3440.0,0.0,6311.0,0.0
4002,2910.0,12438,1216,0.0,0.0,2315.0,35205.0,0.0,4705.0,1559.0,12542.0,980.0,2796,0.0,0.0,0.0,0.0,1630.0,4480.0,12012.0,0.0,8083,0.0,1999.0,0.0,6000,0.0,0.0,6034.0,2558.0,47500,24940,1615.0,0.0,10489.0,24100,3420.0,0.0,6200.0,0.0
4020,2801.0,13063,1200,0.0,0.0,2380.0,37100.0,0.0,4625.0,1605.0,12592.0,965.0,2792,0.0,0.0,0.0,0.0,1600.0,4466.0,11880.0,0.0,8277,0.0,1930.0,0.0,6140,0.0,0.0,6100.0,2500.0,48560,25965,1602.0,0.0,10700.0,24650,3400.0,0.0,6329.0,0.0
4100,2835.0,13025,1182,0.0,0.0,2425.0,36900.0,0.0,4600.0,1589.0,12991.0,980.0,2827,0.0,0.0,0.0,0.0,1610.0,4458.0,12496.0,0.0,8165,0.0,1937.0,0.0,6040,0.0,0.0,6081.0,2500.0,50400,25736,1645.0,0.0,10500.0,24645,3414.0,0.0,6200.0,0.0
4189,2950.0,13125,1159,0.0,0.0,2470.0,37100.0,0.0,4665.0,1580.0,13041.0,1000.0,2834,0.0,0.0,0.0,0.0,1655.0,4542.0,12857.0,0.0,8199,0.0,1975.0,0.0,6050,0.0,0.0,6080.0,2488.0,52060,25769,1679.0,0.0,10700.0,24900,3429.0,0.0,6310.0,0.0
4231,3000.0,13250,1150,0.0,0.0,2540.0,37545.0,0.0,4665.0,1621.0,13141.0,1000.0,2862,0.0,0.0,0.0,0.0,1630.0,4650.0,12918.0,0.0,8400,0.0,1950.0,0.0,6060,0.0,0.0,6100.0,2562.0,53695,26044,1686.0,0.0,10780.0,25600,3430.0,0.0,6360.0,0.0
4191,3000.0,13438,1140,0.0,0.0,2690.0,37840.0,0.0,4817.0,1640.0,12931.0,995.0,2837,0.0,0.0,0.0,0.0,1600.0,4579.0,12408.0,0.0,8455,0.0,1900.0,0.0,6158,0.0,0.0,6138.0,2600.0,52600,26099,1636.0,0.0,10950.0,26200,3440.0,0.0,6298.0,0.0
4300,2750.0,13150,1145,0.0,0.0,2723.0,36380.0,0.0,4629.0,1585.0,13031.0,1000.0,2859,0.0,0.0,0.0,0.0,1629.0,4506.0,12505.0,0.0,8150,0.0,1980.0,0.0,5890,0.0,0.0,5813.0,2551.0,54980,25116,1699.0,0.0,10800.0,25125,3425.0,0.0,6100.0,0.0
4260,2800.0,13725,1150,0.0,0.0,2650.0,37050.0,0.0,4645.0,1600.0,13031.0,1000.0,2890,0.0,0.0,0.0,0.0,1630.0,4533.0,12496.0,0.0,8095,0.0,1960.0,0.0,5889,0.0,0.0,5890.0,2575.0,54700,25440,1637.0,0.0,10880.0,25300,3409.0,0.0,6269.0,0.0
4230,2920.0,13538,1146,0.0,0.0,2725.0,36375.0,0.0,4584.0,1600.0,12697.0,995.0,2833,0.0,0.0,0.0,0.0,1590.0,4429.0,12008.0,0.0,8020,0.0,1940.0,0.0,5930,0.0,0.0,5947.0,2573.0,51000,25027,1590.0,0.0,10860.0,24600,3410.0,0.0,6500.0,0.0
4400,2915.0,12675,1175,0.0,0.0,2665.0,35400.0,0.0,4483.0,1585.0,12891.0,975.0,2867,0.0,0.0,0.0,0.0,1690.0,4399.0,12487.0,0.0,7900,0.0,2080.0,0.0,5923,0.0,0.0,5970.0,2595.0,51530,23989,1632.0,0.0,10805.0,23975,3410.0,0.0,6263.0,0.0
4050,2750.0,12500,1300,0.0,0.0,2590.0,37175.0,0.0,4382.0,1580.0,12891.0,980.0,2875,0.0,0.0,0.0,0.0,1645.0,4487.0,12364.0,0.0,8099,0.0,2000.0,0.0,6200,0.0,0.0,6100.0,2600.0,50605,24286,1618.0,0.0,10906.0,24299,3400.0,0.0,6430.0,0.0
4190,2798.0,12946,1260,0.0,0.0,2595.0,36794.0,0.0,4368.0,1605.0,12742.0,980.0,2806,0.0,0.0,0.0,0.0,1580.0,4451.0,11969.0,0.0,8060,0.0,2010.0,0.0,6040,0.0,0.0,6100.0,2641.0,49000,24231,1578.0,0.0,11000.0,24500,3500.0,0.0,6410.0,0.0
4150,2900.0,12263,1220,0.0,0.0,2570.0,35600.0,0.0,4362.0,1560.0,12493.0,986.0,2745,0.0,0.0,0.0,0.0,1551.0,4343.0,11660.0,0.0,7900,0.0,1940.0,0.0,5860,0.0,0.0,6010.0,2615.0,46050,23846,1548.0,0.0,10705.0,23755,3600.0,0.0,6230.0,0.0
4185,2900.0,11888,1255,0.0,0.0,2530.0,34525.0,0.0,4140.0,1531.0,12691.0,980.0,2771,0.0,0.0,0.0,0.0,1608.0,4396.0,11572.0,0.0,7850,0.0,1984.0,0.0,5800,0.0,0.0,5850.0,2550.0,47030,23907,1573.0,0.0,10570.0,22800,3621.0,0.0,6100.0,0.0
4305,2950.0,12325,1250,0.0,0.0,2520.0,34000.0,0.0,4201.0,1558.0,12597.0,970.0,2770,0.0,0.0,0.0,0.0,1640.0,4396.0,11178.0,0.0,7930,0.0,1990.0,0.0,5998,0.0,0.0,5955.0,2530.0,46000,23615,1624.0,0.0,10750.0,20900,3619.0,0.0,6140.0,0.0
4495,2950.0,12563,1265,0.0,0.0,2560.0,32850.0,0.0,4137.0,1546.0,12691.0,985.0,2806,0.0,0.0,0.0,0.0,1715.0,4432.0,11923.0,0.0,8000,0.0,2001.0,0.0,5950,0.0,0.0,6000.0,2500.0,50500,23137,1692.0,0.0,10860.0,20885,3688.0,0.0,6200.0,0.0
4495,2950.0,14500,1270,0.0,0.0,2580.0,33600.0,0.0,4443.0,1555.0,12493.0,995.0,2811,0.0,0.0,0.0,0.0,1690.0,4579.0,12100.0,0.0,8409,0.0,2005.0,0.0,6110,0.0,0.0,6149.0,2485.0,50100,24835,1692.0,0.0,11450.0,21500,3600.0,0.0,6165.0,0.0
4476,3050.0,14063,1300,0.0,0.0,2800.0,32699.0,0.0,4503.0,1560.0,12554.0,996.0,2875,0.0,0.0,0.0,0.0,1678.0,4652.0,12241.0,0.0,8230,0.0,2000.0,0.0,6020,0.0,0.0,6060.0,2450.0,49800,24379,1717.0,0.0,11350.0,22400,3610.0,0.0,6220.0,0.0
4360,2999.0,13475,1310,0.0,0.0,2760.0,33025.0,0.0,4443.0,1560.0,12692.0,996.0,2918,0.0,0.0,0.0,0.0,1700.0,4652.0,12198.0,0.0,8361,0.0,2060.0,0.0,6082,0.0,0.0,6132.0,2500.0,49600,25000,1713.0,0.0,11750.0,22850,3603.0,0.0,6210.0,0.0
4380,3000.0,13425,1294,0.0,0.0,2730.0,33240.0,0.0,4623.0,1570.0,12642.0,1020.0,2988,0.0,0.0,0.0,0.0,1695.0,4698.0,12355.0,0.0,8522,0.0,2060.0,0.0,6200,0.0,0.0,6260.0,2530.0,49120,25440,1730.0,0.0,11840.0,22499,3625.0,0.0,6220.0,0.0
4300,3140.0,13075,1290,0.0,0.0,2800.0,33100.0,0.0,4625.0,1585.0,12692.0,1050.0,2939,0.0,0.0,0.0,0.0,1650.0,4720.0,12188.0,0.0,8515,0.0,2060.0,0.0,6250,0.0,0.0,6302.0,2600.0,50000,25533,1675.0,0.0,11800.0,21900,3665.0,0.0,6201.0,0.0
4200,3120.0,13313,1285,0.0,0.0,2774.0,32655.0,0.0,4483.0,1595.0,12592.0,1060.0,2935,0.0,0.0,0.0,0.0,1667.0,4652.0,12451.0,0.0,8320,0.0,2061.0,0.0,6240,0.0,0.0,6300.0,2500.0,50550,25276,1684.0,0.0,11855.0,21700,3730.0,0.0,6150.0,0.0
4000,3105.0,13313,1286,0.0,0.0,2700.0,33200.0,0.0,4362.0,1595.0,12247.0,1065.0,2918,0.0,0.0,0.0,0.0,1605.0,4762.0,11880.0,0.0,8299,0.0,2002.0,0.0,6260,0.0,0.0,6324.0,2495.0,49250,25714,1590.0,0.0,12280.0,21875,3745.0,0.0,6171.0,0.0
4000,3100.0,13125,1286,0.0,0.0,2610.0,31801.0,0.0,4184.0,1573.0,12247.0,1075.0,2918,0.0,0.0,0.0,0.0,1605.0,4746.0,11880.0,0.0,7901,0.0,2002.0,0.0,6190,0.0,0.0,6240.0,2460.0,49250,25077,1590.0,0.0,11950.0,21100,3720.0,0.0,6000.0,0.0
4290,3105.0,13125,1300,0.0,0.0,2536.0,31801.0,0.0,4184.0,1573.0,12492.0,1065.0,2974,0.0,0.0,0.0,0.0,1620.0,4746.0,11484.0,0.0,7901,0.0,2060.0,0.0,6190,0.0,0.0,6240.0,2460.0,50508,25077,1624.0,0.0,11950.0,21100,3700.0,0.0,6000.0,0.0
4201,3105.0,13439,1330,0.0,0.0,2536.0,31206.0,0.0,4282.0,1590.0,12162.0,1065.0,2960,0.0,0.0,0.0,0.0,1570.0,4890.0,11220.0,0.0,8100,0.0,2100.0,0.0,6277,0.0,0.0,6300.0,2490.0,50650,25385,1603.0,0.0,12101.0,21495,3700.0,0.0,5960.0,0.0
4130,3115.0,13540,1350,0.0,0.0,2570.0,32051.0,0.0,4421.0,1590.0,12162.0,1069.0,2985,0.0,0.0,0.0,0.0,1555.0,4835.0,11106.0,0.0,7870,0.0,2113.0,0.0,6060,0.0,0.0,6120.0,2470.0,50800,25505,1628.0,0.0,12295.0,21500,3700.0,0.0,5701.0,0.0
4000,3100.0,12688,1330,0.0,0.0,2580.0,31450.0,0.0,4528.0,1570.0,11792.0,1040.0,2974,0.0,0.0,0.0,0.0,1415.0,4835.0,10516.0,0.0,8080,0.0,2070.0,0.0,6220,0.0,0.0,6280.0,2470.0,47552,25027,1511.0,0.0,12300.0,21290,3650.0,0.0,5825.0,0.0
4000,3100.0,11775,1310,0.0,0.0,2500.0,30800.0,0.0,4363.0,1545.0,11642.0,1045.0,2918,0.0,0.0,0.0,0.0,1490.0,4730.0,10318.0,0.0,7755,0.0,2030.0,0.0,5890,0.0,0.0,5960.0,2440.0,48505,23626,1557.0,0.0,12210.0,20200,3630.0,0.0,5480.0,0.0
3990,3000.0,12250,1320,0.0,0.0,2400.0,30800.0,0.0,4039.0,1531.0,11992.0,1025.0,2918,0.0,0.0,0.0,0.0,1560.0,4670.0,10560.0,0.0,7730,0.0,2050.0,0.0,5731,0.0,0.0,5800.0,2440.0,48250,23477,1649.0,0.0,12217.0,20100,3566.0,0.0,5601.0,0.0
4090,2900.0,12725,1335,0.0,0.0,2370.0,30850.0,0.0,3959.0,1540.0,11992.0,1010.0,2918,0.0,0.0,0.0,0.0,1600.0,4687.0,10274.0,0.0,7950,0.0,2120.0,0.0,5720,0.0,0.0,5800.0,2425.0,48026,23588,1605.0,0.0,12270.0,20400,3500.0,0.0,5720.0,0.0
4170,2900.0,12763,1300,0.0,0.0,2500.0,29500.0,0.0,3978.0,1555.0,12192.0,1030.0,2936,0.0,0.0,0.0,0.0,1620.0,4684.0,10507.0,0.0,8000,0.0,2200.0,0.0,6000,0.0,0.0,5981.0,2400.0,48600,23022,1632.0,0.0,12200.0,20425,3590.0,0.0,5830.0,0.0
4200,2910.0,12813,1315,0.0,0.0,2470.0,30395.0,0.0,3987.0,1593.0,12541.0,1010.0,3058,0.0,0.0,0.0,0.0,1650.0,4725.0,10806.0,0.0,8060,0.0,2150.0,0.0,5920,0.0,0.0,5955.0,2409.0,48802,23286,1657.0,0.0,12148.0,20500,3670.0,0.0,6015.0,0.0
4329,2910.0,12925,1281,0.0,0.0,2575.0,31000.0,0.0,4241.0,1600.0,12692.0,1025.0,3114,0.0,0.0,0.0,0.0,1680.0,4872.0,11000.0,0.0,8080,0.0,2125.0,0.0,6000,0.0,0.0,5940.0,2360.0,50900,23643,1700.0,0.0,12254.0,21990,3500.0,0.0,6150.0,0.0
4300,2920.0,13900,1280,0.0,0.0,2533.0,31500.0,0.0,4380.0,1600.0,12392.0,1060.0,3086,0.0,0.0,0.0,0.0,1640.0,5055.0,10868.0,0.0,8300,0.0,2101.0,0.0,6040,0.0,0.0,6145.0,2379.0,50500,24396,1726.0,0.0,12600.0,22850,3700.0,0.0,6140.0,0.0
4195,2920.0,13600,1280,0.0,0.0,2555.0,31500.0,0.0,4180.0,1598.0,12332.0,1041.0,3058,0.0,0.0,0.0,0.0,1660.0,4891.0,10912.0,0.0,8310,0.0,2150.0,0.0,6232,0.0,0.0,6280.0,2350.0,54200,24368,1734.0,0.0,12617.0,22805,3799.0,0.0,6125.0,0.0
4150,2920.0,14063,1315,0.0,0.0,2520.0,31000.0,0.0,4201.0,1620.0,12681.0,1070.0,3149,0.0,0.0,0.0,0.0,1689.0,4890.0,11132.0,0.0,8498,0.0,2170.0,0.0,6400,0.0,0.0,6450.0,2370.0,54810,24418,1764.0,0.0,13030.0,23000,3727.0,0.0,6270.0,0.0
4150,2835.0,14100,1315,0.0,0.0,2615.0,31300.0,0.0,4241.0,1620.0,12681.0,1095.0,3149,0.0,0.0,0.0,0.0,1689.0,4920.0,11132.0,0.0,8600,0.0,2170.0,0.0,6650,0.0,0.0,6690.0,2334.0,54810,25099,1764.0,0.0,13401.0,22995,3650.0,0.0,6261.0,0.0
4125,2870.0,14100,1301,0.0,0.0,2614.0,31300.0,0.0,4241.0,1620.0,12342.0,1090.0,3177,0.0,0.0,0.0,0.0,1690.0,4920.0,11044.0,0.0,8600,0.0,2150.0,0.0,6650,0.0,0.0,6690.0,2334.0,52999,25099,1751.0,0.0,13401.0,22995,3700.0,0.0,6261.0,0.0
4230,2870.0,13878,1310,0.0,0.0,2614.0,30770.0,0.0,4241.0,1630.0,12192.0,1090.0,3212,0.0,0.0,0.0,0.0,1710.0,4908.0,10859.0,0.0,8571,0.0,2170.0,0.0,6600,0.0,0.0,6670.0,2345.0,53949,24451,1768.0,0.0,13400.0,22950,3700.0,0.0,6135.0,0.0
4341,2900.0,14375,1315,0.0,0.0,2600.0,30400.0,0.0,4197.0,1640.0,12392.0,1090.0,3182,0.0,0.0,0.0,0.0,1728.0,4872.0,11079.0,0.0,8800,0.0,2170.0,0.0,6620,0.0,0.0,6675.0,2340.0,53980,24864,1766.0,0.0,13823.0,22955,3750.0,0.0,6350.0,0.0
4400,2930.0,14500,1315,0.0,0.0,2600.0,30425.0,0.0,4443.0,1660.0,12382.0,1105.0,3212,0.0,0.0,0.0,0.0,1750.0,4817.0,11396.0,0.0,8700,0.0,2130.0,0.0,6492,0.0,0.0,6535.0,2346.0,57500,25495,1779.0,0.0,13835.0,22702,3722.0,0.0,6300.0,0.0
4315,2900.0,15313,1320,0.0,0.0,2650.0,32300.0,0.0,4483.0,1620.0,12292.0,1120.0,3128,0.0,0.0,0.0,0.0,1680.0,4886.0,11352.0,0.0,8555,0.0,2145.0,0.0,6410,0.0,0.0,6470.0,2360.0,56199,25823,1721.0,0.0,13640.0,22550,3775.0,0.0,6300.0,0.0
4275,2900.0,14438,1340,0.0,0.0,2800.0,32700.0,0.0,4378.0,1620.0,12332.0,1100.0,3142,0.0,0.0,0.0,0.0,1670.0,4857.0,11351.0,0.0,8530,0.0,2170.0,0.0,6240,0.0,0.0,6322.0,2361.0,56344,25803,1743.0,0.0,13000.0,22500,3750.0,0.0,6141.0,0.0
4350,2895.0,14572,1360,0.0,0.0,2725.0,32500.0,0.0,4318.0,1635.0,12592.0,1062.0,3203,0.0,0.0,0.0,0.0,1695.0,4909.0,11923.0,0.0,8466,0.0,2220.0,0.0,6279,0.0,0.0,6361.0,2446.0,57500,25780,1768.0,0.0,12850.0,22975,3668.0,0.0,6130.0,0.0
4320,3050.0,14875,1355,0.0,0.0,2810.0,33200.0,0.0,4415.0,1650.0,12542.0,1050.0,3198,0.0,0.0,0.0,0.0,1650.0,5000.0,11826.0,0.0,8650,0.0,2250.0,0.0,6280,0.0,0.0,6360.0,2480.0,55938,26538,1700.0,0.0,13040.0,23650,3779.0,0.0,6200.0,0.0
4421,3100.0,14563,1340,0.0,0.0,2950.0,32800.0,0.0,4504.0,1639.0,12792.0,1070.0,3226,0.0,0.0,0.0,0.0,1660.0,4945.0,12122.0,0.0,8480,0.0,2295.0,0.0,6260,0.0,0.0,6300.0,2451.0,57900,26022,1732.0,0.0,12845.0,23300,3801.0,0.0,6150.0,0.0
4439,3100.0,15188,1322,0.0,0.0,3100.0,33750.0,0.0,4604.0,1650.0,12841.0,1080.0,3232,0.0,0.0,0.0,0.0,1660.0,5026.0,12012.0,0.0,8780,0.0,2235.0,0.0,6240,0.0,0.0,6340.0,2456.0,57850,26495,1680.0,0.0,13050.0,23900,3825.0,0.0,6210.0,0.0
4420,3200.0,15000,1322,0.0,0.0,3130.0,32595.0,0.0,4697.0,1629.0,12967.0,1070.0,3234,0.0,0.0,0.0,0.0,1631.0,4945.0,12074.0,0.0,8605,0.0,2243.0,0.0,6340,0.0,0.0,6442.0,2400.0,57205,26841,1704.0,0.0,12900.0,23475,3810.0,0.0,6170.0,0.0
4449,3175.0,15438,1315,0.0,0.0,3100.0,32321.0,0.0,4718.0,1660.0,12996.0,1070.0,3114,0.0,0.0,0.0,0.0,1591.0,4890.0,12272.0,0.0,8470,0.0,2210.0,0.0,6600,0.0,0.0,6678.0,2360.0,57650,27390,1663.0,0.0,12690.0,23400,3830.0,0.0,5995.0,0.0
4450,3350.0,15500,1318,0.0,0.0,3120.0,32550.0,0.0,4746.0,1661.0,13341.0,1090.0,3092,0.0,0.0,0.0,0.0,1625.0,4799.0,12142.0,0.0,8380,0.0,2200.0,0.0,6600,0.0,0.0,6624.0,2370.0,56534,27692,1709.0,0.0,12620.0,23200,3700.0,0.0,6009.0,0.0
4440,3400.0,14875,1312,0.0,0.0,3140.0,32290.0,0.0,4790.0,1669.0,13241.0,1070.0,3097,0.0,0.0,0.0,0.0,1629.0,4872.0,11968.0,0.0,8359,0.0,2240.0,0.0,6740,0.0,0.0,6764.0,2420.0,57600,27205,1704.0,0.0,12675.0,23201,3700.0,0.0,6101.0,0.0
4439,3499.0,14748,1306,0.0,0.0,3125.0,31502.0,0.0,4635.0,1660.0,13026.0,1059.0,3142,0.0,0.0,0.0,0.0,1639.0,4865.0,12280.0,0.0,8340,0.0,2200.0,0.0,6671,0.0,0.0,6740.0,2440.0,60100,27929,1713.0,0.0,12620.0,23400,3700.0,0.0,6020.0,0.0
4440,3425.0,14625,1305,0.0,0.0,3128.0,31700.0,0.0,4703.0,1683.0,13151.0,1054.0,3107,0.0,0.0,0.0,0.0,1626.0,4835.0,12087.0,0.0,8500,0.0,2355.0,0.0,6533,0.0,0.0,6580.0,2425.0,62200,28538,1679.0,0.0,12650.0,24000,3716.0,0.0,6000.0,0.0
4389,3320.0,14750,1299,0.0,0.0,3130.0,30605.0,0.0,4721.0,1630.0,13545.0,1040.0,3058,0.0,0.0,0.0,0.0,1605.0,4711.0,12426.0,0.0,8500,0.0,2489.0,0.0,6377,0.0,0.0,6449.0,2400.0,60800,28038,1717.0,0.0,12525.0,24050,3801.0,0.0,6027.0,0.0
4389,3400.0,14375,1299,0.0,0.0,3100.0,30900.0,0.0,4524.0,1611.0,13545.0,1030.0,3058,0.0,0.0,0.0,0.0,1605.0,4674.0,12426.0,0.0,8440,0.0,2489.0,0.0,6440,0.0,0.0,6510.0,2405.0,60800,27819,1717.0,0.0,12600.0,23800,3846.0,0.0,5901.0,0.0
4389,3400.0,14375,1299,0.0,0.0,3030.0,30900.0,0.0,4524.0,1611.0,13545.0,1050.0,3058,0.0,0.0,0.0,0.0,1605.0,4674.0,12426.0,0.0,8440,0.0,2489.0,0.0,6440,0.0,0.0,6510.0,2405.0,60800,27819,1717.0,0.0,12600.0,23800,3887.0,0.0,5901.0,0.0
4365,3400.0,14375,1300,0.0,0.0,3030.0,30900.0,0.0,4524.0,1611.0,13821.0,1050.0,3083,0.0,0.0,0.0,0.0,1641.0,4674.0,12998.0,0.0,8440,0.0,2499.0,0.0,6440,0.0,0.0,6510.0,2405.0,59885,27819,1713.0,0.0,12600.0,23800,3887.0,0.0,5901.0,0.0
4300,3400.0,14213,1305,0.0,0.0,3030.0,31900.0,0.0,4588.0,1620.0,13741.0,1050.0,3130,0.0,0.0,0.0,0.0,1648.0,4652.0,13201.0,0.0,8800,0.0,2529.0,0.0,6694,0.0,0.0,6706.0,2405.0,58500,28337,1737.0,0.0,12660.0,25000,3887.0,0.0,5830.0,0.0
4350,3400.0,13750,1312,0.0,0.0,3012.0,32277.0,0.0,4689.0,1630.0,13541.0,1025.0,3064,0.0,0.0,0.0,0.0,1635.0,4762.0,13046.0,0.0,8800,0.0,2530.0,0.0,6745,0.0,0.0,6810.0,2416.0,56004,28793,1717.0,0.0,12712.0,24800,3970.0,0.0,5930.0,0.0
4371,3400.0,13875,1320,0.0,0.0,2974.0,31999.0,0.0,4685.0,1630.0,13121.0,1030.0,2996,0.0,0.0,0.0,0.0,1578.0,4769.0,13199.0,0.0,8795,0.0,2540.0,0.0,6680,0.0,0.0,6804.0,2380.0,55400,28308,1709.0,0.0,12675.0,25100,3940.0,0.0,5900.0,0.0
4400,3400.0,13750,1322,0.0,0.0,3010.0,31960.0,0.0,4746.0,1664.0,12973.0,1040.0,2998,0.0,0.0,0.0,0.0,1570.0,4780.0,13200.0,0.0,8648,0.0,2531.0,0.0,6760,0.0,0.0,6816.0,2380.0,57700,29011,1687.0,0.0,12625.0,24900,3760.0,0.0,5930.0,0.0
4300,3361.0,13763,1322,0.0,0.0,3018.0,31900.0,0.0,4726.0,1634.0,12841.0,1030.0,3020,0.0,0.0,0.0,0.0,1560.0,4747.0,13319.0,0.0,8350,0.0,2530.0,0.0,6800,0.0,0.0,6882.0,2380.0,59500,29395,1675.0,0.0,12550.0,25100,3775.0,0.0,5850.0,0.0
4275,3250.0,14004,1325,0.0,0.0,3000.0,32250.0,0.0,4685.0,1648.0,13241.0,1020.0,3086,0.0,0.0,0.0,0.0,1555.0,4762.0,13518.0,0.0,8435,0.0,2535.0,0.0,6760,0.0,0.0,6841.0,2370.0,61000,28791,1680.0,0.0,12550.0,25420,3770.0,0.0,5865.0,0.0
4275,3150.0,14750,1325,0.0,0.0,2950.0,32800.0,0.0,4748.0,1675.0,13241.0,1015.0,3086,0.0,0.0,0.0,0.0,1555.0,4871.0,13518.0,0.0,8600,0.0,2535.0,0.0,6890,0.0,0.0,6971.0,2371.0,61000,29236,1680.0,0.0,12605.0,25600,3790.0,0.0,6001.0,0.0
4250,3150.0,14750,1325,0.0,0.0,3030.0,32800.0,0.0,4748.0,1675.0,13191.0,1025.0,3083,0.0,0.0,0.0,0.0,1553.0,4871.0,13311.0,0.0,8600,0.0,2530.0,0.0,6890,0.0,0.0,6971.0,2371.0,58101,29236,1683.0,0.0,12605.0,25600,3775.0,0.0,6001.0,0.0
4250,3150.0,14250,1325,0.0,0.0,3030.0,32601.0,0.0,4593.0,1685.0,13191.0,1025.0,3083,0.0,0.0,0.0,0.0,1553.0,4857.0,13311.0,0.0,8580,0.0,2530.0,0.0,6850,0.0,0.0,6902.0,2445.0,58101,28462,1683.0,0.0,12555.0,25300,3775.0,0.0,6000.0,0.0
4270,3195.0,14250,1325,0.0,0.0,3075.0,32601.0,0.0,4593.0,1685.0,13124.0,1020.0,3044,0.0,0.0,0.0,0.0,1560.0,4857.0,13482.0,0.0,8580,0.0,2531.0,0.0,6850,0.0,0.0,6902.0,2445.0,60530,28462,1671.0,0.0,12555.0,25300,3755.0,0.0,6000.0,0.0
4269,3195.0,14876,1330,0.0,0.0,3075.0,33109.0,0.0,4524.0,1685.0,12841.0,1020.0,3050,0.0,0.0,0.0,0.0,1570.0,4788.0,13323.0,0.0,8451,0.0,2610.0,0.0,6822,0.0,0.0,6885.0,2440.0,61000,29179,1645.0,0.0,12560.0,26780,3755.0,0.0,6025.0,0.0
4220,3200.0,14638,1340,0.0,0.0,3250.0,32920.0,0.0,4604.0,1700.0,12692.0,1020.0,3031,0.0,0.0,0.0,0.0,1560.0,4885.0,13287.0,0.0,8340,0.0,2645.0,0.0,7100,0.0,0.0,7178.0,2425.0,64000,29011,1630.0,0.0,12550.0,26500,3701.0,0.0,6440.0,0.0
4200,3200.0,14913,1345,0.0,0.0,3344.0,34017.0,0.0,4794.0,1750.0,13141.0,1025.0,3036,0.0,0.0,0.0,0.0,1561.0,4902.0,12857.0,0.0,8340,0.0,2620.0,0.0,6900,0.0,0.0,6988.0,2400.0,65700,29505,1641.0,0.0,13101.0,26506,3750.0,0.0,6516.0,0.0
4190,3210.0,15275,1353,0.0,0.0,3344.0,33700.0,0.0,4847.0,1715.0,13341.0,1026.0,2977,0.0,0.0,0.0,0.0,1572.0,4938.0,12294.0,0.0,8405,0.0,2591.0,0.0,6980,0.0,0.0,7060.0,2374.0,65500,30441,1620.0,0.0,13400.0,27460,3760.0,0.0,6800.0,0.0
4165,3275.0,15363,1358,0.0,0.0,3410.0,32389.0,0.0,4750.0,1741.0,13451.0,1050.0,3030,0.0,0.0,0.0,0.0,1610.0,4978.0,12650.0,0.0,8365,0.0,2575.0,0.0,7100,0.0,0.0,7200.0,2400.0,67805,30659,1636.0,0.0,13605.0,27396,3830.0,0.0,6530.0,0.0
4070,3220.0,16076,1355,0.0,0.0,3462.0,33600.0,0.0,4766.0,1711.0,13286.0,1040.0,3009,0.0,0.0,0.0,0.0,1618.0,4945.0,13288.0,0.0,8454,0.0,2570.0,0.0,7240,0.0,0.0,7324.0,2400.0,70350,31049,1639.0,0.0,13600.0,27449,3970.0,0.0,6375.0,0.0
4138,3260.0,17138,1355,0.0,0.0,3600.0,34600.0,0.0,4806.0,1700.0,13242.0,1050.0,2980,0.0,0.0,0.0,0.0,1620.0,5018.0,13992.0,0.0,8450,0.0,2556.0,0.0,7202,0.0,0.0,7284.0,2410.0,68491,31264,1619.0,0.0,13750.0,27500,3939.0,0.0,6168.0,0.0
4075,3250.0,16563,1345,0.0,0.0,3700.0,34595.0,0.0,4846.0,1670.0,12891.0,1050.0,2918,0.0,0.0,0.0,0.0,1590.0,4945.0,14075.0,0.0,8460,0.0,2410.0,0.0,7390,0.0,0.0,7470.0,2410.0,67500,31725,1584.0,0.0,13735.0,27900,3915.0,0.0,6084.0,0.0
3850,3300.0,16500,1280,0.0,0.0,3800.0,34400.0,0.0,4810.0,1591.0,12191.0,1050.0,2779,0.0,0.0,0.0,0.0,1575.0,4817.0,12853.0,0.0,8255,0.0,2340.0,0.0,7060,0.0,0.0,7141.0,2400.0,61500,31220,1541.0,0.0,13300.0,27450,3925.0,0.0,5900.0,0.0
3900,3320.0,15313,1260,0.0,0.0,3650.0,32205.0,0.0,4423.0,1520.0,12216.0,1050.0,2883,0.0,0.0,0.0,0.0,1560.0,4725.0,12760.0,0.0,8000,0.0,2426.0,0.0,6920,0.0,0.0,7040.0,2300.0,61000,30000,1594.0,0.0,12850.0,25505,3890.0,0.0,5700.0,0.0
4016,3200.0,15100,1280,0.0,0.0,3350.0,31500.0,0.0,4512.0,1570.0,12342.0,1000.0,2826,0.0,0.0,0.0,0.0,1555.0,4780.0,13121.0,0.0,8030,0.0,2390.0,0.0,6700,0.0,0.0,6820.0,2275.0,60105,29155,1598.0,0.0,12975.0,25020,3695.0,0.0,5600.0,0.0
3969,3290.0,15188,1250,0.0,0.0,3370.0,32200.0,0.0,4537.0,1577.0,12362.0,1010.0,2817,0.0,0.0,0.0,0.0,1535.0,4762.0,12936.0,0.0,7975,0.0,2391.0,0.0,6540,0.0,0.0,6691.0,2340.0,61001,28248,1582.0,0.0,12860.0,24620,3640.0,0.0,5625.0,0.0
3850,3350.0,15107,1245,0.0,0.0,3680.0,31980.0,0.0,4645.0,1540.0,12192.0,1002.0,2829,0.0,0.0,0.0,0.0,1550.0,4725.0,12135.0,0.0,7900,0.0,2400.0,0.0,6520,0.0,0.0,6660.0,2265.0,61200,27912,1546.0,0.0,12330.0,24158,3640.0,0.0,5710.0,0.0
3741,3268.0,14950,1165,0.0,0.0,3600.0,30580.0,0.0,4766.0,1525.0,11692.0,990.0,2828,0.0,0.0,0.0,0.0,1540.0,4720.0,11485.0,0.0,7790,0.0,2400.0,0.0,6660,0.0,0.0,6780.0,2250.0,57000,27484,1455.0,0.0,12000.0,24300,3600.0,0.0,5661.0,0.0
3870,3270.0,13875,1192,0.0,0.0,3501.0,30000.0,0.0,4625.0,1480.0,12110.0,991.0,2904,0.0,0.0,0.0,0.0,1570.0,4652.0,12087.0,0.0,7400,0.0,2419.0,0.0,6516,0.0,0.0,6599.0,2202.0,60000,26012,1513.0,0.0,11375.0,23984,3515.0,0.0,5719.0,0.0
3720,3200.0,14538,1199,0.0,0.0,3280.0,31040.0,0.0,4762.0,1495.0,11992.0,965.0,2848,0.0,0.0,0.0,0.0,1550.0,4799.0,11708.0,0.0,7800,0.0,2400.0,0.0,6600,0.0,0.0,6700.0,2250.0,58100,28078,1475.0,0.0,11615.0,25300,3420.0,0.0,5600.0,0.0
3675,3150.0,13875,1202,0.0,0.0,3337.0,30000.0,0.0,4564.0,1480.0,12432.0,970.0,2861,0.0,0.0,0.0,0.0,1551.0,4707.0,11827.0,0.0,7630,0.0,2355.0,0.0,6598,0.0,0.0,6700.0,2245.0,58416,27527,1513.0,0.0,11500.0,24650,3570.0,0.0,5500.0,0.0
3672,3050.0,13750,1206,0.0,0.0,3400.0,30422.0,0.0,4661.0,1438.0,12692.0,970.0,2890,0.0,0.0,0.0,0.0,1610.0,4674.0,12126.0,0.0,7684,0.0,2410.0,0.0,6460,0.0,0.0,6585.0,2223.0,60500,27692,1551.0,0.0,11605.0,24775,3450.0,0.0,5520.0,0.0
3779,3060.0,14294,1210,0.0,0.0,3330.0,30500.0,0.0,4746.0,1510.0,13041.0,950.0,2932,0.0,0.0,0.0,0.0,1625.0,4870.0,12232.0,0.0,7830,0.0,2450.0,0.0,6900,0.0,0.0,7000.0,2200.0,61499,29011,1573.0,0.0,11849.0,26074,3480.0,0.0,5890.0,0.0
3650,3190.0,14625,1235,0.0,0.0,3500.0,30800.0,0.0,4806.0,1535.0,12648.0,940.0,2850,0.0,0.0,0.0,0.0,1570.0,4940.0,12596.0,0.0,7990,0.0,2450.0,0.0,6920,0.0,0.0,7020.0,2200.0,60051,29274,1518.0,0.0,12050.0,26150,3450.0,0.0,5855.0,0.0
3740,3110.0,14125,1210,0.0,0.0,3600.0,31006.0,0.0,4730.0,1520.0,12292.0,945.0,2806,0.0,0.0,0.0,0.0,1531.0,4894.0,12980.0,0.0,7849,0.0,2490.0,0.0,6780,0.0,0.0,6918.0,2180.0,59700,28846,1505.0,0.0,11700.0,25802,3425.0,0.0,5683.0,0.0
3650,3120.0,14188,1215,0.0,0.0,3600.0,30900.0,0.0,4673.0,1523.0,12266.0,950.0,2862,0.0,0.0,0.0,0.0,1536.0,4909.0,12267.0,0.0,7803,0.0,2485.0,0.0,6880,0.0,0.0,6981.0,2165.0,58500,29390,1539.0,0.0,11500.0,25130,3375.0,0.0,5570.0,0.0
3762,3115.0,14475,1231,0.0,0.0,3675.0,30225.0,0.0,4726.0,1510.0,12633.0,940.0,2985,0.0,0.0,0.0,0.0,1581.0,4927.0,12254.0,0.0,8035,0.0,2423.0,0.0,6800,0.0,0.0,6960.0,2140.0,59200,28352,1594.0,0.0,11600.0,24600,3356.0,0.0,5650.0,0.0
3934,3100.0,15075,1235,0.0,0.0,3551.0,31400.0,0.0,4685.0,1553.0,12532.0,950.0,2958,0.0,0.0,0.0,0.0,1547.0,5062.0,12365.0,0.0,8200,0.0,2494.0,0.0,7040,0.0,0.0,7225.0,2132.0,58500,29143,1590.0,0.0,12050.0,25255,3400.0,0.0,5800.0,0.0
3706,3180.0,14938,1237,0.0,0.0,3570.0,31650.0,0.0,4720.0,1555.0,11892.0,980.0,2806,0.0,0.0,0.0,0.0,1480.0,5055.0,11502.0,0.0,8151,0.0,2470.0,0.0,7100,0.0,0.0,7200.0,2098.0,57200,28867,1513.0,0.0,12100.0,25599,3565.0,0.0,5801.0,0.0
3645,3120.0,14001,1225,0.0,0.0,3550.0,29651.0,0.0,4564.0,1485.0,11992.0,985.0,2755,0.0,0.0,0.0,0.0,1470.0,4924.0,11191.0,0.0,7860,0.0,2455.0,0.0,6810,0.0,0.0,6960.0,2070.0,57100,27418,1462.0,0.0,11600.0,24250,3700.0,0.0,5450.0,0.0
3490,3050.0,13625,1175,0.0,0.0,3506.0,28801.0,0.0,4281.0,1450.0,11193.0,950.0,2553,0.0,0.0,0.0,0.0,1400.0,4899.0,10384.0,0.0,7570,0.0,2380.0,0.0,6700,0.0,0.0,6840.0,2025.0,53000,26947,1377.0,0.0,11700.0,23820,3585.0,0.0,5310.0,0.0
3640,3050.0,12500,1165,0.0,0.0,3390.0,27420.0,0.0,3848.0,1385.0,11992.0,940.0,2721,0.0,0.0,0.0,0.0,1467.0,4469.0,10992.0,0.0,7050,0.0,2336.0,0.0,6000,0.0,0.0,6130.0,1930.0,56929,25275,1513.0,0.0,11100.0,22001,3501.0,0.0,5018.0,0.0
3650,2800.0,13750,1172,0.0,0.0,3200.0,28143.0,0.0,4120.0,1420.0,12037.0,910.0,2710,0.0,0.0,0.0,0.0,1450.0,4790.0,10780.0,0.0,7670,0.0,2329.0,0.0,6279,0.0,0.0,6422.0,1949.0,55300,26467,1465.0,0.0,11699.0,23700,3350.0,0.0,5312.0,0.0
3500,2800.0,12883,1149,0.0,0.0,3250.0,27702.0,0.0,4277.0,1385.0,11193.0,915.0,2567,0.0,0.0,0.0,0.0,1390.0,4663.0,9751.0,0.0,7617,0.0,2124.0,0.0,6270,0.0,0.0,6432.0,1950.0,51300,26401,1466.0,0.0,11500.0,23651,3369.0,0.0,5350.0,0.0
3551,2850.0,12125,1145,0.0,0.0,3150.0,25751.0,0.0,4039.0,1351.0,11402.0,910.0,2749,0.0,0.0,0.0,0.0,1450.0,4541.0,10207.0,0.0,7450,0.0,2175.0,0.0,5906,0.0,0.0,6140.0,1890.0,52000,25275,1492.0,0.0,11000.0,22251,3350.0,0.0,5151.0,0.0
3650,2800.0,12000,1156,0.0,0.0,2820.0,27474.0,0.0,4201.0,1375.0,12182.0,870.0,2831,0.0,0.0,0.0,0.0,1480.0,4561.0,10538.0,0.0,7690,0.0,2220.0,0.0,6000,0.0,0.0,6221.0,1900.0,56888,25824,1547.0,0.0,10950.0,22450,3200.0,0.0,5250.0,0.0
3650,2840.0,12625,1156,0.0,0.0,2820.0,27675.0,0.0,4322.0,1465.0,12182.0,880.0,2831,0.0,0.0,0.0,0.0,1480.0,4945.0,10538.0,0.0,7899,0.0,2220.0,0.0,6488,0.0,0.0,6680.0,1950.0,56888,27473,1547.0,0.0,11400.0,24300,3253.0,0.0,5620.0,0.0
3619,2875.0,12625,1163,0.0,0.0,2910.0,27675.0,0.0,4322.0,1465.0,12372.0,900.0,2808,0.0,0.0,0.0,0.0,1467.0,4945.0,10834.0,0.0,7899,0.0,2441.0,0.0,6488,0.0,0.0,6680.0,1950.0,60000,27473,1547.0,0.0,11400.0,24300,3365.0,0.0,5620.0,0.0
3580,2875.0,13013,1140,0.0,0.0,2910.0,29799.0,0.0,4334.0,1485.0,12292.0,900.0,2848,0.0,0.0,0.0,0.0,1486.0,4927.0,11009.0,0.0,7999,0.0,2346.0,0.0,6480,0.0,0.0,6670.0,2036.0,63299,28060,1543.0,0.0,11500.0,23700,3365.0,0.0,5750.0,0.0
3530,2906.0,14000,1130,0.0,0.0,3000.0,29910.0,0.0,4596.0,1445.0,12427.0,925.0,2876,0.0,0.0,0.0,0.0,1541.0,5037.0,12038.0,0.0,7950,0.0,2499.0,0.0,6490,0.0,0.0,6670.0,2076.0,67050,29670,1500.0,0.0,11500.0,24399,3460.0,0.0,5510.0,0.0
3400,3000.0,14625,1115,0.0,0.0,3125.0,30855.0,0.0,4771.0,1390.0,11873.0,900.0,2834,0.0,0.0,0.0,0.0,1481.0,5183.0,12936.0,0.0,7855,0.0,2489.0,0.0,6531,0.0,0.0,6690.0,2080.0,68190,30540,1476.0,0.0,11105.0,25350,3436.0,0.0,5749.0,0.0
3250,3000.0,14945,1080,0.0,0.0,3200.0,31750.0,0.0,4887.0,1364.0,11642.0,890.0,2721,0.0,0.0,0.0,0.0,1450.0,5137.0,12989.0,0.0,7605,0.0,2490.0,0.0,6530,0.0,0.0,6800.0,2050.0,70781,30625,1398.0,0.0,10999.0,26000,3500.0,0.0,5600.0,0.0
3080,3000.0,14750,1025,0.0,0.0,3350.0,32575.0,0.0,5008.0,1340.0,11193.0,890.0,2601,0.0,0.0,0.0,0.0,1380.0,4945.0,13420.0,0.0,7301,0.0,2380.0,0.0,6380,0.0,0.0,6572.0,2000.0,73500,30989,1309.0,0.0,10590.0,26780,3450.0,0.0,5320.0,0.0
3238,2850.0,15325,1000,0.0,0.0,3340.0,33350.0,0.0,5109.0,1275.0,11442.0,850.0,2685,0.0,0.0,0.0,0.0,1405.0,4799.0,13341.0,0.0,6890,0.0,2474.0,0.0,6400,0.0,0.0,6620.0,1945.0,69000,31703,1319.0,0.0,10150.0,26350,3300.0,0.0,5075.0,0.0
3310,2900.0,15438,1002,0.0,0.0,3456.0,33250.0,0.0,5174.0,1277.0,11462.0,820.0,2693,0.0,0.0,0.0,0.0,1420.0,4725.0,13112.0,0.0,7025,0.0,2449.0,0.0,6400,0.0,0.0,6620.0,1905.0,69900,30769,1348.0,0.0,10420.0,26575,3200.0,0.0,5048.0,0.0
3550,2850.0,15840,1025,0.0,0.0,3520.0,32299.0,0.0,5190.0,1290.0,11732.0,800.0,2728,0.0,0.0,0.0,0.0,1430.0,4762.0,13631.0,0.0,7240,0.0,2480.0,0.0,6380,0.0,0.0,6577.0,1940.0,72500,30198,1403.0,0.0,10600.0,27275,3260.0,0.0,5081.0,0.0
3650,2850.0,16713,1071,0.0,0.0,3500.0,32625.0,0.0,5170.0,1330.0,12179.0,820.0,2771,0.0,0.0,0.0,0.0,1450.0,4799.0,14256.0,0.0,7500,0.0,2540.0,0.0,6330,0.0,0.0,6541.0,2000.0,75500,31537,1437.0,0.0,10999.0,27880,3309.0,0.0,5250.0,0.0
3800,2850.0,16498,1100,0.0,0.0,3650.0,35499.0,0.0,5170.0,1370.0,11992.0,840.0,2861,0.0,0.0,0.0,0.0,1439.0,4946.0,14696.0,0.0,7700,0.0,2513.0,0.0,6396,0.0,0.0,6700.0,2010.0,77500,32222,1504.0,0.0,11300.0,27500,3401.0,0.0,5290.0,0.0
3805,2850.0,18000,1085,0.0,0.0,3748.0,34910.0,0.0,5251.0,1391.0,11992.0,881.0,2855,0.0,0.0,0.0,0.0,1449.0,4937.0,15101.0,0.0,7970,0.0,2540.0,0.0,6390,0.0,0.0,6722.0,2070.0,75000,32088,1496.0,0.0,11410.0,27499,3455.0,0.0,5425.0,0.0
3750,2880.0,17125,1090,0.0,0.0,3924.0,35000.0,0.0,5271.0,1410.0,11741.0,890.0,2805,0.0,0.0,0.0,0.0,1410.0,4909.0,14573.0,0.0,7980,0.0,2550.0,0.0,6430,0.0,0.0,6756.0,2100.0,72000,31978,1445.0,0.0,11500.0,27550,3500.0,0.0,5440.0,0.0
3800,2940.0,16250,1065,0.0,0.0,3835.0,34000.0,0.0,5210.0,1339.0,11892.0,910.0,2870,0.0,0.0,0.0,0.0,1449.0,4817.0,14784.0,0.0,7606,0.0,2515.0,0.0,6390,0.0,0.0,6823.0,2100.0,74400,31429,1445.0,0.0,11300.0,26651,3501.0,0.0,5328.0,0.0
3763,2850.0,16188,1065,0.0,0.0,3880.0,34900.0,0.0,5291.0,1351.0,11842.0,881.0,2820,0.0,0.0,0.0,0.0,1469.0,4898.0,14960.0,0.0,7530,0.0,2549.0,0.0,6400,0.0,0.0,6838.0,2100.0,74600,32033,1461.0,0.0,11300.0,27500,3461.0,0.0,5360.0,0.0
3827,2965.0,16380,1040,0.0,0.0,3910.0,34880.0,0.0,5295.0,1340.0,12302.0,910.0,2862,0.0,0.0,0.0,0.0,1489.0,4944.0,14736.0,0.0,7679,0.0,2495.0,0.0,6460,0.0,0.0,6766.0,2100.0,74050,32692,1492.0,0.0,11301.0,27750,3560.0,0.0,5411.0,0.0
3810,3050.0,16137,1030,0.0,0.0,3951.0,34440.0,0.0,5314.0,1385.0,11992.0,905.0,2811,0.0,0.0,0.0,0.0,1499.0,5083.0,14797.0,0.0,7815,0.0,2490.0,0.0,6520,0.0,0.0,6812.0,2100.0,72500,32143,1454.0,0.0,11800.0,27849,3602.0,0.0,5349.0,0.0
3830,3020.0,16238,1037,0.0,0.0,3961.0,34925.0,0.0,5380.0,1389.0,12306.0,910.0,2889,0.0,0.0,0.0,0.0,1538.0,5055.0,15294.0,0.0,7685,0.0,2500.0,0.0,6440,0.0,0.0,6720.0,2120.0,75000,32035,1488.0,0.0,11850.0,27510,3700.0,0.0,5325.0,0.0
3685,2960.0,16806,1030,0.0,0.0,3993.0,36040.0,0.0,5412.0,1384.0,11592.0,915.0,2756,0.0,0.0,0.0,0.0,1470.0,5117.0,14323.0,0.0,7725,0.0,2425.0,0.0,6580,0.0,0.0,6880.0,2150.0,73700,32491,1432.0,0.0,11950.0,27600,3760.0,0.0,5390.0,0.0
3610,2955.0,16400,1000,0.0,0.0,4200.0,34101.0,0.0,5271.0,1305.0,11502.0,925.0,2667,0.0,0.0,0.0,0.0,1440.0,4945.0,14574.0,0.0,7480,0.0,2365.0,0.0,6340,0.0,0.0,6905.0,2140.0,71510,31758,1411.0,0.0,11650.0,26424,3781.0,0.0,5199.0,0.0
3560,2980.0,15825,1010,0.0,0.0,4200.0,34100.0,0.0,5311.0,1315.0,11273.0,920.0,2657,0.0,0.0,0.0,0.0,1425.0,4974.0,14916.0,0.0,7301,0.0,2280.0,0.0,6260,0.0,0.0,6714.0,2125.0,69118,31319,1352.0,0.0,11400.0,26200,3760.0,0.0,5200.0,0.0
3565,3020.0,15150,1010,0.0,0.0,4234.0,33800.0,0.0,5251.0,1255.0,11218.0,900.0,2721,0.0,0.0,0.0,0.0,1430.0,4909.0,14661.0,0.0,7000,0.0,2280.0,0.0,6200,0.0,0.0,6660.0,2100.0,71020,30551,1360.0,0.0,10747.0,25820,3750.0,0.0,4999.0,0.0
3560,2850.0,14987,1001,0.0,0.0,4100.0,33600.0,0.0,5291.0,1310.0,11732.0,880.0,2806,0.0,0.0,0.0,0.0,1474.0,5011.0,14696.0,0.0,7211,0.0,2300.0,0.0,6200,0.0,0.0,6610.0,2081.0,71100,30192,1408.0,0.0,10565.0,26300,3640.0,0.0,5050.0,0.0
3499,2900.0,15550,1020,0.0,0.0,3970.0,34750.0,0.0,5533.0,1350.0,11593.0,865.0,2707,0.0,0.0,0.0,0.0,1440.0,5125.0,13992.0,0.0,7400,0.0,2320.0,0.0,6460,0.0,0.0,6940.0,2099.0,69000,31503,1408.0,0.0,10701.0,26000,3675.0,0.0,5250.0,0.0
3350,2995.0,15375,1030,0.0,0.0,3800.0,34089.0,0.0,5331.0,1310.0,11452.0,881.0,2646,0.0,0.0,0.0,0.0,1430.0,5018.0,13199.0,0.0,7470,0.0,2330.0,0.0,6600,0.0,0.0,7000.0,2149.0,65000,30698,1407.0,0.0,10620.0,25326,3700.0,0.0,5420.0,0.0
3521,2995.0,15000,1025,0.0,0.0,3650.0,33154.0,0.0,5267.0,1299.0,11492.0,926.0,2808,0.0,0.0,0.0,0.0,1480.0,5020.0,12496.0,0.0,7310,0.0,2365.0,0.0,6340,0.0,0.0,6631.0,2196.0,65100,30275,1415.0,0.0,10601.0,24500,3608.0,0.0,5250.0,0.0
3555,2850.0,14939,1026,0.0,0.0,3660.0,32225.0,0.0,5251.0,1330.0,11726.0,920.0,2813,0.0,0.0,0.0,0.0,1512.0,5128.0,12584.0,0.0,7358,0.0,2410.0,0.0,6380,0.0,0.0,6777.0,2200.0,66000,30329,1420.0,0.0,10701.0,24750,3666.0,0.0,5364.0,0.0
3550,2850.0,14930,1040,0.0,0.0,3650.0,32425.0,0.0,5271.0,1360.0,11632.0,910.0,2844,0.0,0.0,0.0,0.0,1515.0,5073.0,12716.0,0.0,7259,0.0,2474.0,0.0,6260,0.0,0.0,6648.0,2228.0,67000,30496,1420.0,0.0,10800.0,24900,3675.0,0.0,5280.0,0.0
3560,2839.0,15000,1059,0.0,0.0,3700.0,33490.0,0.0,5231.0,1370.0,11980.0,910.0,2853,0.0,0.0,0.0,0.0,1564.0,5146.0,12834.0,0.0,7350,0.0,2439.0,0.0,6440,0.0,0.0,6870.0,2265.0,70000,30515,1458.0,0.0,10971.0,25075,3675.0,0.0,5360.0,0.0
3500,2850.0,15688,1049,0.0,0.0,3719.0,33500.0,0.0,5267.0,1370.0,12002.0,915.0,2792,0.0,0.0,0.0,0.0,1510.0,5238.0,12496.0,0.0,7500,0.0,2390.0,0.0,6760,0.0,0.0,7112.0,2300.0,69325,31253,1441.0,0.0,11070.0,25000,3620.0,0.0,5399.0,0.0
3526,2850.0,15350,1051,0.0,0.0,3898.0,32700.0,0.0,5130.0,1329.0,12177.0,935.0,2804,0.0,0.0,0.0,0.0,1536.0,5211.0,12594.0,0.0,7570,0.0,2430.0,0.0,6660,0.0,0.0,7040.0,2300.0,71000,31560,1468.0,0.0,10910.0,24945,3600.0,0.0,5299.0,0.0
3440,2800.0,16000,1050,0.0,0.0,3950.0,33175.0,0.0,5170.0,1315.0,11792.0,936.0,2752,0.0,0.0,0.0,0.0,1510.0,5235.0,12676.0,0.0,7640,0.0,2380.0,0.0,6800,0.0,0.0,7175.0,2250.0,72101,31868,1412.0,0.0,11001.0,24995,3580.0,0.0,5310.0,0.0
3375,2750.0,16125,1026,0.0,0.0,4000.0,33300.0,0.0,5008.0,1269.0,11742.0,952.0,2752,0.0,0.0,0.0,0.0,1513.0,5235.0,13468.0,0.0,7541,0.0,2350.0,0.0,6560,0.0,0.0,6970.0,2200.0,74600,31618,1402.0,0.0,10801.0,25044,3550.0,0.0,5185.0,0.0
3470,2650.0,16619,1035,0.0,0.0,4000.0,34800.0,0.0,5008.0,1280.0,11562.0,970.0,2764,0.0,0.0,0.0,0.0,1506.0,5257.0,13405.0,0.0,7379,0.0,2379.0,0.0,6544,0.0,0.0,6920.0,2180.0,74300,31867,1403.0,0.0,10580.0,25100,3510.0,0.0,5195.0,0.0
3505,2740.0,16563,1070,0.0,0.0,4100.0,34500.0,0.0,5008.0,1300.0,11882.0,973.0,2856,0.0,0.0,0.0,0.0,1540.0,5321.0,13034.0,0.0,7380,0.0,2385.0,0.0,6427,0.0,0.0,6920.0,2180.0,75861,31867,1420.0,0.0,10800.0,25000,3500.0,0.0,5220.0,0.0
3490,2740.0,16625,1075,0.0,0.0,4024.0,34511.0,0.0,5008.0,1300.0,11444.0,995.0,2821,0.0,0.0,0.0,0.0,1528.0,5372.0,12760.0,0.0,7470,0.0,2375.0,0.0,6600,0.0,0.0,6940.0,2159.0,75520,33187,1377.0,0.0,10800.0,25100,3490.0,0.0,5276.0,0.0
3500,2725.0,16000,1081,0.0,0.0,4020.0,33802.0,0.0,4872.0,1300.0,11704.0,1055.0,2794,0.0,0.0,0.0,0.0,1495.0,5311.0,12681.0,0.0,7350,0.0,2331.0,0.0,6480,0.0,0.0,6840.0,2120.0,75200,32527,1386.0,0.0,10500.0,25240,3555.0,0.0,5199.0,0.0
3500,2800.0,16438,1081,0.0,0.0,3905.0,34300.0,0.0,4948.0,1284.0,11704.0,1030.0,2794,0.0,0.0,0.0,0.0,1495.0,5275.0,12681.0,0.0,7440,0.0,2331.0,0.0,6480,0.0,0.0,6856.0,2114.0,75200,32582,1386.0,0.0,10525.0,25730,3619.0,0.0,5300.0,0.0
3600,2840.0,16438,1085,0.0,0.0,3899.0,34300.0,0.0,4948.0,1284.0,11502.0,1020.0,2819,0.0,0.0,0.0,0.0,1473.0,5275.0,12756.0,0.0,7440,0.0,2270.0,0.0,6480,0.0,0.0,6856.0,2114.0,70800,32582,1387.0,0.0,10525.0,25730,3650.0,0.0,5300.0,0.0
3575,2840.0,15750,1090,0.0,0.0,3899.0,34200.0,0.0,4917.0,1280.0,11710.0,1020.0,2859,0.0,0.0,0.0,0.0,1501.0,5238.0,12694.0,0.0,7469,0.0,2280.0,0.0,6460,0.0,0.0,6750.0,2116.0,73245,32308,1395.0,0.0,10578.0,25805,3650.0,0.0,5199.0,0.0
3600,2850.0,15750,1066,0.0,0.0,3890.0,34240.0,0.0,4920.0,1285.0,11837.0,1020.0,2856,0.0,0.0,0.0,0.0,1482.0,5277.0,11996.0,0.0,7560,0.0,2360.0,0.0,6480,0.0,0.0,6740.0,2135.0,75050,32637,1377.0,0.0,10500.0,26050,3640.0,0.0,5299.0,0.0
3590,2860.0,15750,1069,0.0,0.0,3890.0,33475.0,0.0,4979.0,1300.0,11772.0,1000.0,2831,0.0,0.0,0.0,0.0,1490.0,5048.0,11968.0,0.0,7375,0.0,2330.0,0.0,6533,0.0,0.0,6856.0,2160.0,76000,33074,1377.0,0.0,10510.0,25998,3650.0,0.0,5260.0,0.0
3595,2860.0,16057,1075,0.0,0.0,3882.0,33499.0,0.0,5109.0,1305.0,11892.0,991.0,2848,0.0,0.0,0.0,0.0,1500.0,5128.0,12131.0,0.0,7400,0.0,2350.0,0.0,6665,0.0,0.0,6963.0,2140.0,78200,33451,1380.0,0.0,10250.0,25901,3651.0,0.0,5470.0,0.0
3698,2800.0,15800,1090,0.0,0.0,3880.0,34231.0,0.0,5291.0,1292.0,12167.0,993.0,2974,0.0,0.0,0.0,0.0,1549.0,5137.0,11884.0,0.0,7450,0.0,2369.0,0.0,6690,0.0,0.0,7000.0,2200.0,80500,33511,1436.0,0.0,10300.0,25900,3630.0,0.0,5488.0,0.0
3650,2800.0,15752,1109,0.0,0.0,3874.0,34100.0,0.0,5291.0,1335.0,12192.0,1000.0,2883,0.0,0.0,0.0,0.0,1495.0,5092.0,11550.0,0.0,7689,0.0,2380.0,0.0,6887,0.0,0.0,7180.0,2220.0,77800,34225,1448.0,0.0,10540.0,25207,3696.0,0.0,5800.0,0.0
3620,2970.0,15275,1149,0.0,0.0,3870.0,33295.0,0.0,5210.0,1339.0,12191.0,1039.0,2946,0.0,0.0,0.0,0.0,1520.0,5000.0,12365.0,0.0,7555,0.0,2415.0,0.0,6800,0.0,0.0,7100.0,2200.0,77200,34121,1454.0,0.0,10400.0,25100,3802.0,0.0,5700.0,0.0
3550,2950.0,15938,1130,0.0,0.0,3850.0,34600.0,0.0,5251.0,1335.0,12342.0,1035.0,2971,0.0,0.0,0.0,0.0,1530.0,5000.0,12936.0,0.0,7644,0.0,2429.0,0.0,6960,0.0,0.0,7250.0,2152.0,79000,35138,1471.0,0.0,10200.0,25550,3760.0,0.0,5670.0,0.0
3400,2985.0,16500,1151,0.0,0.0,3754.0,35055.0,0.0,5331.0,1330.0,12408.0,1030.0,2947,0.0,0.0,0.0,0.0,1501.0,5225.0,12936.0,0.0,7774,0.0,2400.0,0.0,7081,0.0,0.0,7439.0,2150.0,77500,35714,1462.0,0.0,10200.0,26250,3760.0,0.0,5510.0,0.0
3330,2930.0,16098,1147,0.0,0.0,3804.0,34401.0,0.0,5473.0,1310.0,12242.0,1050.0,2946,0.0,0.0,0.0,0.0,1502.0,5165.0,12980.0,0.0,7680,0.0,2423.0,0.0,7040,0.0,0.0,7330.0,2150.0,82000,35224,1462.0,0.0,10149.0,25100,3680.0,0.0,5530.0,0.0
3264,2925.0,16549,1127,0.0,0.0,3810.0,34450.0,0.0,5412.0,1341.0,12222.0,1035.0,2947,0.0,0.0,0.0,0.0,1486.0,5128.0,12852.0,0.0,7520,0.0,2449.0,0.0,6918,0.0,0.0,7250.0,2140.0,83900,35000,1471.0,0.0,10150.0,25010,3661.0,0.0,5730.0,0.0
3250,2970.0,16601,1150,0.0,0.0,3760.0,34000.0,0.0,5493.0,1341.0,12422.0,1010.0,2968,0.0,0.0,0.0,0.0,1503.0,5132.0,12540.0,0.0,7579,0.0,2440.0,0.0,7000,0.0,0.0,7320.0,2145.0,84500,34841,1496.0,0.0,10300.0,25900,3660.0,0.0,5850.0,0.0
3226,2955.0,16963,1160,0.0,0.0,3750.0,33625.0,0.0,5655.0,1310.0,12397.0,1000.0,3016,0.0,0.0,0.0,0.0,1510.0,5274.0,12126.0,0.0,7810,0.0,2480.0,0.0,6860,0.0,0.0,7260.0,2135.0,81810,35001,1523.0,0.0,10400.0,25600,3615.0,0.0,5950.0,0.0
3309,2951.0,16400,1163,0.0,0.0,3695.0,32425.0,0.0,5802.0,1290.0,12592.0,1020.0,3041,0.0,0.0,0.0,0.0,1543.0,5205.0,12448.0,0.0,7840,0.0,2474.0,0.0,6910,0.0,0.0,7280.0,2120.0,83450,33852,1549.0,0.0,10525.0,25230,3600.0,0.0,5849.0,0.0
3333,2980.0,16938,1140,0.0,0.0,3700.0,32680.0,0.0,5816.0,1325.0,12442.0,1025.0,3061,0.0,0.0,0.0,0.0,1515.0,5267.0,12320.0,0.0,8050,0.0,2470.0,0.0,6980,0.0,0.0,7279.0,2120.0,80800,34527,1517.0,0.0,10911.0,25400,3625.0,0.0,5950.0,0.0
3319,3010.0,16688,1114,0.0,0.0,3670.0,32689.0,0.0,5876.0,1323.0,12452.0,1020.0,3077,0.0,0.0,0.0,0.0,1550.0,5247.0,12826.0,0.0,7783,0.0,2480.0,0.0,7040,0.0,0.0,7300.0,2240.0,82400,34148,1530.0,0.0,11045.0,25000,3706.0,0.0,5720.0,0.0
3346,3050.0,16688,1090,0.0,0.0,3700.0,33050.0,0.0,5748.0,1275.0,12483.0,1035.0,3151,0.0,0.0,0.0,0.0,1596.0,5495.0,12918.0,0.0,7795,0.0,2510.0,0.0,7130,0.0,0.0,7372.0,2180.0,83000,35126,1564.0,0.0,10950.0,25445,3740.0,0.0,5779.0,0.0
3450,3050.0,16913,1070,0.0,0.0,3750.0,33600.0,0.0,5715.0,1295.0,12841.0,1050.0,3240,0.0,0.0,0.0,0.0,1575.0,5657.0,13411.0,0.0,8099,0.0,2540.0,0.0,7160,0.0,0.0,7445.0,2203.0,83000,35824,1560.0,0.0,11200.0,25600,3865.0,0.0,5838.0,0.0
3435,3040.0,16875,1075,0.0,0.0,3740.0,33950.0,0.0,5655.0,1305.0,12836.0,1059.0,3240,0.0,0.0,0.0,0.0,1599.0,5696.0,14015.0,0.0,8055,0.0,2481.0,0.0,7070,0.0,0.0,7300.0,2250.0,83001,35676,1534.0,0.0,11335.0,24555,3830.0,0.0,5748.0,0.0
3378,3099.0,16938,1065,0.0,0.0,3766.0,35053.0,0.0,5655.0,1319.0,12392.0,1050.0,3176,0.0,0.0,0.0,0.0,1561.0,5678.0,13218.0,0.0,7875,0.0,2430.0,0.0,6891,0.0,0.0,7240.0,2300.0,79800,34923,1502.0,0.0,11340.0,24774,3691.0,0.0,5820.0,0.0
3360,3200.0,16400,1065,0.0,0.0,3780.0,33050.0,0.0,5533.0,1261.0,12392.0,1058.0,3173,0.0,0.0,0.0,0.0,1555.0,5590.0,12760.0,0.0,7701,0.0,2430.0,0.0,6703,0.0,0.0,7100.0,2300.0,76500,33946,1488.0,0.0,10965.0,24400,3720.0,0.0,5680.0,0.0
3260,3020.0,16125,1065,0.0,0.0,3745.0,32375.0,0.0,5537.0,1282.0,12292.0,1060.0,3115,0.0,0.0,0.0,0.0,1535.0,5542.0,11871.0,0.0,7645,0.0,2380.0,0.0,6820,0.0,0.0,7112.0,2270.0,71400,33434,1437.0,0.0,11000.0,24350,3650.0,0.0,5720.0,0.0
3312,3050.0,15626,1065,0.0,0.0,3674.0,29916.0,0.0,5372.0,1230.0,12132.0,1050.0,3170,0.0,0.0,0.0,0.0,1576.0,5540.0,11528.0,0.0,7292,0.0,2415.0,0.0,6465,0.0,0.0,6900.0,2259.0,71400,31979,1455.0,0.0,10375.0,22880,3600.0,0.0,5688.0,0.0
3380,3050.0,15850,1075,0.0,0.0,3525.0,29680.0,0.0,5550.0,1255.0,12092.0,1029.0,3170,0.0,0.0,0.0,0.0,1599.0,5540.0,11353.0,0.0,7600,0.0,2410.0,0.0,6610,0.0,0.0,6910.0,2265.0,71800,32275,1490.0,0.0,10715.0,23660,3560.0,0.0,5700.0,0.0
3401,3100.0,15403,1070,0.0,0.0,3605.0,29300.0,0.0,5331.0,1255.0,11942.0,1040.0,3157,0.0,0.0,0.0,0.0,1590.0,5614.0,11506.0,0.0,7700,0.0,2400.0,0.0,6608,0.0,0.0,6900.0,2275.0,72100,32527,1463.0,0.0,10706.0,23238,3600.0,0.0,5890.0,0.0
3549,3020.0,15000,1058,0.0,0.0,3600.0,29532.0,0.0,5380.0,1251.0,11981.0,1040.0,3212,0.0,0.0,0.0,0.0,1560.0,5769.0,11246.0,0.0,7600,0.0,2400.0,0.0,6600,0.0,0.0,7000.0,2275.0,73650,33247,1498.0,0.0,10480.0,23305,3650.0,0.0,5874.0,0.0
3477,3100.0,15388,1067,0.0,0.0,3600.0,29000.0,0.0,5364.0,1315.0,11892.0,1031.0,3226,0.0,0.0,0.0,0.0,1571.0,5678.0,11098.0,0.0,7700,0.0,2380.0,0.0,6600,0.0,0.0,6925.0,2231.0,73000,32111,1539.0,0.0,10727.0,23174,3620.0,0.0,5979.0,0.0
3440,3100.0,15162,1075,0.0,0.0,3550.0,29000.0,0.0,5432.0,1302.0,12072.0,984.0,3212,0.0,0.0,0.0,0.0,1611.0,5705.0,11546.0,0.0,7829,0.0,2395.0,0.0,6520,0.0,0.0,6901.0,2300.0,72100,32582,1533.0,0.0,10980.0,23400,3545.0,0.0,6031.0,0.0
3498,3000.0,15000,1080,0.0,0.0,3550.0,28700.0,0.0,5432.0,1330.0,12147.0,990.0,3170,0.0,0.0,0.0,0.0,1620.0,5751.0,11686.0,0.0,7996,0.0,2415.0,0.0,6580,0.0,0.0,6905.0,2320.0,73400,32500,1530.0,0.0,10970.0,23590,3530.0,0.0,6191.0,0.0
3451,3050.0,15150,1089,0.0,0.0,3600.0,28700.0,0.0,5627.0,1340.0,12167.0,1000.0,3156,0.0,0.0,0.0,0.0,1655.0,5714.0,11546.0,0.0,8095,0.0,2415.0,0.0,6610,0.0,0.0,6930.0,2275.0,76300,32912,1564.0,0.0,11080.0,23250,3510.0,0.0,6170.0,0.0
3401,3015.0,15125,1087,0.0,0.0,3550.0,28990.0,0.0,5453.0,1364.0,12031.0,1000.0,3142,0.0,0.0,0.0,0.0,1643.0,5879.0,12065.0,0.0,8051,0.0,2400.0,0.0,6900,0.0,0.0,7238.0,2299.0,78000,33913,1526.0,0.0,11450.0,23450,3566.0,0.0,6245.0,0.0
3401,3015.0,16125,1087,0.0,0.0,3655.0,29475.0,0.0,5556.0,1355.0,12031.0,1010.0,3142,0.0,0.0,0.0,0.0,1643.0,5872.0,12065.0,0.0,7690,0.0,2400.0,0.0,6950,0.0,0.0,7440.0,2300.0,78000,34360,1526.0,0.0,11200.0,23825,3566.0,0.0,6125.0,0.0
3469,3000.0,16125,1090,0.0,0.0,3780.0,29475.0,0.0,5556.0,1355.0,12192.0,1020.0,3196,0.0,0.0,0.0,0.0,1711.0,5872.0,12267.0,0.0,7690,0.0,2420.0,0.0,6950,0.0,0.0,7440.0,2300.0,80000,34360,1530.0,0.0,11200.0,23825,3550.0,0.0,6125.0,0.0
3490,3000.0,16750,1100,0.0,0.0,3780.0,29699.0,0.0,5372.0,1372.0,12197.0,1020.0,3190,0.0,0.0,0.0,0.0,1695.0,5751.0,12406.0,0.0,7700,0.0,2415.0,0.0,7200,0.0,0.0,7635.0,2300.0,78000,34066,1509.0,0.0,11400.0,24055,3550.0,0.0,6170.0,0.0
3467,2960.0,16538,1100,0.0,0.0,3824.0,29550.0,0.0,5271.0,1378.0,12182.0,1020.0,3193,0.0,0.0,0.0,0.0,1705.0,5623.0,12333.0,0.0,7539,0.0,2420.0,0.0,7200,0.0,0.0,7600.0,2300.0,79201,34836,1521.0,0.0,11500.0,24605,3600.0,0.0,6200.0,0.0
3480,3089.0,16625,1090,0.0,0.0,3749.0,29495.0,0.0,5271.0,1373.0,11952.0,1000.0,3170,0.0,0.0,0.0,0.0,1710.0,5707.0,12099.0,0.0,7770,0.0,2443.0,0.0,7250,0.0,0.0,7576.0,2265.0,78701,35934,1505.0,0.0,11400.0,25550,3550.0,0.0,6202.0,0.0
3494,3075.0,16063,1085,0.0,0.0,3673.0,29120.0,0.0,5331.0,1370.0,11982.0,1010.0,3128,0.0,0.0,0.0,0.0,1679.0,5641.0,12606.0,0.0,7781,0.0,2469.0,0.0,7280,0.0,0.0,7630.0,2230.0,79300,35440,1488.0,0.0,11420.0,25600,3574.0,0.0,6300.0,0.0
3428,3040.0,16375,1050,0.0,0.0,3690.0,29690.0,0.0,5323.0,1375.0,11823.0,1010.0,3086,0.0,0.0,0.0,0.0,1709.0,5806.0,12058.0,0.0,7740,0.0,2450.0,0.0,7275,0.0,0.0,7606.0,2200.0,77800,36830,1488.0,0.0,11200.0,25400,3635.0,0.0,6180.0,0.0
3340,3000.0,16000,1025,0.0,0.0,3650.0,28422.0,0.0,5170.0,1370.0,11812.0,1000.0,3196,0.0,0.0,0.0,0.0,1710.0,5751.0,12119.0,0.0,7780,0.0,2489.0,0.0,7195,0.0,0.0,7650.0,2230.0,77999,35780,1505.0,0.0,11070.0,24290,3575.0,0.0,6180.0,0.0
3300,2898.0,15901,1041,0.0,0.0,3590.0,28506.0,0.0,5089.0,1397.0,11892.0,1000.0,3272,0.0,0.0,0.0,0.0,1700.0,5733.0,12232.0,0.0,7871,0.0,2490.0,0.0,7220,0.0,0.0,7570.0,2200.0,78500,36068,1526.0,0.0,11020.0,23799,3615.0,0.0,6200.0,0.0
3280,2880.0,15813,1056,0.0,0.0,3520.0,29125.0,0.0,5008.0,1400.0,11942.0,1000.0,3283,0.0,0.0,0.0,0.0,1695.0,5762.0,12170.0,0.0,8000,0.0,2524.0,0.0,7240,0.0,0.0,7608.0,2206.0,79300,35824,1543.0,0.0,11150.0,23750,3605.0,0.0,6315.0,0.0
3205,2880.0,15750,1056,0.0,0.0,3490.0,29075.0,0.0,5008.0,1405.0,12192.0,1000.0,3319,0.0,0.0,0.0,0.0,1700.0,5751.0,12228.0,0.0,7979,0.0,2490.0,0.0,7350,0.0,0.0,7758.0,2245.0,81500,35687,1548.0,0.0,11122.0,24048,3620.0,0.0,6430.0,0.0
3055,2950.0,16013,1085,0.0,0.0,3550.0,29500.0,0.0,5049.0,1430.0,12921.0,1010.0,3297,0.0,0.0,0.0,0.0,1695.0,5788.0,12000.0,0.0,8015,0.0,2500.0,0.0,7345,0.0,0.0,7800.0,2246.0,81200,36593,1520.0,0.0,11113.0,24601,3645.0,0.0,6650.0,0.0
3101,2880.0,15625,1080,0.0,0.0,3639.0,29295.0,0.0,5049.0,1415.0,12992.0,1011.0,3257,0.0,0.0,0.0,0.0,1711.0,5824.0,11739.0,0.0,7999,0.0,2530.0,0.0,7530,0.0,0.0,7980.0,2265.0,79600,36692,1517.0,0.0,11000.0,24900,3672.0,0.0,6650.0,0.0
3120,2880.0,16000,1110,0.0,0.0,3680.0,29200.0,0.0,5210.0,1405.0,13391.0,1005.0,3260,0.0,0.0,0.0,0.0,1700.0,5736.0,11357.0,0.0,7990,0.0,2580.0,0.0,7425,0.0,0.0,7881.0,2285.0,79600,36429,1530.0,0.0,11050.0,24411,3722.0,0.0,6455.0,0.0
3147,2901.0,16100,1121,0.0,0.0,3645.0,28650.0,0.0,5402.0,1431.0,13136.0,995.0,3269,0.0,0.0,0.0,0.0,1700.0,5843.0,11387.0,0.0,8100,0.0,2578.0,0.0,7215,0.0,0.0,7634.0,2285.0,79600,36480,1573.0,0.0,11100.0,24425,3800.0,0.0,6640.0,0.0
3150,2963.0,16188,1126,0.0,0.0,3651.0,29200.0,0.0,5453.0,1445.0,13421.0,1000.0,3310,0.0,0.0,0.0,0.0,1770.0,5824.0,11369.0,0.0,8200,0.0,2530.0,0.0,7178,0.0,0.0,7518.0,2315.0,80100,36489,1594.0,0.0,11390.0,24800,3725.0,0.0,6661.0,0.0
3100,3040.0,16625,1130,0.0,0.0,3650.0,29000.0,0.0,5473.0,1479.0,13267.0,1015.0,3316,0.0,0.0,0.0,0.0,1770.0,5861.0,11334.0,0.0,8600,0.0,2545.0,0.0,7280,0.0,0.0,7667.0,2290.0,81400,37170,1574.0,0.0,11800.0,24730,3751.0,0.0,6780.0,0.0
3160,2990.0,16250,1133,0.0,0.0,3655.0,29216.0,0.0,5616.0,1500.0,13090.0,1020.0,3277,0.0,0.0,0.0,0.0,1735.0,5714.0,11422.0,0.0,8350,0.0,2505.0,0.0,7330,0.0,0.0,7730.0,2290.0,81000,37341,1577.0,0.0,11243.0,25450,3859.0,0.0,6550.0,0.0
3200,2975.0,16125,1134,0.0,0.0,3650.0,29625.0,0.0,5786.0,1528.0,12971.0,1060.0,3257,0.0,0.0,0.0,0.0,1707.0,5753.0,11233.0,0.0,8390,0.0,2510.0,0.0,7300,0.0,0.0,7567.0,2290.0,81850,37135,1564.0,0.0,11475.0,25800,3860.0,0.0,6612.0,0.0
3170,2980.0,16113,1124,0.0,0.0,3700.0,29260.0,0.0,5897.0,1493.0,13191.0,1075.0,3297,0.0,0.0,0.0,0.0,1700.0,5749.0,11265.0,0.0,8401,0.0,2550.0,0.0,7180,0.0,0.0,7550.0,2315.0,83200,37682,1564.0,0.0,11595.0,25900,3770.0,0.0,6630.0,0.0
3180,3000.0,16250,1135,0.0,0.0,3735.0,30300.0,0.0,6059.0,1490.0,12991.0,1080.0,3367,0.0,0.0,0.0,0.0,1705.0,5769.0,11334.0,0.0,8352,0.0,2560.0,0.0,7315,0.0,0.0,7620.0,2320.0,83425,37636,1543.0,0.0,11625.0,26250,3898.0,0.0,6700.0,0.0
3155,3000.0,16250,1140,0.0,0.0,3845.0,30740.0,0.0,5857.0,1501.0,13272.0,1115.0,3367,0.0,0.0,0.0,0.0,1741.0,5797.0,11486.0,0.0,8380,0.0,2600.0,0.0,7375,0.0,0.0,7711.0,2325.0,84000,37985,1551.0,0.0,11621.0,26050,3916.0,0.0,6660.0,0.0
3155,2910.0,16375,1145,0.0,0.0,3868.0,31465.0,0.0,5857.0,1570.0,12941.0,1120.0,3367,0.0,0.0,0.0,0.0,1720.0,5868.0,11751.0,0.0,8409,0.0,2630.0,0.0,7450,0.0,0.0,7800.0,2390.0,83900,37753,1560.0,0.0,11850.0,25900,3885.0,0.0,6699.0,0.0
3130,2930.0,16513,1150,0.0,0.0,3875.0,32041.0,0.0,5715.0,1545.0,12792.0,1061.0,3339,0.0,0.0,0.0,0.0,1710.0,5861.0,11406.0,0.0,8400,0.0,2705.0,0.0,7400,0.0,0.0,7650.0,2360.0,81105,37808,1533.0,0.0,11580.0,26000,3970.0,0.0,6600.0,0.0
3130,2915.0,16750,1155,0.0,0.0,4239.0,31690.0,0.0,5655.0,1545.0,12891.0,1080.0,3343,0.0,0.0,0.0,0.0,1710.0,5773.0,10969.0,0.0,8260,0.0,2725.0,0.0,7150,0.0,0.0,7450.0,2331.0,78601,36978,1539.0,0.0,11452.0,25200,3850.0,0.0,6540.0,0.0
3181,3000.0,16250,1200,0.0,0.0,4050.0,31074.0,0.0,5647.0,1560.0,13091.0,1050.0,3352,0.0,0.0,0.0,0.0,1710.0,5770.0,11194.0,0.0,8340,0.0,2690.0,0.0,6989,0.0,0.0,7251.0,2350.0,78800,36978,1539.0,0.0,11410.0,24905,3940.0,0.0,6489.0,0.0
3351,2915.0,16063,1238,0.0,0.0,3975.0,31975.0,0.0,5756.0,1575.0,13321.0,1070.0,3423,0.0,0.0,0.0,0.0,1750.0,5729.0,10736.0,0.0,8315,0.0,2690.0,0.0,7110,0.0,0.0,7400.0,2375.0,79000,37031,1638.0,0.0,11500.0,25599,3951.0,0.0,6625.0,0.0
3300,2915.0,16188,1255,0.0,0.0,3965.0,31260.0,0.0,5723.0,1580.0,13591.0,1060.0,3451,0.0,0.0,0.0,0.0,1770.0,5694.0,11035.0,0.0,8650,0.0,2700.0,0.0,7400,0.0,0.0,7488.0,2380.0,80000,36813,1667.0,0.0,12190.0,25280,3875.0,0.0,6700.0,0.0
3230,2925.0,16513,1235,0.0,0.0,4015.0,31475.0,0.0,5735.0,1600.0,13479.0,1070.0,3431,0.0,0.0,0.0,0.0,1750.0,5688.0,11097.0,0.0,8685,0.0,2690.0,0.0,7415,0.0,0.0,7659.0,2402.0,79900,37253,1641.0,0.0,12400.0,25101,3990.0,0.0,6920.0,0.0
3280,3000.0,16436,1251,0.0,0.0,4178.0,31600.0,0.0,5850.0,1613.0,13391.0,1125.0,3392,0.0,0.0,0.0,0.0,1740.0,5718.0,11351.0,0.0,8600,0.0,2676.0,0.0,7399,0.0,0.0,7601.0,2400.0,83001,37386,1645.0,0.0,12000.0,24850,4085.0,0.0,6870.0,0.0
3220,2950.0,16938,1250,0.0,0.0,4120.0,31800.0,0.0,5881.0,1592.0,13490.0,1085.0,3339,0.0,0.0,0.0,0.0,1755.0,5678.0,11603.0,0.0,8550,0.0,2635.0,0.0,7500,0.0,0.0,7760.0,2430.0,88000,37198,1680.0,0.0,12000.0,24950,3969.0,0.0,7090.0,0.0
3250,2925.0,18250,1280,0.0,0.0,4335.0,32250.0,0.0,6099.0,1585.0,13391.0,1055.0,3339,0.0,0.0,0.0,0.0,1768.0,5766.0,11592.0,0.0,8600,0.0,2670.0,0.0,7600,0.0,0.0,7775.0,2450.0,88000,38022,1664.0,0.0,12201.0,25700,3925.0,0.0,7050.0,0.0
3225,2926.0,18100,1258,0.0,0.0,4525.0,31725.0,0.0,6212.0,1587.0,13341.0,1080.0,3367,0.0,0.0,0.0,0.0,1785.0,5788.0,11517.0,0.0,8650,0.0,2650.0,0.0,7550,0.0,0.0,7784.0,2442.0,85600,38287,1683.0,0.0,12145.0,26050,4000.0,0.0,7080.0,0.0
3195,2930.0,17850,1265,0.0,0.0,4622.0,32100.0,0.0,6380.0,1590.0,13622.0,1075.0,3339,0.0,0.0,0.0,0.0,1788.0,5733.0,11255.0,0.0,8700,0.0,2750.0,0.0,7560,0.0,0.0,7790.0,2450.0,84220,37747,1664.0,0.0,12400.0,26199,4040.0,0.0,7040.0,0.0
3190,2930.0,17682,1275,0.0,0.0,4350.0,31825.0,0.0,6382.0,1573.0,13851.0,1100.0,3283,0.0,0.0,0.0,0.0,1740.0,5733.0,11458.0,0.0,8600,0.0,2745.0,0.0,7350,0.0,0.0,7591.0,2450.0,84500,37066,1648.0,0.0,12350.0,25900,4051.0,0.0,6951.0,0.0
3200,2945.0,18125,1280,0.0,0.0,4300.0,32250.0,0.0,6402.0,1570.0,14290.0,1120.0,3277,0.0,0.0,0.0,0.0,1742.0,5733.0,11216.0,0.0,8571,0.0,2705.0,0.0,7380,0.0,0.0,7660.0,2440.0,83300,37800,1658.0,0.0,12400.0,25300,4100.0,0.0,7082.0,0.0
3252,3000.0,17745,1265,0.0,0.0,4420.0,31460.0,0.0,6342.0,1555.0,14655.0,1100.0,3353,0.0,0.0,0.0,0.0,1765.0,5705.0,11384.0,0.0,8580,0.0,2735.0,0.0,7586,0.0,0.0,7835.0,2430.0,83505,36863,1645.0,0.0,12350.0,25000,4200.0,0.0,7300.0,0.0
3220,2975.0,17850,1280,0.0,0.0,4398.0,32225.0,0.0,6412.0,1590.0,14669.0,1100.0,3395,0.0,0.0,0.0,0.0,1771.0,5729.0,11011.0,0.0,8575,0.0,2734.0,0.0,7540,0.0,0.0,7850.0,2420.0,81490,36813,1631.0,0.0,12500.0,25499,4180.0,0.0,7449.0,0.0
3250,2975.0,17090,1280,0.0,0.0,4400.0,31740.0,0.0,6422.0,1590.0,14789.0,1095.0,3367,0.0,0.0,0.0,0.0,1765.0,5751.0,10789.0,0.0,8450,0.0,2698.0,0.0,7900,0.0,0.0,7884.0,2380.0,78500,37273,1614.0,0.0,12510.0,25310,4259.0,0.0,7499.0,0.0
3250,2925.0,16700,1280,0.0,0.0,4300.0,31605.0,0.0,6341.0,1590.0,14590.0,1090.0,3353,0.0,0.0,0.0,0.0,1750.0,5678.0,10507.0,0.0,8499,0.0,2699.0,0.0,7531,0.0,0.0,7850.0,2350.0,74200,36842,1605.0,0.0,12465.0,24800,4260.0,0.0,7140.0,0.0
3239,2925.0,15900,1260,0.0,0.0,4102.0,30251.0,0.0,6301.0,1599.0,14590.0,1085.0,3384,0.0,0.0,0.0,0.0,1762.0,5751.0,10867.0,0.0,8480,0.0,2685.0,0.0,7675,0.0,0.0,8024.0,2380.0,80900,35907,1616.0,0.0,12201.0,23500,4120.0,0.0,7005.0,0.0
3240,2925.0,17195,1270,0.0,0.0,3930.0,31699.0,0.0,4900.0,1600.0,14890.0,1085.0,3398,0.0,0.0,0.0,0.0,1780.0,5755.0,10956.0,0.0,8515,0.0,2690.0,0.0,7790,0.0,0.0,8000.0,2380.0,81450,37088,1662.0,0.0,12100.0,24060,4250.0,0.0,7100.0,0.0
3245,3000.0,17600,1270,0.0,0.0,4000.0,32200.0,0.0,5260.0,1615.0,14941.0,1075.0,3507,0.0,0.0,0.0,0.0,1790.0,5824.0,11002.0,0.0,8790,0.0,2721.0,0.0,7900,0.0,0.0,8206.0,2390.0,78800,36923,1707.0,0.0,12276.0,24900,4300.0,0.0,7111.0,0.0
3280,3100.0,17200,1260,0.0,0.0,4150.0,32701.0,0.0,5500.0,1670.0,14945.0,1085.0,3591,0.0,0.0,0.0,0.0,1800.0,5885.0,10626.0,0.0,8875,0.0,2750.0,0.0,8020,0.0,0.0,8240.0,2421.0,79900,36889,1734.0,0.0,12699.0,25150,4305.0,0.0,7325.0,0.0
3345,3100.0,17000,1270,0.0,0.0,4050.0,32600.0,0.0,5730.0,1729.0,14938.0,1100.0,3577,0.0,0.0,0.0,0.0,1825.0,5824.0,11097.0,0.0,8975,0.0,2800.0,0.0,8160,0.0,0.0,8400.0,2489.0,79200,36264,1726.0,0.0,12680.0,24799,4380.0,0.0,7335.0,0.0
3373,3100.0,17240,1280,0.0,0.0,4050.0,33550.0,0.0,5758.0,1720.0,15040.0,1100.0,3563,0.0,0.0,0.0,0.0,1815.0,5934.0,11044.0,0.0,8960,0.0,2622.0,0.0,8050,0.0,0.0,8330.0,2475.0,79600,36869,1733.0,0.0,12700.0,24949,4300.0,0.0,7350.0,0.0
3340,3000.0,17160,1275,0.0,0.0,4150.0,33695.0,0.0,5552.0,1715.0,14390.0,1100.0,3535,0.0,0.0,0.0,0.0,1792.0,5854.0,11374.0,0.0,8975,0.0,2609.0,0.0,7999,0.0,0.0,8132.0,2480.0,78326,36375,1662.0,0.0,12755.0,24550,4360.0,0.0,7345.0,0.0
3380,3048.0,17000,1275,0.0,0.0,4100.0,33750.0,0.0,5535.0,1670.0,14370.0,1095.0,3598,0.0,0.0,0.0,0.0,1800.0,5795.0,11308.0,0.0,8820,0.0,2600.0,0.0,7826,0.0,0.0,8242.0,2480.0,80200,36066,1694.0,0.0,12575.0,24300,4340.0,0.0,7200.0,0.0
3376,3010.0,17350,1270,0.0,0.0,4050.0,33566.0,0.0,5500.0,1670.0,14590.0,1100.0,3580,0.0,0.0,0.0,0.0,1780.0,5832.0,11691.0,0.0,8760,0.0,2550.0,0.0,8100,0.0,0.0,8400.0,2500.0,82790,35879,1680.0,0.0,12650.0,24375,4225.0,0.0,7345.0,0.0
3500,3040.0,18100,1260,0.0,0.0,4125.0,34350.0,0.0,5525.0,1665.0,14560.0,1100.0,3677,0.0,0.0,0.0,0.0,1793.0,5879.0,11882.0,0.0,8800,0.0,2550.0,0.0,8249,0.0,0.0,8580.0,2499.0,82700,36538,1697.0,0.0,12550.0,25150,4265.0,0.0,7320.0,0.0
3390,3040.0,18000,1261,0.0,0.0,4213.0,34555.0,0.0,5470.0,1665.0,14440.0,1075.0,3636,0.0,0.0,0.0,0.0,1780.0,5954.0,12145.0,0.0,8850,0.0,2544.0,0.0,8300,0.0,0.0,8621.0,2500.0,82850,36626,1702.0,0.0,12670.0,25750,4200.0,0.0,7350.0,0.0
3395,3099.0,17910,1265,0.0,0.0,4300.0,34100.0,0.0,5500.0,1671.0,14540.0,1090.0,3549,0.0,0.0,0.0,0.0,1750.0,5962.0,11968.0,0.0,8740,0.0,2580.0,0.0,8097,0.0,0.0,8550.0,2500.0,82850,36951,1675.0,0.0,12575.0,25505,4210.0,0.0,7350.0,0.0
3365,3099.0,17900,1275,0.0,0.0,4450.0,33700.0,0.0,5510.0,1680.0,14580.0,1080.0,3492,0.0,0.0,0.0,0.0,1771.0,6017.0,11568.0,0.0,8800,0.0,2586.0,0.0,8100,0.0,0.0,8546.0,2480.0,82600,38023,1670.0,0.0,12350.0,25950,4100.0,0.0,7495.0,0.0
3320,3080.0,17699,1275,0.0,0.0,4550.0,32999.0,0.0,5400.0,1699.0,14091.0,1081.0,3446,0.0,0.0,0.0,0.0,1737.0,5931.0,11341.0,0.0,8750,0.0,2601.0,0.0,8163,0.0,0.0,8562.0,2495.0,81800,37582,1675.0,0.0,12399.0,25726,4145.0,0.0,7570.0,0.0
3300,3080.0,17800,1270,0.0,0.0,4530.0,32374.0,0.0,5403.0,1689.0,14340.0,1080.0,3535,0.0,0.0,0.0,0.0,1747.0,5863.0,11308.0,0.0,8695,0.0,2590.0,0.0,8181,0.0,0.0,8569.0,2480.0,81960,37308,1675.0,0.0,12200.0,25800,4181.0,0.0,7650.0,0.0
3254,3100.0,17810,1255,0.0,0.0,4652.0,33398.0,0.0,5405.0,1680.0,14740.0,1075.0,3535,0.0,0.0,0.0,0.0,1745.0,5943.0,11088.0,0.0,8650,0.0,2580.0,0.0,8249,0.0,0.0,8555.0,2483.0,81200,36676,1659.0,0.0,12400.0,25900,4180.0,0.0,7505.0,0.0
3254,3100.0,17740,1260,0.0,0.0,4725.0,33000.0,0.0,5400.0,1674.0,14540.0,1075.0,3493,0.0,0.0,0.0,0.0,1779.0,6007.0,10955.0,0.0,8699,0.0,2553.0,0.0,7970,0.0,0.0,8370.0,2495.0,79100,36684,1653.0,0.0,12500.0,25499,4128.0,0.0,7576.0,0.0
3280,3165.0,17300,1270,0.0,0.0,4790.0,32280.0,0.0,5430.0,1665.0,14740.0,1051.0,3541,0.0,0.0,0.0,0.0,1800.0,5969.0,10974.0,0.0,8600,0.0,2580.0,0.0,7965,0.0,0.0,8360.0,2485.0,79400,36621,1699.0,0.0,12100.0,24790,4178.0,0.0,7645.0,0.0
3225,3217.0,17061,1280,0.0,0.0,4750.0,32300.0,0.0,5455.0,1656.0,14589.0,1076.0,3563,0.0,0.0,0.0,0.0,1815.0,5958.0,11086.0,0.0,8700,0.0,2572.0,0.0,8230,0.0,0.0,8472.0,2495.0,80450,36813,1737.0,0.0,12120.0,24505,4188.0,0.0,7699.0,0.0
3184,3251.0,17625,1280,0.0,0.0,4720.0,32587.0,0.0,5475.0,1709.0,14790.0,1080.0,3559,0.0,0.0,0.0,0.0,1840.0,6017.0,10912.0,0.0,8750,0.0,2599.0,0.0,8350,0.0,0.0,8600.0,2530.0,81020,37590,1760.0,0.0,12245.0,24590,4205.0,0.0,7825.0,0.0
3230,3330.0,17760,1284,0.0,0.0,4850.0,32500.0,0.0,5475.0,1701.0,15040.0,1070.0,3633,0.0,0.0,0.0,0.0,1804.0,5934.0,11265.0,0.0,8810,0.0,2575.0,0.0,8559,0.0,0.0,8800.0,2616.0,82280,37824,1768.0,0.0,12470.0,25350,4268.0,0.0,7950.0,0.0
3200,3310.0,17720,1276,0.0,0.0,4900.0,32450.0,0.0,5475.0,1729.0,14840.0,1080.0,3675,0.0,0.0,0.0,0.0,1800.0,6154.0,11273.0,0.0,8950,0.0,2566.0,0.0,8480,0.0,0.0,8690.0,2630.0,82470,36947,1751.0,0.0,12750.0,24900,4304.0,0.0,8250.0,0.0
3230,3388.0,17500,1276,0.0,0.0,4925.0,32202.0,0.0,5361.0,1719.0,15489.0,1090.0,3754,0.0,0.0,0.0,0.0,1809.0,6200.0,11488.0,0.0,8900,0.0,2589.0,0.0,8235,0.0,0.0,8580.0,2655.0,84999,37219,1829.0,0.0,12735.0,24655,4315.0,0.0,8000.0,0.0
3220,3340.0,17600,1235,0.0,0.0,5000.0,32280.0,0.0,5450.0,1735.0,16289.0,1070.0,3809,0.0,0.0,0.0,0.0,1830.0,6265.0,11589.0,0.0,9119,0.0,2580.0,0.0,8309,0.0,0.0,8625.0,2720.0,87400,37476,1900.0,0.0,13030.0,25145,4320.0,0.0,8100.0,0.0
3230,3340.0,18400,1236,0.0,0.0,5055.0,32450.0,0.0,5450.0,1795.0,16189.0,1089.0,3754,0.0,0.0,0.0,0.0,1821.0,6410.0,11322.0,0.0,9456,0.0,2597.0,0.0,8625,0.0,0.0,8880.0,2660.0,85000,37253,1917.0,0.0,13580.0,25800,4280.0,0.0,8500.0,0.0
3230,3370.0,18250,1236,0.0,0.0,5021.0,31845.0,0.0,5500.0,1790.0,16189.0,1114.0,3754,0.0,0.0,0.0,0.0,1821.0,6483.0,11322.0,0.0,9500,0.0,2597.0,0.0,8776,0.0,0.0,8780.0,2685.0,85000,36731,1917.0,0.0,13405.0,25230,4280.0,0.0,8540.0,0.0
3230,3400.0,18250,1236,0.0,0.0,5050.0,31845.0,0.0,5500.0,1790.0,16189.0,1100.0,3754,0.0,0.0,0.0,0.0,1821.0,6483.0,11322.0,0.0,9500,0.0,2597.0,0.0,8776,0.0,0.0,8780.0,2685.0,85000,36731,1917.0,0.0,13405.0,25230,4310.0,0.0,8540.0,0.0
3268,3400.0,18250,1247,0.0,0.0,5050.0,31845.0,0.0,5500.0,1790.0,16388.0,1100.0,3786,0.0,0.0,0.0,0.0,1860.0,6483.0,11572.0,0.0,9500,0.0,2590.0,0.0,8776,0.0,0.0,8780.0,2685.0,86000,36731,1916.0,0.0,13405.0,25230,4310.0,0.0,8540.0,0.0
3248,3400.0,18390,1245,0.0,0.0,5050.0,33010.0,0.0,5550.0,1800.0,16439.0,1100.0,3788,0.0,0.0,0.0,0.0,1860.0,6564.0,11748.0,0.0,9550,0.0,2600.0,0.0,8802,0.0,0.0,8970.0,2719.0,86300,37314,1896.0,0.0,13525.0,25898,4310.0,0.0,8695.0,0.0
3245,3440.0,18375,1235,0.0,0.0,5070.0,33399.0,0.0,5550.0,1805.0,16589.0,1100.0,3754,0.0,0.0,0.0,0.0,1830.0,6500.0,11682.0,0.0,9450,0.0,2565.0,0.0,8770,0.0,0.0,9029.0,2690.0,85603,37698,1887.0,0.0,13375.0,25900,4320.0,0.0,8499.0,0.0
3245,3465.0,18400,1235,0.0,0.0,5100.0,32999.0,0.0,5600.0,1800.0,16589.0,1100.0,3754,0.0,0.0,0.0,0.0,1830.0,6521.0,11682.0,0.0,9450,0.0,2565.0,0.0,8774,0.0,0.0,8963.0,2690.0,85603,37582,1887.0,0.0,13350.0,25879,4320.0,0.0,8530.0,0.0
3260,3600.0,18400,1240,0.0,0.0,5129.0,32999.0,0.0,5600.0,1800.0,16789.0,1100.0,3793,0.0,0.0,0.0,0.0,1900.0,6521.0,11879.0,0.0,9450,0.0,2600.0,0.0,8774,0.0,0.0,8963.0,2690.0,85700,37582,1886.0,0.0,13350.0,25879,4320.0,0.0,8530.0,0.0
3245,3600.0,18599,1250,0.0,0.0,5129.0,33600.0,0.0,5650.0,1793.0,16789.0,1100.0,3759,0.0,0.0,0.0,0.0,1899.0,6484.0,11572.0,0.0,9480,0.0,2575.0,0.0,8865,0.0,0.0,9165.0,2739.0,83900,38071,1845.0,0.0,13225.0,25950,4320.0,0.0,8430.0,0.0
3197,3451.0,17800,1260,0.0,0.0,5250.0,32800.0,0.0,5600.0,1770.0,17039.0,1093.0,3774,0.0,0.0,0.0,0.0,1880.0,6434.0,11062.0,0.0,9265,0.0,2590.0,0.0,8740,0.0,0.0,9075.0,2720.0,80800,36610,1798.0,0.0,13225.0,24935,4325.0,0.0,8300.0,0.0
3199,3600.0,16910,1253,0.0,0.0,5180.0,32130.0,0.0,5509.0,1759.0,16988.0,1090.0,3745,0.0,0.0,0.0,0.0,1905.0,6246.0,10833.0,0.0,9050,0.0,2590.0,0.0,8646,0.0,0.0,8980.0,2730.0,80600,36009,1854.0,0.0,13200.0,24140,4300.0,0.0,8175.0,0.0
3200,3550.0,16700,1256,0.0,0.0,5072.0,31750.0,0.0,5400.0,1760.0,16639.0,1079.0,3738,0.0,0.0,0.0,0.0,1931.0,6222.0,11001.0,0.0,9150,0.0,2590.0,0.0,8716,0.0,0.0,9097.0,2719.0,80905,36112,1888.0,0.0,13300.0,23900,4301.0,0.0,8080.0,0.0
3214,3550.0,17299,1275,0.0,0.0,4980.0,32285.0,0.0,5400.0,1770.0,16479.0,1070.0,3765,0.0,0.0,0.0,0.0,1990.0,6187.0,10978.0,0.0,9245,0.0,2595.0,0.0,8750,0.0,0.0,9140.0,2717.0,80000,36703,1964.0,0.0,13200.0,23890,4350.0,0.0,8200.0,0.0
3180,3545.0,17475,1275,0.0,0.0,5000.0,32551.0,0.0,5400.0,1800.0,15889.0,1070.0,3709,0.0,0.0,0.0,0.0,1948.0,6271.0,10824.0,0.0,9776,0.0,2581.0,0.0,8800,0.0,0.0,9160.0,2770.0,81400,36554,1934.0,0.0,13300.0,23395,4320.0,0.0,8145.0,0.0
3190,3600.0,17330,1290,0.0,0.0,4970.0,32301.0,0.0,5250.0,1800.0,16034.0,1075.0,3774,0.0,0.0,0.0,0.0,1950.0,6244.0,10916.0,0.0,9700,0.0,2600.0,0.0,8610,0.0,0.0,8960.0,2846.0,81150,37253,1925.0,0.0,13050.0,23097,4414.0,0.0,8035.0,0.0
3179,3600.0,17600,1320,0.0,0.0,4900.0,32440.0,0.0,5175.0,1805.0,15869.0,1080.0,3803,0.0,0.0,0.0,0.0,1980.0,6315.0,10833.0,0.0,9700,0.0,2595.0,0.0,8760,0.0,0.0,9074.0,2855.0,85000,37474,1921.0,0.0,13195.0,23000,4427.0,0.0,8230.0,0.0
3175,3650.0,18300,1340,0.0,0.0,4865.0,32201.0,0.0,5250.0,1825.0,16089.0,1085.0,3871,0.0,0.0,0.0,0.0,1975.0,6366.0,10894.0,0.0,9700,0.0,2571.0,0.0,8850,0.0,0.0,9160.0,2880.0,89600,37832,1964.0,0.0,13220.0,22901,4601.0,0.0,8345.0,0.0
3185,3620.0,19000,1360,0.0,0.0,4925.0,32610.0,0.0,5315.0,1883.0,16689.0,1100.0,3928,0.0,0.0,0.0,0.0,1970.0,6374.0,10735.0,0.0,9951,0.0,2575.0,0.0,9020,0.0,0.0,9272.0,2965.0,91100,38000,1998.0,0.0,13501.0,23290,4650.0,0.0,8535.0,0.0
3190,3620.0,19170,1360,0.0,0.0,5070.0,32609.0,0.0,5400.0,1930.0,16689.0,1110.0,3928,0.0,0.0,0.0,0.0,1970.0,6447.0,10696.0,0.0,10050,0.0,2606.0,0.0,9100,0.0,0.0,9360.0,3041.0,89600,37390,1998.0,0.0,13820.0,22855,4458.0,0.0,8500.0,0.0
3306,3600.0,19050,1330,0.0,0.0,5160.0,32801.0,0.0,5430.0,2015.0,17139.0,1130.0,3928,0.0,0.0,0.0,0.0,1969.0,6480.0,10740.0,0.0,10050,0.0,2628.0,0.0,9087,0.0,0.0,9301.0,3075.0,88900,36044,2025.0,0.0,13895.0,22390,4675.0,0.0,8440.0,0.0
3331,3600.0,19200,1330,0.0,0.0,5170.0,33451.0,0.0,5610.0,2050.0,16989.0,1173.0,3844,0.0,0.0,0.0,0.0,1944.0,6557.0,10472.0,0.0,10300,0.0,2665.0,0.0,9200,0.0,0.0,9385.0,3150.0,86550,36188,1971.0,0.0,14200.0,23185,4725.0,0.0,8529.0,0.0
3390,3600.0,18700,1353,0.0,0.0,5170.0,32199.0,0.0,5810.0,2015.0,17264.0,1210.0,3823,0.0,0.0,0.0,0.0,1960.0,6557.0,10516.0,0.0,9952,0.0,2701.0,0.0,8900,0.0,0.0,9199.0,3051.0,88000,35879,2010.0,0.0,13900.0,22701,4775.0,0.0,8260.0,0.0
3413,3555.0,19050,1335,0.0,0.0,5030.0,32500.0,0.0,6030.0,2024.0,17353.0,1255.0,3844,0.0,0.0,0.0,0.0,1943.0,6575.0,10890.0,0.0,10110,0.0,2690.0,0.0,9000,0.0,0.0,9255.0,3060.0,88490,36571,2010.0,0.0,14150.0,23080,4760.0,0.0,8260.0,0.0
3460,3600.0,19210,1335,0.0,0.0,5000.0,33170.0,0.0,6199.0,1990.0,17764.0,1230.0,3844,0.0,0.0,0.0,0.0,1950.0,6564.0,11088.0,0.0,10020,0.0,2695.0,0.0,8849,0.0,0.0,9123.0,3010.0,89400,36757,1992.0,0.0,14100.0,23199,4801.0,0.0,8040.0,0.0
3500,3620.0,19950,1330,0.0,0.0,5050.0,34130.0,0.0,6300.0,1990.0,17763.0,1230.0,3830,0.0,0.0,0.0,0.0,1961.0,6575.0,11111.0,0.0,10000,0.0,2683.0,0.0,8850,0.0,0.0,9126.0,3000.0,90500,37544,1947.0,0.0,14100.0,24199,4760.0,0.0,8150.0,0.0
3480,3600.0,20450,1330,0.0,0.0,5068.0,34699.0,0.0,6380.0,1985.0,17648.0,1255.0,3775,0.0,0.0,0.0,0.0,1925.0,6432.0,10653.0,0.0,9910,0.0,2680.0,0.0,8900,0.0,0.0,9182.0,2975.0,90610,38077,1976.0,0.0,14110.0,24515,4710.0,0.0,8275.0,0.0
3459,3600.0,21000,1341,0.0,0.0,4801.0,33880.0,0.0,6510.0,1990.0,17988.0,1270.0,3754,0.0,0.0,0.0,0.0,1880.0,6376.0,10428.0,0.0,9941,0.0,2680.0,0.0,8850,0.0,0.0,9154.0,2960.0,90525,37033,1940.0,0.0,14108.0,24320,4730.0,0.0,8250.0,0.0
3475,3590.0,21000,1350,0.0,0.0,5050.0,34140.0,0.0,6520.0,1990.0,18438.0,1260.0,3788,0.0,0.0,0.0,0.0,1880.0,6374.0,10296.0,0.0,9851,0.0,2650.0,0.0,8833,0.0,0.0,9080.0,3000.0,90500,37143,1964.0,0.0,13900.0,24295,4605.0,0.0,8260.0,0.0
3455,3600.0,20600,1370,0.0,0.0,5000.0,33650.0,0.0,6925.0,1994.0,18197.0,1257.0,3788,0.0,0.0,0.0,0.0,1865.0,6535.0,10666.0,0.0,9920,0.0,2660.0,0.0,8750,0.0,0.0,9034.0,2999.0,90800,37280,1955.0,0.0,14000.0,24500,4660.0,0.0,8489.0,0.0
3470,3600.0,20755,1385,0.0,0.0,5000.0,34200.0,0.0,7100.0,2010.0,17988.0,1255.0,3844,0.0,0.0,0.0,0.0,1925.0,6539.0,10735.0,0.0,9900,0.0,2681.0,0.0,8601,0.0,0.0,8887.0,3000.0,93000,36978,2006.0,0.0,13800.0,24545,4665.0,0.0,8670.0,0.0
3440,3650.0,21650,1383,0.0,0.0,5050.0,34500.0,0.0,7345.0,2020.0,18387.0,1260.0,3949,0.0,0.0,0.0,0.0,1893.0,6442.0,10560.0,0.0,10250,0.0,2710.0,0.0,8700,0.0,0.0,8965.0,2851.0,92750,37610,1986.0,0.0,13901.0,24580,4690.0,0.0,8770.0,0.0
3355,3655.0,21100,1355,0.0,0.0,5140.0,34200.0,0.0,7300.0,2015.0,18398.0,1270.0,3956,0.0,0.0,0.0,0.0,1870.0,6462.0,10574.0,0.0,10090,0.0,2701.0,0.0,8625,0.0,0.0,8927.0,2950.0,91000,37033,1941.0,0.0,14006.0,24670,4750.0,0.0,8700.0,0.0
3311,3750.0,20500,1363,0.0,0.0,5155.0,33850.0,0.0,7017.0,2006.0,18586.0,1250.0,3956,0.0,0.0,0.0,0.0,1895.0,6575.0,10772.0,0.0,10025,0.0,2700.0,0.0,8500,0.0,0.0,8823.0,2971.0,91100,37269,2004.0,0.0,13700.0,24900,4775.0,0.0,8575.0,0.0
3300,3750.0,21051,1365,0.0,0.0,5150.0,34000.0,0.0,7000.0,2010.0,18687.0,1225.0,3956,0.0,0.0,0.0,0.0,1895.0,6685.0,10735.0,0.0,10250,0.0,2658.0,0.0,8745,0.0,0.0,9045.0,2930.0,90500,37935,1981.0,0.0,14184.0,25199,4700.0,0.0,8699.0,0.0
3322,3750.0,20800,1355,0.0,0.0,5160.0,34000.0,0.0,7000.0,2000.0,18788.0,1220.0,3872,0.0,0.0,0.0,0.0,1866.0,6630.0,10516.0,0.0,10115,0.0,2686.0,0.0,8875,0.0,0.0,9148.0,2892.0,88500,38132,1906.0,0.0,14050.0,24700,4650.0,0.0,8701.0,0.0
3420,3700.0,20200,1345,0.0,0.0,5100.0,33850.0,0.0,6900.0,1994.0,18490.0,1230.0,3816,0.0,0.0,0.0,0.0,1881.0,6539.0,10956.0,0.0,9935,0.0,2700.0,0.0,8690,0.0,0.0,8954.0,2830.0,88400,37500,1922.0,0.0,13800.0,24175,4657.0,0.0,8681.0,0.0
3370,3640.0,20150,1351,0.0,0.0,4980.0,34850.0,0.0,7104.0,2000.0,18288.0,1235.0,3878,0.0,0.0,0.0,0.0,1876.0,6408.0,11110.0,0.0,9800,0.0,2680.0,0.0,8585,0.0,0.0,8931.0,2830.0,90000,37478,1940.0,0.0,13601.0,24425,4710.0,0.0,8685.0,0.0
3350,3640.0,20550,1355,0.0,0.0,4950.0,35230.0,0.0,7250.0,2037.0,18338.0,1245.0,3956,0.0,0.0,0.0,0.0,1900.0,6383.0,10923.0,0.0,9660,0.0,2680.0,0.0,8600,0.0,0.0,9012.0,2830.0,91800,38077,1942.0,0.0,13225.0,24500,4615.0,0.0,8601.0,0.0
3350,3700.0,21700,1355,0.0,0.0,5040.0,34899.0,0.0,7280.0,2051.0,18388.0,1243.0,3970,0.0,0.0,0.0,0.0,1920.0,6474.0,11044.0,0.0,9795,0.0,2715.0,0.0,8700,0.0,0.0,9075.0,2915.0,92600,38665,1913.0,0.0,13250.0,24850,4600.0,0.0,8631.0,0.0
3475,3680.0,21500,1370,0.0,0.0,5165.0,34650.0,0.0,7340.0,2065.0,18712.0,1250.0,4057,0.0,0.0,0.0,0.0,1940.0,6575.0,11066.0,0.0,9685,0.0,2705.0,0.0,8725,0.0,0.0,9130.0,2975.0,94001,39569,1967.0,0.0,13350.0,25110,4650.0,0.0,8950.0,0.0
3590,3670.0,20890,1380,0.0,0.0,5200.0,34300.0,0.0,7250.0,2030.0,18538.0,1255.0,4012,0.0,0.0,0.0,0.0,1939.0,6701.0,11053.0,0.0,10045,0.0,2715.0,0.0,8850,0.0,0.0,9190.0,2970.0,98700,39505,2023.0,0.0,13508.0,25250,4610.0,0.0,9081.0,0.0
3620,3675.0,20600,1391,0.0,0.0,5245.0,33950.0,0.0,7150.0,2099.0,18689.0,1251.0,4054,0.0,0.0,0.0,0.0,1934.0,6575.0,11000.0,0.0,10300,0.0,2715.0,0.0,8824,0.0,0.0,9148.0,2945.0,99700,39048,2006.0,0.0,13800.0,25150,4650.0,0.0,9301.0,0.0
3600,3650.0,20350,1400,0.0,0.0,5230.0,33741.0,0.0,7100.0,2035.0,18688.0,1250.0,3886,0.0,0.0,0.0,0.0,1986.0,6484.0,10784.0,0.0,10400,0.0,2725.0,0.0,8880,0.0,0.0,9184.0,2934.0,97500,39751,1998.0,0.0,14265.0,25590,4650.0,0.0,9250.0,0.0
3550,3650.0,19775,1432,0.0,0.0,5000.0,33105.0,0.0,7090.0,2018.0,18689.0,1260.0,3928,0.0,0.0,0.0,0.0,1977.0,6502.0,10824.0,0.0,10450,0.0,2725.0,0.0,8855,0.0,0.0,9140.0,2901.0,97500,39559,2006.0,0.0,14390.0,25400,4660.0,0.0,9402.0,0.0
3505,3650.0,19951,1485,0.0,0.0,4940.0,33105.0,0.0,7000.0,2048.0,18703.0,1260.0,3956,0.0,0.0,0.0,0.0,2000.0,6372.0,11330.0,0.0,10249,0.0,2715.0,0.0,8855,0.0,0.0,9106.0,2901.0,101200,38626,2087.0,0.0,14250.0,25080,4600.0,0.0,9370.0,0.0
3580,3600.0,20600,1510,0.0,0.0,4950.0,33500.0,0.0,6690.0,2050.0,18698.0,1270.0,4034,0.0,0.0,0.0,0.0,1977.0,6539.0,11660.0,0.0,10400,0.0,2715.0,0.0,8899,0.0,0.0,9183.0,3019.0,104301,39338,2078.0,0.0,14315.0,25125,4600.0,0.0,9450.0,0.0
3590,3650.0,21300,1561,0.0,0.0,4975.0,33400.0,0.0,6550.0,2075.0,18738.0,1307.0,4074,0.0,0.0,0.0,0.0,1980.0,6510.0,11660.0,0.0,10425,0.0,2711.0,0.0,8920,0.0,0.0,9200.0,3119.0,108010,39670,2097.0,0.0,14580.0,25010,4650.0,0.0,9370.0,0.0
3585,3650.0,21630,1525,0.0,0.0,5000.0,33500.0,0.0,6450.0,2059.0,18108.0,1301.0,3984,0.0,0.0,0.0,0.0,1922.0,6484.0,11251.0,0.0,10500,0.0,2712.0,0.0,8903,0.0,0.0,9156.0,3099.0,104800,40159,2025.0,0.0,14460.0,24550,4650.0,0.0,9350.0,0.0
3522,3680.0,21001,1470,0.0,0.0,5035.0,32300.0,0.0,6200.0,2031.0,17139.0,1350.0,3956,0.0,0.0,0.0,0.0,1895.0,6410.0,10996.0,0.0,10201,0.0,2700.0,0.0,8506,0.0,0.0,8760.0,2990.0,103000,38462,2036.0,0.0,13615.0,23301,4670.0,0.0,9001.0,0.0
3520,3650.0,20600,1445,0.0,0.0,4950.0,31500.0,0.0,6124.0,2036.0,16839.0,1300.0,3928,0.0,0.0,0.0,0.0,1870.0,6299.0,10917.0,0.0,10050,0.0,2675.0,0.0,8550,0.0,0.0,8781.0,2939.0,97600,37804,1969.0,0.0,13475.0,23300,4600.0,0.0,8800.0,0.0
3550,3700.0,20000,1415,0.0,0.0,4950.0,31201.0,0.0,5900.0,1980.0,17214.0,1305.0,3858,0.0,0.0,0.0,0.0,1870.0,6337.0,10930.0,0.0,9800,0.0,2697.0,0.0,8594,0.0,0.0,8780.0,2895.0,98500,37033,1955.0,0.0,13130.0,22800,4501.0,0.0,8550.0,0.0
3450,3700.0,19900,1415,0.0,0.0,4850.0,31780.0,0.0,5850.0,2035.0,16649.0,1290.0,3774,0.0,0.0,0.0,0.0,1820.0,6410.0,10829.0,0.0,10000,0.0,2676.0,0.0,8650,0.0,0.0,8795.0,2940.0,94800,38440,1858.0,0.0,13365.0,23000,4560.0,0.0,8650.0,0.0
3525,3600.0,19001,1441,0.0,0.0,4950.0,30600.0,0.0,5625.0,1955.0,16439.0,1280.0,3802,0.0,0.0,0.0,0.0,1830.0,6300.0,11000.0,0.0,9600,0.0,2675.0,0.0,8300,0.0,0.0,8470.0,2831.0,96000,37499,1879.0,0.0,12841.0,22100,4573.0,0.0,8525.0,0.0
3455,3550.0,19350,1465,0.0,0.0,4685.0,31412.0,0.0,5500.0,1931.0,16487.0,1251.0,3816,0.0,0.0,0.0,0.0,1835.0,6356.0,10978.0,0.0,9750,0.0,2680.0,0.0,8400,0.0,0.0,8585.0,2897.0,98000,38407,1896.0,0.0,12980.0,22250,4501.0,0.0,8601.0,0.0
3505,3600.0,19500,1480,0.0,0.0,4785.0,31200.0,0.0,5800.0,1973.0,17054.0,1252.0,3928,0.0,0.0,0.0,0.0,1909.0,6282.0,11070.0,0.0,9800,0.0,2715.0,0.0,8621,0.0,0.0,8898.0,2900.0,101010,37802,1954.0,0.0,12800.0,21999,4631.0,0.0,8655.0,0.0
3530,3605.0,19801,1480,0.0,0.0,4661.0,31425.0,0.0,6149.0,1940.0,17528.0,1278.0,3894,0.0,0.0,0.0,0.0,1930.0,6373.0,11044.0,0.0,10150,0.0,2720.0,0.0,8817,0.0,0.0,9020.0,2890.0,104000,37940,2002.0,0.0,12982.0,22500,4626.0,0.0,8709.0,0.0
3520,3675.0,20539,1490,0.0,0.0,4840.0,31700.0,0.0,6159.0,1960.0,17688.0,1289.0,3886,0.0,0.0,0.0,0.0,1929.0,6429.0,11110.0,0.0,10350,0.0,2700.0,0.0,8990,0.0,0.0,9057.0,2999.0,102300,38709,1998.0,0.0,13250.0,22400,4700.0,0.0,8950.0,0.0
3534,3690.0,21000,1485,0.0,0.0,4825.0,31700.0,0.0,6000.0,2017.0,17438.0,1316.0,3894,0.0,0.0,0.0,0.0,1895.0,6390.0,11163.0,0.0,10240,0.0,2710.0,0.0,8900,0.0,0.0,8986.0,2979.0,102500,38769,1947.0,0.0,13400.0,22300,4650.0,0.0,9140.0,0.0
3450,3700.0,20500,1437,0.0,0.0,4800.0,32050.0,0.0,5850.0,1995.0,16989.0,1340.0,3788,0.0,0.0,0.0,0.0,1865.0,6346.0,11000.0,0.0,10200,0.0,2700.0,0.0,8839,0.0,0.0,8945.0,2910.0,101010,38780,1913.0,0.0,13181.0,22270,4725.0,0.0,8995.0,0.0
3475,3700.0,19950,1441,0.0,0.0,4850.0,31350.0,0.0,5625.0,1977.0,17488.0,1350.0,3816,0.0,0.0,0.0,0.0,1920.0,6199.0,11154.0,0.0,9820,0.0,2700.0,0.0,8601,0.0,0.0,8730.0,2860.0,104500,38078,1908.0,0.0,12935.0,21600,4700.0,0.0,8650.0,0.0
3570,3700.0,20225,1390,0.0,0.0,4785.0,32199.0,0.0,5701.0,2000.0,17498.0,1310.0,3816,0.0,0.0,0.0,0.0,1920.0,6257.0,11246.0,0.0,9895,0.0,2614.0,0.0,8815,0.0,0.0,8895.0,2901.0,102100,38775,1851.0,0.0,13159.0,21650,4551.0,0.0,9100.0,0.0
3700,3700.0,20700,1401,0.0,0.0,4900.0,32800.0,0.0,5725.0,1940.0,17688.0,1310.0,3837,0.0,0.0,0.0,0.0,1955.0,6264.0,11396.0,0.0,9750,0.0,2700.0,0.0,8921,0.0,0.0,9066.0,2903.0,104800,39560,1882.0,0.0,13200.0,21500,4650.0,0.0,9150.0,0.0
3690,3680.0,21350,1435,0.0,0.0,4850.0,33400.0,0.0,5850.0,2040.0,17687.0,1305.0,3886,0.0,0.0,0.0,0.0,1970.0,6337.0,11528.0,0.0,9795,0.0,2700.0,0.0,9112,0.0,0.0,9269.0,2905.0,105000,40110,1938.0,0.0,13270.0,21500,4700.0,0.0,9320.0,0.0
3690,3575.0,21500,1435,0.0,0.0,4941.0,33090.0,0.0,6000.0,2063.0,17687.0,1315.0,3886,0.0,0.0,0.0,0.0,1970.0,6384.0,11528.0,0.0,10200,0.0,2700.0,0.0,9184,0.0,0.0,9338.0,2920.0,105000,40275,1938.0,0.0,13500.0,21800,4750.0,0.0,9290.0,0.0
3749,3570.0,21500,1460,0.0,0.0,5010.0,33090.0,0.0,6000.0,2063.0,17798.0,1334.0,3956,0.0,0.0,0.0,0.0,1988.0,6384.0,11488.0,0.0,10200,0.0,2730.0,0.0,9184,0.0,0.0,9338.0,2920.0,108000,40275,1997.0,0.0,13500.0,21800,4900.0,0.0,9290.0,0.0
3885,3570.0,21600,1485,0.0,0.0,5010.0,33038.0,0.0,6150.0,2050.0,17938.0,1334.0,4012,0.0,0.0,0.0,0.0,1991.0,6333.0,11458.0,0.0,10222,0.0,2740.0,0.0,9460,0.0,0.0,9560.0,2919.0,108900,40989,2015.0,0.0,13500.0,22200,4900.0,0.0,9510.0,0.0
3810,3580.0,21999,1489,0.0,0.0,5125.0,33016.0,0.0,6250.0,2060.0,18039.0,1335.0,3911,0.0,0.0,0.0,0.0,2000.0,6429.0,11396.0,0.0,10500,0.0,2740.0,0.0,9345,0.0,0.0,9469.0,2900.0,109000,41044,1942.0,0.0,13899.0,23600,4961.0,0.0,9699.0,0.0
3770,3599.0,22201,1485,0.0,0.0,5070.0,32700.0,0.0,6311.0,2100.0,18263.0,1315.0,3897,0.0,0.0,0.0,0.0,2004.0,6374.0,11528.0,0.0,10450,0.0,2785.0,0.0,9200,0.0,0.0,9338.0,2900.0,107500,40934,1981.0,0.0,13900.0,23550,4970.0,0.0,9600.0,0.0
3750,3595.0,21850,1480,0.0,0.0,5100.0,32422.0,0.0,6320.0,2130.0,17848.0,1313.0,3872,0.0,0.0,0.0,0.0,2001.0,6451.0,11818.0,0.0,10500,0.0,2770.0,0.0,9205,0.0,0.0,9365.0,2870.0,109500,41382,1942.0,0.0,14001.0,23900,4850.0,0.0,9311.0,0.0
3750,3650.0,22100,1485,0.0,0.0,5100.0,33010.0,0.0,6302.0,2077.0,17488.0,1320.0,3859,0.0,0.0,0.0,0.0,2000.0,6492.0,11733.0,0.0,10400,0.0,2751.0,0.0,9075,0.0,0.0,9330.0,2856.0,112000,41374,2020.0,0.0,14001.0,24600,4900.0,0.0,9175.0,0.0
3700,3650.0,22451,1485,0.0,0.0,5135.0,32479.0,0.0,6451.0,2149.0,17538.0,1318.0,3871,0.0,0.0,0.0,0.0,2000.0,6557.0,11836.0,0.0,10530,0.0,2775.0,0.0,9150,0.0,0.0,9369.0,2865.0,114450,42198,2091.0,0.0,14200.0,24800,4750.0,0.0,9460.0,0.0
3671,3620.0,22801,1490,0.0,0.0,5100.0,32500.0,0.0,6550.0,2190.0,17988.0,1347.0,3886,0.0,0.0,0.0,0.0,2041.0,6630.0,12030.0,0.0,10680,0.0,2780.0,0.0,9330,0.0,0.0,9399.0,2880.0,116100,42088,2066.0,0.0,14100.0,24205,4850.0,0.0,9850.0,0.0
3740,3600.0,23101,1490,0.0,0.0,5150.0,32611.0,0.0,6500.0,2190.0,18208.0,1265.0,3899,0.0,0.0,0.0,0.0,2055.0,6687.0,12100.0,0.0,10800,0.0,2800.0,0.0,9320,0.0,0.0,9554.0,2900.0,116800,42170,2087.0,0.0,14400.0,24000,4990.0,0.0,9799.0,0.0
3825,3600.0,22501,1500,0.0,0.0,5200.0,33352.0,0.0,6600.0,2221.0,18388.0,1349.0,3865,0.0,0.0,0.0,0.0,2080.0,6667.0,12056.0,0.0,10945,0.0,2899.0,0.0,9520,0.0,0.0,9600.0,2980.0,117000,42602,2091.0,0.0,14580.0,23300,5050.0,0.0,9899.0,0.0
3921,3550.0,22840,1500,0.0,0.0,5350.0,33200.0,0.0,6455.0,2155.0,18039.0,1349.0,3810,0.0,0.0,0.0,0.0,2070.0,6667.0,12056.0,0.0,10950,0.0,2900.0,0.0,9600,0.0,0.0,9813.0,2995.0,117000,42418,2071.0,0.0,14380.0,23500,4964.0,0.0,9650.0,0.0
3921,3520.0,22850,1500,0.0,0.0,5290.0,32975.0,0.0,6390.0,2135.0,18039.0,1331.0,3810,0.0,0.0,0.0,0.0,2070.0,6722.0,12056.0,0.0,10780,0.0,2900.0,0.0,9600,0.0,0.0,9840.0,2980.0,117000,42407,2071.0,0.0,14550.0,23501,4946.0,0.0,9624.0,0.0
3921,3550.0,22850,1500,0.0,0.0,5466.0,32975.0,0.0,6390.0,2135.0,18039.0,1335.0,3810,0.0,0.0,0.0,0.0,2070.0,6722.0,12056.0,0.0,10780,0.0,2900.0,0.0,9600,0.0,0.0,9840.0,2980.0,117000,42407,2071.0,0.0,14550.0,23501,4830.0,0.0,9624.0,0.0
3912,3550.0,22850,1502,0.0,0.0,5466.0,32975.0,0.0,6390.0,2135.0,18090.0,1335.0,3875,0.0,0.0,0.0,0.0,2110.0,6722.0,12074.0,0.0,10780,0.0,2920.0,0.0,9600,0.0,0.0,9840.0,2980.0,119710,42407,2074.0,0.0,14550.0,23501,4830.0,0.0,9624.0,0.0
3870,3550.0,23520,1502,0.0,0.0,5466.0,33200.0,0.0,6500.0,2176.0,18143.0,1335.0,3844,0.0,0.0,0.0,0.0,2100.0,6843.0,12496.0,0.0,10810,0.0,2900.0,0.0,9790,0.0,0.0,10021.0,3094.0,117100,43186,2019.0,0.0,14650.0,23850,4830.0,0.0,9699.0,0.0
3840,3560.0,23200,1506,0.0,0.0,5700.0,33461.0,0.0,6380.0,2175.0,18408.0,1348.0,3872,0.0,0.0,0.0,0.0,2105.0,6740.0,12320.0,0.0,10680,0.0,2900.0,0.0,9515,0.0,0.0,9830.0,3007.0,120785,42720,2066.0,0.0,14225.0,24055,4955.0,0.0,9600.0,0.0
3760,3600.0,23400,1520,0.0,0.0,5610.0,33600.0,0.0,6470.0,2174.0,18188.0,1330.0,4004,0.0,0.0,0.0,0.0,2117.0,6813.0,12496.0,0.0,11040,0.0,2909.0,0.0,9611,0.0,0.0,9758.0,3011.0,122000,42709,2142.0,0.0,14371.0,24330,4955.0,0.0,9600.0,0.0
3800,3500.0,24375,1530,0.0,0.0,5650.0,34600.0,0.0,6485.0,2200.0,18289.0,1365.0,4015,0.0,0.0,0.0,0.0,2150.0,6777.0,12473.0,0.0,11030,0.0,3000.0,0.0,9650,0.0,0.0,9901.0,3020.0,126000,42748,2098.0,0.0,14600.0,24699,5001.0,0.0,9980.0,0.0
3741,3500.0,24800,1540,0.0,0.0,5705.0,34924.0,0.0,6550.0,2219.0,18278.0,1405.0,4015,0.0,0.0,0.0,0.0,2175.0,6859.0,12320.0,0.0,11199,0.0,3030.0,0.0,9799,0.0,0.0,10025.0,3090.0,123000,42842,2189.0,0.0,15000.0,24651,5000.0,0.0,10300.0,0.0
3780,3510.0,24670,1556,0.0,0.0,5700.0,34095.0,0.0,6540.0,2205.0,17788.0,1406.0,3998,0.0,0.0,0.0,0.0,2199.0,6817.0,11994.0,0.0,11560,0.0,3125.0,0.0,9850,0.0,0.0,10080.0,3090.0,121500,43080,2129.0,0.0,15110.0,24625,5140.0,0.0,10399.0,0.0
3790,3520.0,24550,1560,0.0,0.0,5699.0,33750.0,0.0,6432.0,2224.0,17678.0,1421.0,4040,0.0,0.0,0.0,0.0,2250.0,6740.0,11730.0,0.0,11200,0.0,3150.0,0.0,9700,0.0,0.0,9918.0,3110.0,123800,41978,2142.0,0.0,15280.0,24450,5098.0,0.0,10400.0,0.0
3849,3520.0,24520,1585,0.0,0.0,5718.0,33189.0,0.0,6345.0,2190.0,17888.0,1420.0,4089,0.0,0.0,0.0,0.0,2175.0,6846.0,11792.0,0.0,11150,0.0,3166.0,0.0,9650,0.0,0.0,9900.0,3200.0,125801,41701,2175.0,0.0,15350.0,24450,5010.0,0.0,10400.0,0.0
3800,3600.0,25100,1585,0.0,0.0,5750.0,33599.0,0.0,6330.0,2205.0,17778.0,1410.0,4119,0.0,0.0,0.0,0.0,2250.0,6777.0,11708.0,0.0,11260,0.0,3175.0,0.0,9780,0.0,0.0,9922.0,3259.0,125900,42181,2151.0,0.0,15620.0,24600,5010.0,0.0,10415.0,0.0
3806,3605.0,25100,1586,0.0,0.0,5930.0,33385.0,0.0,6300.0,2235.0,17788.0,1421.0,4124,0.0,0.0,0.0,0.0,2201.0,6777.0,11471.0,0.0,11250,0.0,3150.0,0.0,9760,0.0,0.0,10060.0,3230.0,123800,42420,2155.0,0.0,15500.0,24530,5102.0,0.0,10502.0,0.0
3800,3605.0,23999,1587,0.0,0.0,6090.0,32575.0,0.0,6130.0,2280.0,17889.0,1426.0,4096,0.0,0.0,0.0,0.0,2288.0,6813.0,11493.0,0.0,11095,0.0,3120.0,0.0,9690,0.0,0.0,9915.0,3200.0,122600,41429,2163.0,0.0,15400.0,24550,5136.0,0.0,10305.0,0.0
3805,3620.0,23700,1585,0.0,0.0,5850.0,31990.0,0.0,6025.0,2360.0,17854.0,1435.0,4068,0.0,0.0,0.0,0.0,2405.0,6996.0,11373.0,0.0,11100,0.0,3170.0,0.0,9880,0.0,0.0,10198.0,3200.0,119000,41593,2142.0,0.0,15451.0,24550,5150.0,0.0,10150.0,0.0
3805,3621.0,23525,1585,0.0,0.0,5755.0,31998.0,0.0,5900.0,2360.0,17854.0,1450.0,4068,0.0,0.0,0.0,0.0,2405.0,6813.0,11373.0,0.0,11100,0.0,3170.0,0.0,9900,0.0,0.0,10015.0,3210.0,119000,40967,2142.0,0.0,15260.0,24400,5230.0,0.0,10280.0,0.0
3866,3830.0,23525,1590,0.0,0.0,5590.0,31998.0,0.0,5900.0,2360.0,17888.0,1460.0,4147,0.0,0.0,0.0,0.0,2380.0,6813.0,11265.0,0.0,11100,0.0,3180.0,0.0,9900,0.0,0.0,10015.0,3210.0,114501,40967,2142.0,0.0,15260.0,24400,5270.0,0.0,10280.0,0.0
3866,3830.0,23000,1590,0.0,0.0,5590.0,31531.0,0.0,6061.0,2388.0,17888.0,1460.0,4147,0.0,0.0,0.0,0.0,2380.0,6923.0,11265.0,0.0,11080,0.0,3180.0,0.0,10005,0.0,0.0,10132.0,3270.0,114501,41425,2142.0,0.0,15135.0,24411,5270.0,0.0,10375.0,0.0
3922,3995.0,23000,1585,0.0,0.0,5640.0,31531.0,0.0,6061.0,2388.0,17988.0,1467.0,4124,0.0,0.0,0.0,0.0,2281.0,6923.0,11264.0,0.0,11080,0.0,3350.0,0.0,10005,0.0,0.0,10132.0,3270.0,117410,41425,2134.0,0.0,15135.0,24411,5340.0,0.0,10375.0,0.0
3935,3995.0,23331,1581,0.0,0.0,5640.0,31606.0,0.0,6450.0,2409.0,18008.0,1467.0,4019,0.0,0.0,0.0,0.0,2256.0,6828.0,11088.0,0.0,11120,0.0,3356.0,0.0,10020,0.0,0.0,10215.0,3290.0,118500,41703,2137.0,0.0,15399.0,24730,5340.0,0.0,10400.0,0.0
3930,4020.0,22949,1585,0.0,0.0,5700.0,31100.0,0.0,6500.0,2420.0,18168.0,1460.0,4019,0.0,0.0,0.0,0.0,2351.0,6676.0,11132.0,0.0,11095,0.0,3420.0,0.0,10440,0.0,0.0,10576.0,3315.0,119001,41879,2114.0,0.0,15350.0,25520,5317.0,0.0,10299.0,0.0
3890,4000.0,23675,1593,0.0,0.0,5560.0,31100.0,0.0,6450.0,2470.0,18158.0,1465.0,4015,0.0,0.0,0.0,0.0,2353.0,6690.0,11013.0,0.0,11000,0.0,3310.0,0.0,10320,0.0,0.0,10530.0,3212.0,121900,43571,2092.0,0.0,15260.0,25650,5335.0,0.0,10200.0,0.0
3850,4010.0,23800,1590,0.0,0.0,5672.0,30975.0,0.0,6573.0,2480.0,17888.0,1486.0,3998,0.0,0.0,0.0,0.0,2251.0,6757.0,10780.0,0.0,10900,0.0,3200.0,0.0,10230,0.0,0.0,10545.0,3225.0,122000,44505,2057.0,0.0,15420.0,25269,5350.0,0.0,9977.0,0.0
3860,4000.0,22900,1600,0.0,0.0,5770.0,30302.0,0.0,6340.0,2433.0,17688.0,1490.0,3998,0.0,0.0,0.0,0.0,2241.0,6696.0,10754.0,0.0,10700,0.0,3213.0,0.0,10100,0.0,0.0,10398.0,3210.0,120000,42495,2054.0,0.0,14900.0,25280,5350.0,0.0,10100.0,0.0
3850,4000.0,23030,1605,0.0,0.0,5685.0,30400.0,0.0,6260.0,2430.0,17748.0,1490.0,4040,0.0,0.0,0.0,0.0,2236.0,6744.0,10714.0,0.0,10960,0.0,3201.0,0.0,10080,0.0,0.0,10400.0,3210.0,120000,43302,2095.0,0.0,14905.0,25499,5100.0,0.0,10080.0,0.0
3850,4010.0,22700,1597,0.0,0.0,5710.0,30500.0,0.0,6339.0,2415.0,17588.0,1600.0,4018,0.0,0.0,0.0,0.0,2200.0,6715.0,10648.0,0.0,11040,0.0,3200.0,0.0,10210,0.0,0.0,10578.0,3250.0,124300,43519,2090.0,0.0,14950.0,25610,5134.0,0.0,10100.0,0.0
3850,4005.0,22952,1585,0.0,0.0,5790.0,30026.0,0.0,6290.0,2410.0,17339.0,1576.0,3942,0.0,0.0,0.0,0.0,2250.0,6703.0,10280.0,0.0,11160,0.0,3142.0,0.0,10200,0.0,0.0,10640.0,3220.0,121000,45330,2053.0,0.0,14950.0,25940,5180.0,0.0,10120.0,0.0
3820,4000.0,22400,1603,0.0,0.0,5820.0,29601.0,0.0,6200.0,2336.0,17089.0,1586.0,4012,0.0,0.0,0.0,0.0,2230.0,6568.0,10560.0,0.0,10802,0.0,3140.0,0.0,9850,0.0,0.0,10260.0,3205.0,116200,43046,2015.0,0.0,15002.0,25910,5105.0,0.0,10040.0,0.0
3800,4001.0,22500,1605,0.0,0.0,5699.0,30099.0,0.0,6100.0,2340.0,17938.0,1585.0,3928,0.0,0.0,0.0,0.0,2215.0,6594.0,10516.0,0.0,10700,0.0,3275.0,0.0,9722,0.0,0.0,10231.0,3220.0,117000,39425,1976.0,0.0,14900.0,26020,4930.0,0.0,9951.0,0.0
3800,4000.0,22400,1611,0.0,0.0,5620.0,29700.0,0.0,6130.0,2310.0,18338.0,1575.0,3837,0.0,0.0,0.0,0.0,2200.0,6502.0,10494.0,0.0,10545,0.0,3330.0,0.0,9771,0.0,0.0,10240.0,3210.0,114606,43269,1976.0,0.0,14680.0,26605,4915.0,0.0,10000.0,0.0
3775,3910.0,22000,1620,0.0,0.0,5612.0,29501.0,0.0,6000.0,2320.0,18288.0,1585.0,3977,0.0,0.0,0.0,0.0,2182.0,6484.0,10688.0,0.0,10512,0.0,3320.0,0.0,9589,0.0,0.0,10125.0,3210.0,113999,42787,1981.0,0.0,14530.0,26610,4980.0,0.0,9900.0,0.0
3850,3915.0,21900,1648,0.0,0.0,5545.0,30200.0,0.0,6250.0,2318.0,18733.0,1605.0,3984,0.0,0.0,0.0,0.0,2215.0,6539.0,10736.0,0.0,10700,0.0,3334.0,0.0,9764,0.0,0.0,10287.0,3220.0,121000,43985,1992.0,0.0,14725.0,27600,5148.0,0.0,9955.0,0.0
3936,3905.0,22200,1655,0.0,0.0,5600.0,30500.0,0.0,6430.0,2300.0,19387.0,1655.0,3984,0.0,0.0,0.0,0.0,2246.0,6561.0,10736.0,0.0,10795,0.0,3370.0,0.0,9695,0.0,0.0,10122.0,3220.0,121900,45536,2044.0,0.0,14740.0,27610,5164.0,0.0,9900.0,0.0
4016,3860.0,22200,1660,0.0,0.0,5650.0,30475.0,0.0,6726.0,2305.0,19337.0,1680.0,4110,0.0,0.0,0.0,0.0,2315.0,6641.0,10912.0,0.0,10860,0.0,3420.0,0.0,9600,0.0,0.0,10035.0,3220.0,121800,45221,2112.0,0.0,14820.0,26101,5165.0,0.0,9998.0,0.0
3950,3875.0,22685,1661,0.0,0.0,5650.0,30455.0,0.0,6750.0,2350.0,18987.0,1689.0,3956,0.0,0.0,0.0,0.0,2301.0,6813.0,11022.0,0.0,11086,0.0,3405.0,0.0,9720,0.0,0.0,10150.0,3200.0,122500,46038,2044.0,0.0,15100.0,26300,5302.0,0.0,10199.0,0.0
3900,3900.0,22279,1651,0.0,0.0,5687.0,30500.0,0.0,6750.0,2350.0,18888.0,1600.0,3984,0.0,0.0,0.0,0.0,2291.0,6758.0,10824.0,0.0,11020,0.0,3400.0,0.0,9540,0.0,0.0,10050.0,3220.0,121200,45615,2019.0,0.0,15000.0,26300,5415.0,0.0,9900.0,0.0
3898,3800.0,21800,1640,0.0,0.0,5650.0,29921.0,0.0,6800.0,2330.0,18936.0,1669.0,4040,0.0,0.0,0.0,0.0,2299.0,6813.0,10604.0,0.0,10925,0.0,3390.0,0.0,9419,0.0,0.0,9758.0,3199.0,120510,45302,2027.0,0.0,14800.0,26015,5350.0,0.0,9560.0,0.0
3870,3598.0,22050,1630,0.0,0.0,5590.0,29400.0,0.0,6810.0,2330.0,19088.0,1635.0,4103,0.0,0.0,0.0,0.0,2300.0,6795.0,10648.0,0.0,10970,0.0,3385.0,0.0,9570,0.0,0.0,9850.0,3195.0,120800,45440,2037.0,0.0,14923.0,25700,5280.0,0.0,9861.0,0.0
3850,3750.0,21600,1580,0.0,0.0,5550.0,29525.0,0.0,6750.0,2310.0,18748.0,1610.0,4070,0.0,0.0,0.0,0.0,2274.0,6739.0,10639.0,0.0,10900,0.0,3385.0,0.0,9539,0.0,0.0,9895.0,3190.0,119000,45837,1968.0,0.0,14800.0,25800,5270.0,0.0,9970.0,0.0
3900,3701.0,21825,1545,0.0,0.0,5510.0,29100.0,0.0,6720.0,2265.0,18783.0,1605.0,4026,0.0,0.0,0.0,0.0,2300.0,6630.0,10606.0,0.0,10625,0.0,3342.0,0.0,9250,0.0,0.0,9550.0,3153.0,119375,45516,1946.0,0.0,14511.0,26030,5249.0,0.0,9650.0,0.0
3985,3800.0,21801,1530,0.0,0.0,5450.0,29205.0,0.0,6950.0,2223.0,19087.0,1605.0,4012,0.0,0.0,0.0,0.0,2321.0,6678.0,10760.0,0.0,10525,0.0,3375.0,0.0,9295,0.0,0.0,9611.0,3145.0,122400,46804,1947.0,0.0,14800.0,25706,5380.0,0.0,9780.0,0.0
3950,3825.0,22100,1531,0.0,0.0,5549.0,30100.0,0.0,7070.0,2230.0,18838.0,1600.0,3970,0.0,0.0,0.0,0.0,2276.0,6718.0,10736.0,0.0,10689,0.0,3355.0,0.0,9500,0.0,0.0,9905.0,3150.0,123000,47819,1938.0,0.0,14762.0,25900,5250.0,0.0,9870.0,0.0
3899,3900.0,22595,1537,0.0,0.0,5620.0,30725.0,0.0,7000.0,2151.0,18818.0,1625.0,3928,0.0,0.0,0.0,0.0,2279.0,6601.0,10692.0,0.0,10400,0.0,3325.0,0.0,9530,0.0,0.0,9903.0,3110.0,121751,48022,1941.0,0.0,14550.0,25555,5300.0,0.0,9600.0,0.0
3770,3900.0,22600,1510,0.0,0.0,5680.0,30700.0,0.0,6880.0,2135.0,18897.0,1577.0,3908,0.0,0.0,0.0,0.0,2260.0,6685.0,10468.0,0.0,10350,0.0,3263.0,0.0,9425,0.0,0.0,9880.0,3130.0,119250,47912,1934.0,0.0,14465.0,25350,5199.0,0.0,9540.0,0.0
3775,3900.0,22400,1495,0.0,0.0,5800.0,30106.0,0.0,6533.0,2071.0,18743.0,1568.0,3928,0.0,0.0,0.0,0.0,2285.0,6667.0,10362.0,0.0,10350,0.0,3211.0,0.0,9415,0.0,0.0,9648.0,3156.0,119800,46264,1955.0,0.0,14350.0,25200,5150.0,0.0,9680.0,0.0
3775,3949.0,23401,1468,0.0,0.0,5850.0,29750.0,0.0,6600.0,2105.0,18100.0,1560.0,3928,0.0,0.0,0.0,0.0,2269.0,6666.0,10054.0,0.0,10500,0.0,3090.0,0.0,9240,0.0,0.0,9499.0,3195.0,117600,46029,1903.0,0.0,14350.0,25075,5231.0,0.0,9650.0,0.0
3670,4050.0,22500,1490,0.0,0.0,5915.0,29006.0,0.0,6500.0,2100.0,18388.0,1563.0,3990,0.0,0.0,0.0,0.0,2331.0,6594.0,10283.0,0.0,10200,0.0,3200.0,0.0,9095,0.0,0.0,9300.0,3165.0,118200,46033,1959.0,0.0,13881.0,24550,5280.0,0.0,9575.0,0.0
3639,3975.0,22387,1490,0.0,0.0,5900.0,29624.0,0.0,6750.0,2120.0,17738.0,1550.0,3956,0.0,0.0,0.0,0.0,2287.0,6685.0,9990.0,0.0,10375,0.0,3185.0,0.0,9110,0.0,0.0,9300.0,3150.0,118000,46319,1935.0,0.0,14200.0,25001,5085.0,0.0,9900.0,0.0
3650,4000.0,22000,1469,0.0,0.0,6050.0,29075.0,0.0,6700.0,2115.0,17893.0,1550.0,3985,0.0,0.0,0.0,0.0,2267.0,6557.0,10129.0,0.0,10240,0.0,3200.0,0.0,8954,0.0,0.0,9186.0,3138.0,118900,46363,1955.0,0.0,14125.0,25000,5060.0,0.0,9580.0,0.0
3785,4100.0,21749,1465,0.0,0.0,5990.0,29175.0,0.0,6774.0,2095.0,18368.0,1556.0,3984,0.0,0.0,0.0,0.0,2302.0,6630.0,10190.0,0.0,10330,0.0,3200.0,0.0,9155,0.0,0.0,9360.0,3100.0,120200,47637,2018.0,0.0,14110.0,24790,5100.0,0.0,9800.0,0.0
3775,3914.0,22420,1471,0.0,0.0,5800.0,29160.0,0.0,7050.0,2139.0,18638.0,1530.0,3991,0.0,0.0,0.0,0.0,2300.0,6776.0,10314.0,0.0,10650,0.0,3205.0,0.0,9360,0.0,0.0,9566.0,3115.0,122000,47555,2014.0,0.0,14360.0,25650,5100.0,0.0,9850.0,0.0
3750,3914.0,22700,1495,0.0,0.0,5730.0,29025.0,0.0,7050.0,2060.0,18788.0,1570.0,3984,0.0,0.0,0.0,0.0,2310.0,6832.0,10186.0,0.0,10651,0.0,3255.0,0.0,9550,0.0,0.0,9850.0,3100.0,124500,48901,1981.0,0.0,14442.0,26500,5200.0,0.0,9765.0,0.0
3750,3914.0,23400,1504,0.0,0.0,5700.0,29100.0,0.0,6950.0,2120.0,19107.0,1574.0,4032,0.0,0.0,0.0,0.0,2300.0,6872.0,10076.0,0.0,10611,0.0,3220.0,0.0,9530,0.0,0.0,9760.0,3088.0,128000,48681,2006.0,0.0,14540.0,26995,5201.0,0.0,9850.0,0.0
3748,3905.0,23879,1530,0.0,0.0,5739.0,28630.0,0.0,6899.0,2103.0,19447.0,1570.0,4110,0.0,0.0,0.0,0.0,2292.0,6839.0,10296.0,0.0,10679,0.0,3355.0,0.0,9485,0.0,0.0,9708.0,3060.0,128400,47585,1998.0,0.0,14301.0,26805,5318.0,0.0,9765.0,0.0
3750,3950.0,24500,1520,0.0,0.0,5900.0,28661.0,0.0,6890.0,2155.0,18987.0,1570.0,4124,0.0,0.0,0.0,0.0,2265.0,6914.0,10340.0,0.0,10605,0.0,3292.0,0.0,9602,0.0,0.0,9750.0,3079.0,129500,44000,1981.0,0.0,14100.0,26800,5270.0,0.0,9850.0,0.0
3782,3950.0,24099,1500,0.0,0.0,5950.0,28099.0,0.0,6845.0,2140.0,18793.0,1551.0,4046,0.0,0.0,0.0,0.0,2252.0,6960.0,10296.0,0.0,10400,0.0,3255.0,0.0,9370,0.0,0.0,9525.0,3080.0,128500,47813,1960.0,0.0,13950.0,26750,5250.0,0.0,9600.0,0.0
3800,3901.0,23601,1475,0.0,0.0,5919.0,27700.0,0.0,6699.0,2129.0,18798.0,1530.0,4040,0.0,0.0,0.0,0.0,2242.0,6850.0,10295.0,0.0,10340,0.0,3250.0,0.0,9150,0.0,0.0,9300.0,3079.0,124900,47560,1955.0,0.0,13759.0,26525,5270.0,0.0,9555.0,0.0
3768,3900.0,23199,1474,0.0,0.0,5870.0,27405.0,0.0,6478.0,2100.0,18578.0,1500.0,3984,0.0,0.0,0.0,0.0,2222.0,6817.0,10095.0,0.0,10125,0.0,3256.0,0.0,9156,0.0,0.0,9345.0,2998.0,120100,46825,1896.0,0.0,13750.0,26600,5280.0,0.0,9254.0,0.0
3700,4000.0,22341,1460,0.0,0.0,5850.0,26926.0,0.0,6430.0,2066.0,18188.0,1485.0,3967,0.0,0.0,0.0,0.0,2195.0,6813.0,9812.0,0.0,10000,0.0,3200.0,0.0,9130,0.0,0.0,9345.0,2990.0,119995,42590,1859.0,0.0,13399.0,26102,5290.0,0.0,9250.0,0.0
3751,3890.0,22118,1475,0.0,0.0,5700.0,26800.0,0.0,6500.0,2046.0,18188.0,1450.0,3963,0.0,0.0,0.0,0.0,2231.0,6740.0,9680.0,0.0,10050,0.0,3267.0,0.0,8930,0.0,0.0,9110.0,2930.0,119299,45604,1904.0,0.0,13170.0,25899,5392.0,0.0,9490.0,0.0
3700,3890.0,22035,1485,0.0,0.0,5625.0,26585.0,0.0,6700.0,2077.0,18188.0,1430.0,4040,0.0,0.0,0.0,0.0,2249.0,6868.0,9627.0,0.0,9978,0.0,3265.0,0.0,9100,0.0,0.0,9250.0,2933.0,116401,45384,1921.0,0.0,13400.0,26050,5275.0,0.0,9695.0,0.0
3750,3940.0,21600,1483,0.0,0.0,5568.0,26710.0,0.0,6650.0,2140.0,18238.0,1450.0,4009,0.0,0.0,0.0,0.0,2237.0,6920.0,9724.0,0.0,9830,0.0,3255.0,0.0,9130,0.0,0.0,9186.0,2903.0,119949,40950,1934.0,0.0,13200.0,26600,5200.0,0.0,9640.0,0.0
3710,3889.0,22190,1531,0.0,0.0,5600.0,26700.0,0.0,6800.0,2120.0,17950.0,1450.0,3995,0.0,0.0,0.0,0.0,2215.0,6887.0,9680.0,0.0,10060,0.0,3257.0,0.0,9200,6984.0,0.0,9328.0,2900.0,119800,44000,1938.0,0.0,13300.0,26715,5300.0,0.0,9705.0,0.0
3700,3850.0,22506,1550,0.0,0.0,5624.0,26655.0,0.0,6600.0,2200.0,17670.0,1475.0,3971,0.0,0.0,0.0,0.0,2217.0,6777.0,9434.0,0.0,10000,0.0,3260.0,0.0,9400,7020.0,0.0,9470.0,2899.0,121500,44600,1900.0,0.0,13201.0,26826,5312.0,0.0,9850.0,0.0
3700,3800.0,23300,1590,0.0,0.0,5635.0,26599.0,0.0,6730.0,2211.0,17438.0,1450.0,4096,0.0,0.0,0.0,0.0,2196.0,6737.0,9592.0,0.0,9990,0.0,3265.0,0.0,9450,6800.0,0.0,9539.0,2889.0,121000,44593,1887.0,0.0,13100.0,26750,5350.0,0.0,10060.0,0.0
3660,3800.0,22810,1610,0.0,0.0,5650.0,26600.0,0.0,6650.0,2211.0,17988.0,1401.0,4109,0.0,0.0,0.0,0.0,2208.0,6699.0,9759.0,0.0,9812,0.0,3330.0,0.0,9580,6700.0,0.0,9610.0,2870.0,120000,45120,1934.0,0.0,13130.0,25949,5350.0,0.0,9840.0,0.0
3651,3800.0,22645,1615,0.0,0.0,5760.0,27875.0,0.0,6770.0,2228.0,18528.0,1420.0,4130,0.0,0.0,0.0,0.0,2225.0,6722.0,10054.0,0.0,10300,0.0,3390.0,0.0,9525,6486.0,0.0,9570.0,2895.0,122491,45699,1972.0,0.0,13500.0,26300,5456.0,0.0,10040.0,0.0
3670,3800.0,23300,1620,0.0,0.0,5820.0,28638.0,0.0,7050.0,2316.0,18288.0,1410.0,4040,0.0,0.0,0.0,0.0,2255.0,6784.0,10085.0,0.0,10465,0.0,3312.0,0.0,9550,6688.0,0.0,9587.0,2940.0,118000,46575,2032.0,0.0,13800.0,26051,5643.0,0.0,10435.0,0.0
3584,3790.0,22399,1618,0.0,0.0,5939.0,29220.0,0.0,7205.0,2310.0,17988.0,1489.0,4096,0.0,0.0,0.0,0.0,2250.0,6822.0,9997.0,0.0,10740,0.0,3260.0,0.0,9540,6860.0,0.0,9560.0,2970.0,116900,45300,2040.0,0.0,13932.0,26200,5580.0,0.0,10300.0,0.0
3651,3800.0,22400,1615,0.0,0.0,5800.0,29095.0,0.0,7450.0,2270.0,18188.0,1464.0,4145,0.0,0.0,0.0,0.0,2255.0,6764.0,10318.0,0.0,10694,0.0,3249.0,0.0,9578,6860.0,0.0,9590.0,2970.0,113500,46300,2010.0,0.0,13900.0,27399,5558.0,0.0,10200.0,0.0
3748,3899.0,22865,1600,0.0,0.0,5800.0,29875.0,0.0,7550.0,2250.0,18538.0,1465.0,4147,0.0,0.0,0.0,0.0,2277.0,6690.0,10560.0,0.0,10770,0.0,3250.0,0.0,9300,6730.0,0.0,9388.0,3047.0,110400,46600,2002.0,0.0,13845.0,27800,5420.0,0.0,10203.0,0.0
3690,3800.0,23015,1585,0.0,0.0,5760.0,30110.0,0.0,7535.0,2245.0,18389.0,1465.0,4124,0.0,0.0,0.0,0.0,2285.0,6696.0,10696.0,0.0,10820,0.0,3255.0,0.0,9575,6655.0,0.0,9625.0,3012.0,110550,47050,2006.0,0.0,13990.0,28400,5444.0,0.0,10189.0,0.0
3710,3820.0,22400,1577,0.0,0.0,5700.0,30087.0,0.0,7682.0,2240.0,18218.0,1400.0,4130,0.0,0.0,0.0,0.0,2289.0,6740.0,10648.0,0.0,10700,0.0,3310.0,0.0,9690,6620.0,0.0,9700.0,3035.0,108000,46500,1981.0,0.0,13945.0,28250,5500.0,0.0,10245.0,0.0
3609,3850.0,21950,1584,0.0,0.0,5700.0,30101.0,0.0,7798.0,2219.0,17988.0,1436.0,4105,0.0,0.0,0.0,0.0,2287.0,6832.0,10802.0,0.0,10520,0.0,3261.0,0.0,9610,6534.0,0.0,9650.0,3010.0,108600,45865,1998.0,0.0,13750.0,27850,5500.0,0.0,10150.0,0.0
3555,3800.0,21950,1600,0.0,0.0,5710.0,30799.0,0.0,7550.0,2198.0,17988.0,1430.0,4124,0.0,0.0,0.0,0.0,2315.0,6740.0,10902.0,0.0,10540,0.0,3270.0,0.0,9600,6502.0,0.0,9611.0,2995.0,109200,44675,2006.0,0.0,13600.0,27830,5400.0,0.0,10100.0,0.0
3549,3800.0,22701,1605,0.0,0.0,5710.0,30654.0,0.0,7450.0,2180.0,17839.0,1450.0,4110,0.0,0.0,0.0,0.0,2340.0,6777.0,11000.0,0.0,10565,0.0,3319.0,0.0,9500,6671.0,0.0,9560.0,2975.0,108600,44900,2005.0,0.0,14200.0,28055,5350.0,0.0,10150.0,0.0
3600,3805.0,22400,1605,0.0,0.0,5650.0,31450.0,0.0,7350.0,2205.0,17888.0,1465.0,4180,0.0,0.0,0.0,0.0,2373.0,6744.0,10772.0,0.0,10623,0.0,3300.0,0.0,9520,6686.0,0.0,9605.0,2973.0,109126,44990,2066.0,0.0,14300.0,28525,5320.0,0.0,10430.0,0.0
3550,3850.0,22700,1610,0.0,0.0,5670.0,31050.0,0.0,7280.0,2220.0,17988.0,1490.0,4194,0.0,0.0,0.0,0.0,2355.0,6832.0,10692.0,0.0,11099,0.0,3250.0,0.0,9340,6480.0,0.0,9365.0,2960.0,110000,45500,2091.0,0.0,14375.0,28800,5420.0,0.0,10525.0,0.0
3559,3900.0,22500,1610,0.0,0.0,5825.0,31045.0,0.0,6980.0,2177.0,17989.0,1481.0,4152,0.0,0.0,0.0,0.0,2328.0,6877.0,10450.0,0.0,10955,0.0,3270.0,0.0,9330,6460.0,0.0,9312.0,2940.0,109500,44383,2048.0,0.0,14129.0,27745,5460.0,0.0,10500.0,0.0
3499,3899.0,21900,1585,0.0,0.0,5851.0,30040.0,0.0,6900.0,2093.0,17890.0,1471.0,4117,0.0,0.0,0.0,0.0,2298.0,6810.0,10393.0,0.0,10520,0.0,3201.0,0.0,9101,6355.0,0.0,9100.0,2919.0,106999,43100,1981.0,0.0,13700.0,27425,5425.0,0.0,10320.0,0.0
3440,3850.0,21150,1580,0.0,0.0,5770.0,29992.0,0.0,6900.0,2005.0,17568.0,1460.0,3970,0.0,0.0,0.0,0.0,2280.0,6740.0,10183.0,0.0,10401,0.0,3115.0,0.0,8790,6321.0,0.0,8850.0,2820.0,99999,41800,1938.0,0.0,13286.0,26762,5400.0,0.0,10150.0,0.0
3324,3860.0,19900,1570,0.0,0.0,5575.0,29101.0,0.0,6800.0,1969.0,17723.0,1435.0,4040,0.0,0.0,0.0,0.0,2284.0,6538.0,10278.0,0.0,9850,0.0,3080.0,0.0,8650,6202.0,0.0,8699.0,2801.0,100900,39400,1964.0,0.0,12985.0,26050,5300.0,0.0,10035.0,0.0
3350,3810.0,20350,1575,0.0,0.0,5250.0,29620.0,0.0,7010.0,2000.0,17888.0,1441.0,4087,0.0,0.0,0.0,0.0,2291.0,6539.0,10330.0,0.0,10200,0.0,3150.0,0.0,8720,6026.0,0.0,8795.0,2825.0,98802,40321,1970.0,0.0,13250.0,26500,5185.0,0.0,10100.0,0.0
3315,3810.0,21000,1515,0.0,0.0,5265.0,30122.0,0.0,7150.0,1959.0,17388.0,1445.0,3964,0.0,0.0,0.0,0.0,2236.0,6584.0,9864.0,0.0,10210,0.0,3060.0,0.0,8915,6182.0,0.0,8901.0,2849.0,92600,41400,1955.0,0.0,13440.0,27200,5309.0,0.0,10135.0,0.0
3315,3880.0,20370,1531,0.0,0.0,5325.0,29271.0,0.0,7000.0,1920.0,17289.0,1470.0,3984,0.0,0.0,0.0,0.0,2248.0,6478.0,9900.0,0.0,10100,0.0,3130.0,0.0,8620,6276.0,0.0,8790.0,2760.0,91800,40700,1981.0,0.0,13205.0,26202,5370.0,0.0,9710.0,0.0
3330,3800.0,19990,1485,0.0,0.0,5340.0,29250.0,0.0,7200.0,1951.0,17289.0,1440.0,3872,0.0,0.0,0.0,0.0,2275.0,6557.0,9808.0,0.0,10060,0.0,3130.0,0.0,8600,6570.0,0.0,8674.0,2750.0,89995,39981,1921.0,0.0,13400.0,26250,5237.0,0.0,9757.0,0.0
3280,3485.0,19100,1482,0.0,0.0,5360.0,28800.0,0.0,7035.0,1950.0,16751.0,1425.0,3690,0.0,0.0,0.0,0.0,2190.0,6520.0,9328.0,0.0,9820,0.0,3075.0,0.0,8520,6715.0,0.0,8600.0,2710.0,86100,39800,1899.0,0.0,13299.0,26100,5172.0,0.0,9875.0,0.0
3199,3900.0,18400,1490,0.0,0.0,5180.0,27250.0,0.0,6900.0,1875.0,16689.0,1445.0,3731,0.0,0.0,0.0,0.0,2198.0,6370.0,9209.0,0.0,9700,0.0,3125.0,0.0,8268,6621.0,0.0,8450.0,2680.0,89201,38700,1954.0,0.0,13100.0,26850,5120.0,0.0,9600.0,0.0
3250,3750.0,19000,1523,0.0,0.0,4990.0,27000.0,0.0,6900.0,1930.0,16989.0,1450.0,3886,0.0,0.0,0.0,0.0,2240.0,6520.0,9684.0,0.0,10120,0.0,3170.0,0.0,8401,6500.0,0.0,8470.0,2650.0,91000,39500,2015.0,0.0,13251.0,27450,5100.0,0.0,9841.0,0.0
3250,3750.0,19900,1523,0.0,0.0,5010.0,27200.0,0.0,7070.0,1965.0,16989.0,1450.0,3886,0.0,0.0,0.0,0.0,2240.0,6758.0,9684.0,0.0,10720,0.0,3170.0,0.0,8730,6605.0,0.0,8720.0,2700.0,91000,40500,2015.0,0.0,13950.0,28600,5010.0,0.0,10295.0,0.0
3230,3750.0,19900,1516,0.0,0.0,5150.0,27200.0,0.0,7070.0,1965.0,16288.0,1455.0,3788,0.0,0.0,0.0,0.0,2225.0,6758.0,9604.0,0.0,10720,0.0,3160.0,0.0,8730,6605.0,0.0,8720.0,2700.0,88400,40500,1913.0,0.0,13950.0,28600,5050.0,0.0,10295.0,0.0
3260,3750.0,19399,1525,0.0,0.0,5150.0,26600.0,0.0,6810.0,1905.0,16329.0,1455.0,3802,0.0,0.0,0.0,0.0,2226.0,6337.0,9442.0,0.0,10000,0.0,3150.0,0.0,7850,6525.0,0.0,7840.0,2695.0,90550,38375,1989.0,0.0,13500.0,27573,5050.0,0.0,9880.0,0.0
3285,3610.0,19800,1525,0.0,0.0,4990.0,26980.0,0.0,6750.0,1925.0,15989.0,1430.0,3743,0.0,0.0,0.0,0.0,2192.0,6484.0,9350.0,0.0,10400,0.0,3230.0,0.0,8260,6620.0,0.0,8300.0,2700.0,91900,40525,1904.0,0.0,13900.0,28300,5000.0,0.0,10045.0,0.0
3225,3650.0,18935,1505,0.0,0.0,5060.0,26867.0,0.0,6770.0,1940.0,15740.0,1450.0,3787,0.0,0.0,0.0,0.0,2126.0,6411.0,9583.0,0.0,9985,0.0,3130.0,0.0,8100,6350.0,0.0,8150.0,2650.0,90100,40200,1904.0,0.0,13650.0,28050,5000.0,0.0,9980.0,0.0
3130,3650.0,18399,1460,0.0,0.0,5100.0,26900.0,0.0,6751.0,1899.0,15330.0,1445.0,3675,0.0,0.0,0.0,0.0,2110.0,6374.0,9306.0,0.0,9899,0.0,3060.0,0.0,7900,6305.0,0.0,7900.0,2647.0,86900,40000,1832.0,0.0,13430.0,27800,4985.0,0.0,9720.0,0.0
3110,3620.0,18100,1450,0.0,0.0,5000.0,26349.0,0.0,6586.0,1850.0,16139.0,1425.0,3703,0.0,0.0,0.0,0.0,2101.0,6374.0,9182.0,0.0,9480,0.0,3050.0,0.0,7588,6017.0,0.0,7599.0,2600.0,89000,37055,1849.0,0.0,13100.0,26497,4980.0,0.0,9230.0,0.0
3220,3610.0,17800,1488,0.0,0.0,4800.0,26175.0,0.0,6550.0,1928.0,16689.0,1400.0,3745,0.0,0.0,0.0,0.0,2060.0,6300.0,9152.0,0.0,9205,0.0,2986.0,0.0,7580,6020.0,0.0,7539.0,2590.0,85000,36600,1862.0,0.0,12900.0,26400,4900.0,0.0,9176.0,0.0
3300,3585.0,18375,1490,0.0,0.0,4950.0,26900.0,0.0,6450.0,1868.0,16589.0,1365.0,3731,0.0,0.0,0.0,0.0,2080.0,6392.0,9104.0,0.0,9599,0.0,3055.0,0.0,7605,6310.0,0.0,7630.0,2550.0,83000,38200,1815.0,0.0,13079.0,27000,4900.0,0.0,9828.0,0.0
3425,3600.0,18450,1486,0.0,0.0,4680.0,26900.0,0.0,6600.0,1910.0,17029.0,1385.0,3774,0.0,0.0,0.0,0.0,2115.0,6410.0,9293.0,0.0,9610,0.0,3081.0,0.0,7600,6500.0,0.0,7600.0,2499.0,87300,38000,1861.0,0.0,13000.0,26970,4950.0,0.0,9711.0,0.0
3520,3600.0,18500,1490,0.0,0.0,4600.0,26950.0,0.0,6900.0,1960.0,16788.0,1375.0,3898,0.0,0.0,0.0,0.0,2090.0,6520.0,9350.0,0.0,9950,0.0,3071.0,0.0,7770,6600.0,0.0,7714.0,2500.0,89000,39900,1900.0,0.0,13015.0,27850,4874.0,0.0,9948.0,0.0
3541,3610.0,18561,1510,0.0,0.0,4640.0,27598.0,0.0,7070.0,1970.0,16689.0,1395.0,3886,0.0,0.0,0.0,0.0,2065.0,6759.0,9376.0,0.0,10100,0.0,3056.0,0.0,8000,6686.0,0.0,7999.0,2550.0,89700,39998,1904.0,0.0,13330.0,27550,4860.0,0.0,9950.0,0.0
3600,3650.0,18340,1535,0.0,0.0,4600.0,27076.0,0.0,7350.0,1965.0,17329.0,1420.0,3928,0.0,0.0,0.0,0.0,2075.0,6520.0,9310.0,0.0,10150,0.0,3080.0,0.0,7750,6610.0,0.0,7778.0,2554.0,92000,40080,1946.0,0.0,13100.0,27300,4881.0,0.0,9800.0,0.0
3540,3655.0,18850,1541,0.0,0.0,4575.0,27332.0,0.0,7510.0,1919.0,16882.0,1440.0,3844,0.0,0.0,0.0,0.0,2090.0,6594.0,9460.0,0.0,10350,0.0,3075.0,0.0,7980,6530.0,0.0,7961.0,2625.0,91500,40700,1879.0,0.0,13710.0,27443,4855.0,0.0,10240.0,0.0
3475,3650.0,19100,1530,0.0,0.0,4630.0,27005.0,0.0,7450.0,1945.0,16859.0,1430.0,3788,0.0,0.0,0.0,0.0,2116.0,6381.0,9394.0,0.0,10005,0.0,3190.0,0.0,7690,6601.0,0.0,7602.0,2640.0,91000,39750,1921.0,0.0,13500.0,27499,4906.0,0.0,10199.0,0.0
3510,3650.0,19525,1545,0.0,0.0,4720.0,27050.0,0.0,7359.0,1923.0,16919.0,1440.0,3858,0.0,0.0,0.0,0.0,2100.0,6528.0,9397.0,0.0,10090,0.0,3335.0,0.0,7731,6686.0,0.0,7700.0,2680.0,90010,39643,1969.0,0.0,13214.0,27280,4975.0,0.0,10400.0,0.0
3542,3610.0,20600,1546,0.0,0.0,5050.0,27549.0,0.0,7229.0,1915.0,17898.0,1454.0,3903,0.0,0.0,0.0,0.0,2156.0,6667.0,9636.0,0.0,10050,0.0,3410.0,0.0,7760,6748.0,0.0,7685.0,2630.0,95400,39682,1985.0,0.0,13280.0,27680,4975.0,0.0,10865.0,0.0
3599,3610.0,21210,1546,0.0,0.0,5200.0,27921.0,0.0,7275.0,1970.0,18388.0,1481.0,3956,0.0,0.0,0.0,0.0,2230.0,6740.0,9768.0,0.0,10449,0.0,3400.0,0.0,8050,6936.0,0.0,7902.0,2700.0,97400,41097,1989.0,0.0,13475.0,28900,5075.0,0.0,10880.0,0.0
3565,3700.0,21775,1552,0.0,0.0,5490.0,28950.0,0.0,7500.0,1935.0,17998.0,1525.0,3984,0.0,0.0,0.0,0.0,2250.0,6666.0,9847.0,0.0,10580,0.0,3400.0,0.0,8185,7065.0,0.0,8000.0,2700.0,102000,41450,2002.0,0.0,13795.0,28800,5219.0,0.0,10600.0,0.0
3540,3650.0,22450,1565,0.0,0.0,5525.0,29205.0,0.0,7800.0,1929.0,17139.0,1526.0,3914,0.0,0.0,0.0,0.0,2180.0,6626.0,9891.0,0.0,10790,0.0,3470.0,0.0,8205,7123.0,0.0,8159.0,2690.0,99000,41850,1930.0,0.0,13999.0,29000,5234.0,0.0,10408.0,0.0
3500,3750.0,21599,1562,0.0,0.0,5350.0,29095.0,0.0,7450.0,1876.0,17289.0,1545.0,3889,0.0,0.0,0.0,0.0,2152.0,6659.0,10032.0,0.0,10400,0.0,3500.0,0.0,8060,7053.0,0.0,8050.0,2660.0,99001,41601,1955.0,0.0,13600.0,28505,5260.0,0.0,10500.0,0.0
3460,3750.0,21500,1575,0.0,0.0,5047.0,29300.0,0.0,7550.0,1870.0,16989.0,1550.0,3774,0.0,0.0,0.0,0.0,2160.0,6685.0,10437.0,0.0,10250,0.0,3560.0,0.0,8120,6999.0,0.0,8080.0,2595.0,96700,42500,1896.0,0.0,13350.0,28700,5327.0,0.0,10775.0,0.0
3460,3900.0,20900,1545,0.0,0.0,4975.0,30701.0,0.0,7500.0,1861.0,17289.0,1540.0,3802,0.0,0.0,0.0,0.0,2178.0,6465.0,10394.0,0.0,9985,0.0,3527.0,0.0,7880,6949.0,0.0,7800.0,2650.0,98300,40800,1938.0,0.0,13000.0,28490,5320.0,0.0,10400.0,0.0
3455,4100.0,20960,1545,0.0,0.0,4875.0,30000.0,0.0,7460.0,1800.0,17488.0,1526.0,3850,0.0,0.0,0.0,0.0,2261.0,6540.0,10582.0,0.0,10045,0.0,3626.0,0.0,7800,7023.0,0.0,7682.0,2640.0,99500,40009,1962.0,0.0,12725.0,28800,5320.0,0.0,10690.0,0.0
3449,3780.0,21600,1550,0.0,0.0,4925.0,30000.0,0.0,7475.0,1840.0,17428.0,1525.0,3904,0.0,0.0,0.0,0.0,2220.0,6769.0,10688.0,0.0,10263,0.0,3675.0,0.0,8079,7050.0,0.0,7890.0,2665.0,102000,41045,1942.0,0.0,13200.0,29450,5315.0,0.0,11189.0,0.0
3517,4000.0,21599,1558,0.0,0.0,4950.0,31169.0,0.0,7700.0,1850.0,17488.0,1576.0,3928,0.0,0.0,0.0,0.0,2200.0,6777.0,10613.0,0.0,10040,0.0,3675.0,0.0,7900,6974.0,0.0,7820.0,2680.0,102500,40700,1942.0,0.0,13160.0,29401,5315.0,0.0,11130.0,0.0
3549,3801.0,21650,1570,0.0,0.0,4950.0,31795.0,0.0,7770.0,1834.0,17498.0,1580.0,3900,0.0,0.0,0.0,0.0,2189.0,6722.0,10593.0,0.0,10070,0.0,3700.0,0.0,7860,7037.0,0.0,7848.0,2625.0,99450,42050,1956.0,0.0,12920.0,29801,5450.0,0.0,11290.0,0.0
3430,3800.0,21600,1565,0.0,0.0,4945.0,32000.0,0.0,7802.0,1818.0,16908.0,1605.0,3816,0.0,0.0,0.0,0.0,2178.0,6594.0,10516.0,0.0,9905,0.0,3645.0,0.0,7520,6993.0,0.0,7514.0,2624.0,98130,41820,1972.0,0.0,12900.0,30500,5400.0,0.0,11230.0,0.0
3420,3800.0,20800,1575,0.0,0.0,4840.0,32200.0,0.0,7801.0,1775.0,17289.0,1625.0,3731,0.0,0.0,0.0,0.0,2214.0,6487.0,10507.0,0.0,9875,0.0,3625.0,0.0,7170,6860.0,0.0,7100.0,2625.0,97900,41000,1912.0,0.0,12600.0,30479,5390.0,0.0,10950.0,0.0
3380,3700.0,21020,1575,0.0,0.0,4845.0,32499.0,0.0,8050.0,1784.0,18488.0,1636.0,3816,0.0,0.0,0.0,0.0,2274.0,6447.0,10911.0,0.0,9860,0.0,3690.0,0.0,7240,6850.0,0.0,7252.0,2650.0,101000,41450,1938.0,0.0,12355.0,30900,5300.0,0.0,10950.0,0.0
3340,3850.0,22431,1575,0.0,0.0,4749.0,33033.0,0.0,8160.0,1810.0,17988.0,1690.0,3746,0.0,0.0,0.0,0.0,2262.0,6557.0,11330.0,0.0,10000,0.0,3650.0,0.0,7745,6696.0,0.0,7614.0,2650.0,102550,44625,1948.0,0.0,12600.0,32399,5325.0,0.0,10980.0,0.0
3300,3800.0,22600,1575,0.0,0.0,4800.0,33330.0,0.0,8300.0,1771.0,17388.0,1700.0,3731,0.0,0.0,0.0,0.0,2240.0,6539.0,11176.0,0.0,9965,0.0,3549.0,0.0,7399,6606.0,0.0,7380.0,2629.0,105200,44980,1913.0,0.0,12850.0,32900,5289.0,0.0,10980.0,0.0
3300,3900.0,23250,1575,0.0,0.0,4800.0,33249.0,0.0,8550.0,1750.0,17388.0,1676.0,3731,0.0,0.0,0.0,0.0,2240.0,6493.0,11176.0,0.0,9850,0.0,3549.0,0.0,7430,6568.0,0.0,7365.0,2585.0,105200,44910,1913.0,0.0,12630.0,31600,5240.0,0.0,10735.0,0.0
3300,4200.0,23250,1575,0.0,0.0,4930.0,33249.0,0.0,8550.0,1750.0,17638.0,1650.0,3771,0.0,0.0,0.0,0.0,2247.0,6493.0,10736.0,0.0,9850,0.0,3571.0,0.0,7430,6568.0,0.0,7365.0,2585.0,104000,44910,1853.0,0.0,12630.0,31600,5150.0,0.0,10735.0,0.0
3299,4200.0,24300,1575,0.0,0.0,4930.0,32599.0,0.0,8600.0,1750.0,17979.0,1650.0,3772,0.0,0.0,0.0,0.0,2260.0,6410.0,10912.0,0.0,9795,0.0,3580.0,0.0,7200,6600.0,0.0,7030.0,2530.0,107000,45141,1870.0,0.0,12598.0,30925,5150.0,0.0,10700.0,0.0
3270,3900.0,24300,1590,0.0,0.0,4945.0,31825.0,0.0,8850.0,1760.0,18638.0,1650.0,3831,0.0,0.0,0.0,0.0,2252.0,6483.0,10991.0,0.0,9940,0.0,3695.0,0.0,7340,6500.0,0.0,7160.0,2570.0,105800,45403,1901.0,0.0,12570.0,30395,5170.0,0.0,10670.0,0.0
3351,3700.0,24215,1619,0.0,0.0,4990.0,32190.0,0.0,8999.0,1790.0,19089.0,1665.0,3801,0.0,0.0,0.0,0.0,2227.0,6456.0,10925.0,0.0,10051,0.0,3600.0,0.0,7450,6482.0,0.0,7250.0,2602.0,104260,45400,1879.0,0.0,12601.0,29701,5300.0,0.0,10700.0,0.0
3370,3700.0,24000,1610,0.0,0.0,4980.0,32620.0,0.0,8700.0,1810.0,19265.0,1695.0,3788,0.0,0.0,0.0,0.0,2225.0,6410.0,10671.0,0.0,9946,0.0,3750.0,0.0,7399,6500.0,0.0,7250.0,2640.0,109100,45750,1862.0,0.0,12501.0,29600,5475.0,0.0,10450.0,0.0
3409,3900.0,24050,1623,0.0,0.0,4944.0,30350.0,0.0,8410.0,1790.0,19287.0,1670.0,3835,0.0,0.0,0.0,0.0,2279.0,6520.0,10622.0,0.0,9905,0.0,3800.0,0.0,7215,6515.0,0.0,7049.0,2650.0,109200,47000,1947.0,0.0,12525.0,30000,5511.0,0.0,10281.0,0.0
3490,3945.0,24340,1619,0.0,0.0,4900.0,30201.0,0.0,8400.0,1840.0,18788.0,1642.0,3779,0.0,0.0,0.0,0.0,2360.0,6414.0,10582.0,0.0,10500,0.0,3850.0,0.0,7539,6474.0,0.0,7300.0,2640.0,112990,46349,2040.0,0.0,12650.0,31815,5499.0,0.0,10941.0,0.0
3450,3950.0,25525,1615,0.0,0.0,4775.0,29955.0,0.0,8200.0,1910.0,19087.0,1689.0,3788,0.0,0.0,0.0,0.0,2386.0,6526.0,10613.0,0.0,11000,0.0,3850.0,0.0,7800,6310.0,0.0,7560.0,2745.0,118000,46003,2040.0,0.0,13090.0,32175,5725.0,0.0,11450.0,0.0
3532,4000.0,26175,1616,0.0,0.0,4798.0,30699.0,0.0,8125.0,1919.0,19157.0,1732.0,3792,0.0,0.0,0.0,0.0,2341.0,6612.0,10822.0,0.0,11010,0.0,3840.0,0.0,7830,6229.0,0.0,7626.0,2701.0,115700,46270,2073.0,0.0,13100.0,32090,5727.0,0.0,11621.0,0.0
3575,4000.0,25590,1625,0.0,0.0,4797.0,30350.0,0.0,8500.0,1978.0,19387.0,1720.0,3844,0.0,0.0,0.0,0.0,2385.0,6703.0,10674.0,0.0,11075,0.0,3920.0,0.0,7740,5974.0,0.0,7540.0,2695.0,112000,46700,2072.0,0.0,13450.0,32010,5700.0,0.0,11580.0,0.0
3550,4000.0,24300,1625,0.0,0.0,4780.0,30320.0,0.0,8745.0,1995.0,19392.0,1750.0,3774,0.0,0.0,0.0,0.0,2364.0,6685.0,10891.0,0.0,11080,0.0,3940.0,0.0,7779,5938.0,0.0,7584.0,2720.0,111700,45600,2032.0,0.0,13372.0,31800,5680.0,0.0,11665.0,0.0
3500,4050.0,25000,1616,0.0,0.0,4750.0,30200.0,0.0,8850.0,1970.0,20077.0,1729.0,3717,0.0,0.0,0.0,0.0,2360.0,6648.0,11084.0,0.0,10880,0.0,3939.0,0.0,7730,6209.0,0.0,7519.0,2720.0,113000,46199,2064.0,0.0,13180.0,32151,5665.0,0.0,11600.0,0.0
3550,4050.0,24900,1545,0.0,0.0,4820.0,30111.0,0.0,8910.0,1941.0,20087.0,1715.0,3693,0.0,0.0,0.0,0.0,2390.0,6630.0,11176.0,0.0,10775,0.0,3945.0,0.0,7850,6150.0,0.0,7590.0,2789.0,113600,47206,2112.0,0.0,13370.0,32720,5560.0,0.0,11200.0,0.0
3600,4050.0,25980,1560,0.0,0.0,4899.0,30300.0,0.0,9401.0,1940.0,19687.0,1715.0,3745,0.0,0.0,0.0,0.0,2377.0,6594.0,11123.0,0.0,10845,0.0,3900.0,0.0,7724,6136.0,0.0,7490.0,2767.0,113000,48050,2057.0,0.0,13612.0,33601,5525.0,0.0,11000.0,0.0
3600,4100.0,25800,1560,0.0,0.0,4880.0,30280.0,0.0,9599.0,1940.0,19267.0,1710.0,3765,0.0,0.0,0.0,0.0,2340.0,6698.0,11246.0,0.0,10791,0.0,3906.0,0.0,7645,6110.0,0.0,7401.0,2788.0,113050,46750,2015.0,0.0,13820.0,33550,5614.0,0.0,11355.0,0.0
3590,4050.0,24825,1561,0.0,0.0,4860.0,30374.0,0.0,9500.0,1945.0,19336.0,1700.0,3802,0.0,0.0,0.0,0.0,2340.0,6703.0,11132.0,0.0,10575,0.0,3850.0,0.0,7569,6052.0,0.0,7299.0,2750.0,112900,47500,2018.0,0.0,13700.0,33355,5465.0,0.0,11400.0,0.0
3580,4080.0,24000,1568,0.0,0.0,4957.0,29601.0,0.0,9400.0,1924.0,19487.0,1695.0,3787,0.0,0.0,0.0,0.0,2360.0,6758.0,10912.0,0.0,10490,0.0,3905.0,0.0,7459,5925.0,0.0,7184.0,2727.0,112700,46669,2036.0,0.0,13641.0,33105,5490.0,0.0,11300.0,0.0
3561,4100.0,24050,1575,0.0,0.0,5040.0,29875.0,0.0,9620.0,1920.0,19187.0,1660.0,3788,0.0,0.0,0.0,0.0,2325.0,6821.0,10639.0,0.0,10790,0.0,3970.0,0.0,7400,6206.0,0.0,7230.0,2700.0,114900,45812,2036.0,0.0,13880.0,33800,5560.0,0.0,11400.0,0.0
3600,4140.0,24400,1575,0.0,0.0,4860.0,29775.0,0.0,9650.0,1909.0,18638.0,1640.0,3782,0.0,0.0,0.0,0.0,2323.0,6832.0,10737.0,0.0,10600,0.0,3927.0,0.0,7359,6305.0,0.0,7101.0,2700.0,110200,45200,2012.0,0.0,13652.0,33300,5680.0,0.0,11520.0,0.0
3598,4200.0,23693,1567,0.0,0.0,4855.0,29795.0,0.0,9901.0,1885.0,18488.0,1660.0,3813,0.0,0.0,0.0,0.0,2285.0,6810.0,10305.0,0.0,10600,0.0,3881.0,0.0,7331,6277.0,0.0,7130.0,2665.0,104500,44313,1985.0,0.0,13700.0,33299,5680.0,0.0,11615.0,0.0
3650,4290.0,22600,1560,0.0,0.0,4800.0,29125.0,0.0,9990.0,1844.0,18987.0,1670.0,3816,0.0,0.0,0.0,0.0,2271.0,6830.0,10542.0,0.0,10549,0.0,3860.0,0.0,7321,6090.0,0.0,7050.0,2645.0,104851,42501,2039.0,0.0,13600.0,32450,5550.0,0.0,11515.0,0.0
3700,4150.0,23300,1590,0.0,0.0,4714.0,29625.0,0.0,10325.0,1853.0,18659.0,1656.0,3774,0.0,0.0,0.0,0.0,2295.0,6751.0,10349.0,0.0,10945,0.0,3830.0,0.0,7320,6100.0,0.0,7245.0,2719.0,100100,43050,2066.0,0.0,13940.0,32780,5470.0,0.0,11650.0,0.0
3775,4150.0,22500,1620,0.0,0.0,4720.0,29470.0,0.0,10140.0,1824.0,19330.0,1671.0,3788,0.0,0.0,0.0,0.0,2355.0,6758.0,10428.0,0.0,11099,0.0,3927.0,0.0,7402,5900.0,0.0,7280.0,2730.0,105000,42400,2159.0,0.0,14075.0,32700,5460.0,0.0,11651.0,0.0
3820,4200.0,22650,1600,0.0,0.0,4695.0,30249.0,0.0,10001.0,1870.0,19987.0,1675.0,3760,0.0,0.0,0.0,0.0,2325.0,6813.0,10243.0,0.0,11540,0.0,3970.0,0.0,7555,5969.0,0.0,7440.0,2725.0,105900,42780,2193.0,0.0,14600.0,32250,5450.0,0.0,12000.0,0.0
3800,4250.0,23200,1614,0.0,0.0,4749.0,29525.0,0.0,10099.0,1897.0,20761.0,1690.0,3813,0.0,0.0,0.0,0.0,2368.0,6779.0,10384.0,0.0,11530,0.0,3980.0,0.0,7665,6000.0,0.0,7498.0,2785.0,107400,43390,2210.0,0.0,14700.0,32899,5530.0,0.0,12894.0,0.0
3740,4400.0,23800,1630,0.0,0.0,4745.0,29700.0,0.0,10449.0,1910.0,20986.0,1765.0,3802,0.0,0.0,0.0,0.0,2345.0,6941.0,10256.0,0.0,11490,0.0,4047.0,0.0,7765,6075.0,0.0,7610.0,2870.0,108510,44700,2206.0,0.0,14440.0,33050,5730.0,0.0,12499.0,0.0
3795,4500.0,24500,1640,0.0,0.0,4638.0,29540.0,0.0,10500.0,1914.0,20586.0,1775.0,3827,0.0,0.0,0.0,0.0,2370.0,6888.0,10285.0,0.0,11660,0.0,4050.0,0.0,7875,5900.0,0.0,7725.0,2835.0,111500,44710,2185.0,0.0,14544.0,33265,5845.0,0.0,12400.0,0.0
3700,4700.0,24400,1649,0.0,0.0,4469.0,30399.0,0.0,10511.0,1885.0,20086.0,1775.0,3759,0.0,0.0,0.0,0.0,2335.0,6954.0,9945.0,0.0,11730,0.0,3940.0,0.0,8085,6050.0,0.0,7845.0,2805.0,106941,44750,2134.0,0.0,14250.0,33200,5800.0,0.0,12625.0,0.0
3770,4550.0,23301,1690,0.0,0.0,4550.0,29270.0,0.0,10050.0,1869.0,20186.0,1795.0,3743,0.0,0.0,0.0,0.0,2340.0,6850.0,9900.0,0.0,11749,0.0,3979.0,0.0,7974,6000.0,0.0,7772.0,2810.0,106000,43593,2146.0,0.0,14251.0,32750,5800.0,0.0,12440.0,0.0
3830,4600.0,23285,1701,0.0,0.0,4450.0,27910.0,0.0,10050.0,1889.0,19802.0,1750.0,3830,0.0,0.0,0.0,0.0,2300.0,6923.0,10019.0,0.0,11425,0.0,3978.0,0.0,7795,6006.0,0.0,7660.0,2860.0,103999,42600,2143.0,0.0,14500.0,32700,5775.0,0.0,12399.0,0.0
3791,4600.0,23400,1695,0.0,0.0,4450.0,28000.0,0.0,10130.0,1880.0,20486.0,1779.0,3824,0.0,0.0,0.0,0.0,2350.0,6943.0,10120.0,0.0,11520,0.0,4089.0,0.0,7625,5850.0,0.0,7545.0,2860.0,105800,41700,2175.0,0.0,14800.0,32500,5800.0,0.0,12340.0,0.0
3871,4700.0,24100,1698,0.0,0.0,4425.0,29210.0,0.0,10150.0,1900.0,20287.0,1795.0,3807,0.0,0.0,0.0,0.0,2340.0,7051.0,10474.0,0.0,11375,0.0,4100.0,0.0,7700,5859.0,0.0,7566.0,2900.0,106400,42820,2143.0,0.0,15026.0,32510,5800.0,0.0,12490.0,0.0
3915,4750.0,25001,1666,0.0,0.0,4360.0,30000.0,0.0,10300.0,1899.0,19887.0,1799.0,3788,0.0,0.0,0.0,0.0,2351.0,6851.0,11000.0,0.0,11090,0.0,4020.0,0.0,7571,5818.0,0.0,7455.0,2875.0,107000,43600,2177.0,0.0,14612.0,33350,5896.0,0.0,12490.0,0.0
3825,4850.0,26000,1655,0.0,0.0,4251.0,30649.0,0.0,10150.0,1870.0,19737.0,1770.0,3781,0.0,0.0,0.0,0.0,2330.0,6788.0,11044.0,0.0,11155,0.0,4200.0,0.0,7500,5848.0,0.0,7350.0,2805.0,103980,48381,2191.0,0.0,14910.0,33826,6010.0,0.0,12597.0,0.0
3740,5000.0,24900,1620,0.0,0.0,4175.0,31180.0,0.0,10400.0,1870.0,19187.0,1745.0,3780,0.0,0.0,0.0,0.0,2312.0,6773.0,10815.0,0.0,11195,0.0,4170.0,0.0,7439,5598.0,0.0,7300.0,2800.0,100401,47389,2193.0,0.0,14750.0,34550,6050.0,0.0,12626.0,0.0
3755,5000.0,23800,1638,0.0,0.0,4289.0,31291.0,0.0,10080.0,1849.0,19187.0,1758.0,3760,0.0,0.0,0.0,0.0,2304.0,6862.0,10649.0,0.0,11359,0.0,4000.0,0.0,7630,5600.0,0.0,7460.0,2800.0,99600,46400,2189.0,0.0,14670.0,34897,5951.0,0.0,12998.0,0.0
3790,5100.0,23250,1653,0.0,0.0,4288.0,31400.0,0.0,9989.0,1838.0,19642.0,1739.0,3816,0.0,0.0,0.0,0.0,2344.0,6996.0,10824.0,0.0,11350,0.0,4005.0,0.0,7635,5600.0,0.0,7470.0,2795.0,103000,45000,2185.0,0.0,14600.0,34210,5960.0,0.0,12775.0,0.0
3700,5000.0,24250,1660,0.0,0.0,4290.0,31515.0,0.0,9960.0,1850.0,19387.0,1735.0,3816,0.0,0.0,0.0,0.0,2300.0,6978.0,10471.0,0.0,11352,0.0,4011.0,0.0,7750,5800.0,0.0,7600.0,2765.0,100798,45050,2185.0,0.0,14605.0,34450,5750.0,0.0,12950.0,0.0
3820,5075.0,24000,1645,0.0,0.0,4500.0,30500.0,0.0,9948.0,1850.0,18588.0,1745.0,3816,0.0,0.0,0.0,0.0,2283.0,6777.0,10331.0,0.0,11200,0.0,4060.0,0.0,7650,5620.0,0.0,7339.0,2788.0,94100,43800,2138.0,0.0,14400.0,34200,5780.0,0.0,12953.0,0.0
3826,5000.0,23400,1635,0.0,0.0,4625.0,29900.0,0.0,9725.0,1800.0,18138.0,1740.0,3647,0.0,0.0,0.0,0.0,2270.0,6806.0,10260.0,0.0,11100,0.0,3830.0,0.0,7570,5654.0,0.0,7409.0,2915.0,94000,43099,1987.0,0.0,14315.0,33800,5800.0,0.0,12450.0,0.0
3779,5000.0,22125,1635,0.0,0.0,4445.0,28950.0,0.0,9305.0,1790.0,18488.0,1720.0,3651,0.0,0.0,0.0,0.0,2300.0,6813.0,10208.0,0.0,10805,0.0,4062.0,0.0,7200,5549.0,0.0,7050.0,2781.0,95500,40900,2039.0,0.0,13850.0,33100,5908.0,0.0,12330.0,0.0
3750,5000.0,22100,1640,0.0,0.0,4200.0,29500.0,0.0,9355.0,1794.0,17988.0,1660.0,3591,0.0,0.0,0.0,0.0,2261.0,7088.0,10164.0,0.0,10900,0.0,4049.0,0.0,7400,5550.0,0.0,7290.0,2770.0,92200,40554,2031.0,0.0,14180.0,35400,6000.0,0.0,12949.0,0.0
3765,4950.0,21521,1630,0.0,0.0,4200.0,29700.0,0.0,9450.0,1770.0,18238.0,1705.0,3600,0.0,0.0,0.0,0.0,2250.0,6887.0,10120.0,0.0,10900,0.0,3995.0,0.0,7200,5440.0,0.0,7040.0,2840.0,93500,40674,2011.0,0.0,14150.0,35205,6087.0,0.0,12348.0,0.0
3750,4705.0,22399,1595,0.0,0.0,4180.0,30299.0,0.0,9500.0,1710.0,18188.0,1630.0,3563,0.0,0.0,0.0,0.0,2250.0,7015.0,10296.0,0.0,10850,0.0,3900.0,0.0,7085,5255.0,0.0,7050.0,2885.0,94000,39750,1985.0,0.0,14180.0,34850,5990.0,0.0,12436.0,0.0
3631,4710.0,22850,1611,0.0,0.0,4220.0,30399.0,0.0,9490.0,1691.0,17888.0,1656.0,3591,0.0,0.0,0.0,0.0,2250.0,7106.0,10476.0,0.0,10900,0.0,3990.0,0.0,7230,5526.0,0.0,7197.0,2930.0,91100,42173,1924.0,0.0,14050.0,34597,5880.0,0.0,12670.0,0.0
3670,4710.0,22800,1613,0.0,0.0,4300.0,31497.0,0.0,9610.0,1640.0,17039.0,1666.0,3563,0.0,0.0,0.0,0.0,2221.0,7070.0,10560.0,0.0,10632,0.0,3920.0,0.0,7100,5648.0,0.0,7000.0,2801.0,94400,41755,1887.0,0.0,13770.0,34700,5810.0,0.0,12175.0,0.0
3610,4710.0,22950,1605,0.0,0.0,4310.0,31850.0,0.0,9850.0,1648.0,17388.0,1665.0,3521,0.0,0.0,0.0,0.0,2260.0,7290.0,10164.0,0.0,10500,0.0,4037.0,0.0,7120,5594.0,0.0,7020.0,2750.0,92999,41050,1857.0,0.0,13420.0,33950,5825.0,0.0,12030.0,0.0
3600,4730.0,23200,1590,0.0,0.0,4270.0,31583.0,0.0,9820.0,1640.0,18288.0,1650.0,3451,0.0,0.0,0.0,0.0,2326.0,7299.0,10208.0,0.0,10650,0.0,4200.0,0.0,7125,5614.0,0.0,7170.0,2650.0,95000,41040,1881.0,0.0,13500.0,33300,5775.0,0.0,12950.0,0.0
3600,4730.0,23250,1604,0.0,0.0,4250.0,31895.0,0.0,10000.0,1589.0,17988.0,1640.0,3366,0.0,0.0,0.0,0.0,2338.0,7436.0,10128.0,0.0,10690,0.0,4050.0,0.0,7275,5486.0,0.0,7162.0,2750.0,97100,42900,1828.0,0.0,13850.0,34100,5730.0,0.0,13760.0,0.0
3745,4729.0,23686,1614,0.0,0.0,4290.0,33800.0,0.0,10399.0,1549.0,18288.0,1640.0,3423,0.0,0.0,0.0,0.0,2339.0,7542.0,9869.0,0.0,10500,0.0,4055.0,0.0,7250,5531.0,0.0,7200.0,2789.0,101200,45500,1802.0,0.0,13510.0,34401,5800.0,0.0,13760.0,0.0
3888,4730.0,24300,1600,0.0,0.0,4449.0,33190.0,0.0,10700.0,1536.0,18151.0,1639.0,3362,0.0,0.0,0.0,0.0,2330.0,7484.0,10074.0,0.0,10351,0.0,4163.0,0.0,7240,5428.0,0.0,7089.0,2685.0,100700,45412,1811.0,0.0,13510.0,34901,5690.0,0.0,13750.0,0.0
3950,4700.0,23800,1581,0.0,0.0,4350.0,32825.0,0.0,10500.0,1500.0,18248.0,1630.0,3367,0.0,0.0,0.0,0.0,2348.0,7388.0,10051.0,0.0,10565,0.0,4211.0,0.0,7141,5479.0,0.0,6930.0,2680.0,100000,43950,1874.0,0.0,13311.0,34970,5615.0,0.0,13495.0,0.0
4060,4745.0,24230,1577,0.0,0.0,4350.0,32755.0,0.0,10500.0,1500.0,18283.0,1660.0,3465,0.0,0.0,0.0,0.0,2350.0,7495.0,9651.0,0.0,10800,0.0,4101.0,0.0,7080,5517.0,0.0,6985.0,2700.0,100200,44912,1823.0,0.0,13515.0,34605,5810.0,0.0,13250.0,0.0
4150,4700.0,23500,1590,0.0,0.0,4400.0,31290.0,0.0,10400.0,1500.0,18338.0,1634.0,3471,0.0,0.0,0.0,0.0,2350.0,7436.0,9362.0,0.0,10780,0.0,4230.0,0.0,7100,5775.0,0.0,6970.0,2731.0,104950,44811,1781.0,0.0,13825.0,34050,5870.0,0.0,13599.0,0.0
4130,4550.0,24305,1566,0.0,0.0,4385.0,30599.0,0.0,10450.0,1495.0,18288.0,1630.0,3458,0.0,0.0,0.0,0.0,2367.0,7583.0,9214.0,0.0,10895,0.0,4300.0,0.0,7100,6000.0,0.0,7082.0,2676.0,101000,45900,1764.0,0.0,13580.0,34800,6015.0,0.0,13389.0,0.0
4131,4520.0,24700,1577,0.0,0.0,4415.0,29601.0,0.0,10255.0,1488.0,18388.0,1596.0,3476,0.0,0.0,0.0,0.0,2335.0,7436.0,9453.0,0.0,10999,0.0,4306.0,0.0,6990,5850.0,0.0,6850.0,2690.0,99800,47000,1806.0,0.0,13666.0,34501,6156.0,0.0,13399.0,0.0
4080,4410.0,24900,1560,0.0,0.0,4320.0,30748.0,0.0,10301.0,1495.0,19067.0,1580.0,3488,0.0,0.0,0.0,0.0,2330.0,7399.0,9328.0,0.0,11050,0.0,4250.0,0.0,7020,5750.0,0.0,6910.0,2700.0,99000,45990,1856.0,0.0,13725.0,34400,6170.0,0.0,13400.0,0.0
3990,4340.0,24450,1575,0.0,0.0,4330.0,29800.0,0.0,10300.0,1495.0,18193.0,1565.0,3465,0.0,0.0,0.0,0.0,2300.0,7339.0,9143.0,0.0,10890,0.0,4165.0,0.0,6960,5675.0,0.0,6882.0,2750.0,95500,45600,1760.0,0.0,13600.0,33951,6151.0,0.0,13140.0,0.0
3918,4340.0,23000,1565,0.0,0.0,4250.0,29530.0,0.0,9800.0,1495.0,18088.0,1560.0,3395,0.0,0.0,0.0,0.0,2259.0,7139.0,8827.0,0.0,10570,0.0,4150.0,0.0,6900,5600.0,0.0,6750.0,2749.0,93500,43700,1734.0,0.0,13210.0,32798,6150.0,0.0,12901.0,0.0
3918,4100.0,22005,1565,0.0,0.0,4250.0,29300.0,0.0,9555.0,1625.0,18088.0,1529.0,3395,0.0,0.0,0.0,0.0,2259.0,7174.0,8827.0,0.0,10307,0.0,4150.0,0.0,6799,5700.0,0.0,6605.0,2651.0,93500,41888,1734.0,0.0,13055.0,32000,6001.0,0.0,12450.0,0.0
3820,3925.0,22005,1560,0.0,0.0,4000.0,29300.0,0.0,9555.0,1625.0,16239.0,1491.0,3415,0.0,0.0,0.0,0.0,2235.0,7174.0,8703.0,0.0,10307,0.0,4095.0,0.0,6799,5700.0,0.0,6605.0,2651.0,93500,41888,1743.0,0.0,13055.0,32000,6000.0,0.0,12450.0,0.0
3673,3925.0,22451,1573,0.0,0.0,4000.0,29117.0,0.0,9580.0,1571.0,15879.0,1491.0,3313,0.0,0.0,0.0,0.0,2219.0,7209.0,8624.0,0.0,10300,0.0,4150.0,0.0,6680,5600.0,0.0,6555.0,2615.0,94000,41713,1743.0,0.0,13070.0,31575,6000.0,0.0,12140.0,0.0
3853,3925.0,21700,1567,0.0,0.0,3960.0,28200.0,0.0,9500.0,1520.0,16189.0,1455.0,3316,0.0,0.0,0.0,0.0,2320.0,7162.0,8235.0,0.0,10000,0.0,4100.0,0.0,6576,5637.0,0.0,6400.0,2670.0,99000,40450,1785.0,0.0,12670.0,31850,5900.0,0.0,12025.0,0.0
4050,3950.0,22550,1571,0.0,0.0,3900.0,28500.0,0.0,9597.0,1536.0,16969.0,1436.0,3466,0.0,0.0,0.0,0.0,2320.0,7217.0,8695.0,0.0,10000,0.0,4100.0,0.0,6625,5732.0,0.0,6370.0,2640.0,105000,40100,1772.0,0.0,13099.0,32710,6080.0,0.0,12550.0,0.0
4005,3900.0,23900,1590,0.0,0.0,3930.0,29356.0,0.0,9700.0,1640.0,17087.0,1430.0,3395,0.0,0.0,0.0,0.0,2320.0,7308.0,8967.0,0.0,10200,0.0,4150.0,0.0,6700,6050.0,0.0,6500.0,2715.0,105000,41650,1764.0,0.0,13690.0,34800,5990.0,0.0,13249.0,0.0
4005,4000.0,24210,1590,0.0,0.0,3908.0,30099.0,0.0,9800.0,1604.0,17087.0,1431.0,3395,0.0,0.0,0.0,0.0,2320.0,7070.0,8967.0,0.0,10250,0.0,4150.0,0.0,6601,6050.0,0.0,6423.0,2725.0,105000,42349,1764.0,0.0,13530.0,34940,6090.0,0.0,13389.0,0.0
4005,4000.0,24210,1590,0.0,0.0,3850.0,30099.0,0.0,9800.0,1604.0,17087.0,1436.0,3395,0.0,0.0,0.0,0.0,2320.0,7070.0,8967.0,0.0,10250,0.0,4150.0,0.0,6601,6050.0,0.0,6423.0,2725.0,105000,42349,1764.0,0.0,13530.0,34940,6030.0,0.0,13389.0,0.0
3890,4000.0,24210,1590,0.0,0.0,3850.0,30099.0,0.0,9800.0,1604.0,17034.0,1436.0,3552,0.0,0.0,0.0,0.0,2335.0,7070.0,8898.0,0.0,10250,0.0,4271.0,0.0,6601,6050.0,0.0,6423.0,2725.0,108500,42349,1785.0,0.0,13530.0,34940,6030.0,0.0,13389.0,0.0
3872,4000.0,25000,1599,0.0,0.0,3850.0,29800.0,0.0,10200.0,1595.0,16809.0,1436.0,3569,0.0,0.0,0.0,0.0,2350.0,7435.0,8683.0,0.0,10550,0.0,4400.0,0.0,6460,6006.0,0.0,6370.0,2725.0,106600,42505,1765.0,0.0,13801.0,35300,6030.0,0.0,13550.0,0.0
3800,4000.0,25000,1560,0.0,0.0,4090.0,29149.0,0.0,10400.0,1585.0,16189.0,1500.0,3381,0.0,0.0,0.0,0.0,2275.0,7400.0,8712.0,0.0,10500,0.0,4305.0,0.0,6351,5978.0,0.0,6328.0,2715.0,101005,42299,1679.0,0.0,14000.0,35150,6000.0,0.0,13411.0,0.0
3800,3900.0,23725,1560,0.0,0.0,3982.0,29300.0,0.0,10345.0,1600.0,16189.0,1510.0,3381,0.0,0.0,0.0,0.0,2275.0,7274.0,8712.0,0.0,10008,0.0,4305.0,0.0,6525,5905.0,0.0,6287.0,2713.0,101005,41502,1679.0,0.0,13600.0,33900,6000.0,0.0,12806.0,0.0
3840,4100.0,23725,1600,0.0,0.0,4006.0,29300.0,0.0,10345.0,1600.0,16909.0,1461.0,3465,0.0,0.0,0.0,0.0,2281.0,7274.0,8932.0,0.0,10008,0.0,4380.0,0.0,6525,5905.0,0.0,6287.0,2713.0,104100,41502,1721.0,0.0,13600.0,33900,6030.0,0.0,12806.0,0.0
3951,4100.0,24240,1625,0.0,0.0,4006.0,29810.0,0.0,10500.0,1604.0,16338.0,1461.0,3367,0.0,0.0,0.0,0.0,2250.0,7262.0,9574.0,0.0,10140,0.0,4340.0,0.0,6400,5908.0,0.0,6301.0,2730.0,104400,41940,1675.0,0.0,13950.0,34500,6030.0,0.0,13150.0,0.0
3986,4100.0,24910,1625,0.0,0.0,4000.0,31852.0,0.0,10200.0,1570.0,16489.0,1474.0,3428,0.0,0.0,0.0,0.0,2270.0,7143.0,9861.0,0.0,9950,0.0,4301.0,0.0,6358,5800.0,0.0,6200.0,2700.0,102000,41475,1646.0,0.0,13500.0,35500,6200.0,0.0,12800.0,0.0
3925,4100.0,24900,1620,0.0,0.0,4045.0,31575.0,0.0,10250.0,1590.0,16789.0,1460.0,3367,0.0,0.0,0.0,0.0,2255.0,7176.0,9750.0,0.0,9850,0.0,4250.0,0.0,6329,5760.0,0.0,6070.0,2690.0,99805,41400,1615.0,0.0,12999.0,35254,6020.0,0.0,12801.0,0.0
3989,3750.0,24300,1615,0.0,0.0,4195.0,31650.0,0.0,10180.0,1550.0,16939.0,1499.0,3355,0.0,0.0,0.0,0.0,2272.0,7048.0,10164.0,0.0,9850,0.0,4290.0,0.0,6250,5675.0,0.0,6000.0,2635.0,106300,40300,1665.0,0.0,12800.0,35001,5921.0,0.0,12790.0,0.0
3900,3900.0,24300,1584,0.0,0.0,4100.0,33449.0,0.0,10049.0,1521.0,16539.0,1450.0,3269,0.0,0.0,0.0,0.0,2185.0,7033.0,10318.0,0.0,9860,0.0,4200.0,0.0,6290,5668.0,0.0,6018.0,2645.0,110400,40100,1663.0,0.0,13050.0,35990,5950.0,0.0,12780.0,0.0
3731,3900.0,24600,1568,0.0,0.0,4200.0,33700.0,0.0,10000.0,1505.0,15715.0,1420.0,3165,0.0,0.0,0.0,0.0,2092.0,6996.0,10402.0,0.0,9702,0.0,4045.0,0.0,6169,5459.0,0.0,5875.0,2640.0,109800,38696,1581.0,0.0,12800.0,35490,5981.0,0.0,12365.0,0.0
3635,3900.0,24000,1555,0.0,0.0,4100.0,33824.0,0.0,9750.0,1510.0,15090.0,1425.0,3085,0.0,0.0,0.0,0.0,2020.0,6923.0,10538.0,0.0,9591,0.0,3950.0,0.0,6030,5430.0,0.0,5817.0,2560.0,110300,37800,1530.0,0.0,12300.0,35000,5970.0,0.0,11811.0,0.0
3625,3900.0,24200,1540,0.0,0.0,4210.0,34699.0,0.0,9700.0,1505.0,15710.0,1429.0,3115,0.0,0.0,0.0,0.0,2100.0,6810.0,10648.0,0.0,9500,0.0,4000.0,0.0,5955,5270.0,0.0,5700.0,2560.0,117500,38000,1576.0,0.0,11740.0,34000,5800.0,0.0,11400.0,0.0
3450,3752.0,26105,1515,0.0,0.0,4330.0,34400.0,0.0,9800.0,1480.0,15440.0,1360.0,3086,0.0,0.0,0.0,0.0,2051.0,6777.0,10384.0,0.0,9640,0.0,3910.0,0.0,5974,5250.0,0.0,5800.0,2630.0,118000,38620,1554.0,0.0,11800.0,35000,5850.0,0.0,11959.0,0.0
3400,3800.0,26501,1480,0.0,0.0,4550.0,33610.0,0.0,9500.0,1449.0,14440.0,1360.0,3022,0.0,0.0,0.0,0.0,2001.0,6685.0,10054.0,0.0,9500,0.0,3740.0,0.0,5858,5301.0,0.0,5740.0,2530.0,110200,38620,1565.0,0.0,11650.0,34000,5700.0,0.0,11800.0,0.0
3410,3800.0,25000,1480,0.0,0.0,4670.0,32450.0,0.0,9150.0,1444.0,14380.0,1380.0,3030,0.0,0.0,0.0,0.0,2040.0,6502.0,10472.0,0.0,9350,0.0,3690.0,0.0,5816,5400.0,0.0,5677.0,2451.0,109800,38000,1573.0,0.0,11600.0,32150,5500.0,0.0,11150.0,0.0
3595,3750.0,25201,1415,0.0,0.0,4580.0,33599.0,0.0,9000.0,1420.0,14390.0,1382.0,2946,0.0,0.0,0.0,0.0,1969.0,6703.0,10164.0,0.0,9550,0.0,3625.0,0.0,5999,5461.0,0.0,5855.0,2400.0,105500,36970,1512.0,0.0,11650.0,32500,5300.0,0.0,11500.0,0.0
3481,3725.0,25500,1355,0.0,0.0,4530.0,31010.0,0.0,8695.0,1400.0,13891.0,1403.0,2862,0.0,0.0,0.0,0.0,1860.0,6539.0,9329.0,0.0,9400,0.0,3516.0,0.0,5928,5499.0,0.0,5820.0,2395.0,101100,36900,1466.0,0.0,11600.0,32700,5389.0,0.0,11301.0,0.0
3393,3699.0,23920,1380,0.0,0.0,4660.0,29800.0,0.0,8549.0,1375.0,13890.0,1416.0,2806,0.0,0.0,0.0,0.0,1870.0,6447.0,9796.0,0.0,9199,0.0,3545.0,0.0,5750,5250.0,0.0,5601.0,2360.0,99000,34570,1483.0,0.0,11240.0,31800,5315.0,0.0,10780.0,0.0
3385,3300.0,23550,1380,0.0,0.0,4500.0,30510.0,0.0,8265.0,1385.0,13841.0,1352.0,2792,0.0,0.0,0.0,0.0,1945.0,6449.0,9680.0,0.0,9395,0.0,3600.0,0.0,5675,4990.0,0.0,5694.0,2410.0,91900,33799,1459.0,0.0,11300.0,31150,5160.0,0.0,10900.0,0.0
3325,3425.0,22599,1420,0.0,0.0,4375.0,29901.0,0.0,8550.0,1320.0,14192.0,1351.0,2946,0.0,0.0,0.0,0.0,1950.0,6374.0,10373.0,0.0,9400,0.0,3679.0,0.0,5725,5022.0,0.0,5592.0,2360.0,97000,34353,1522.0,0.0,11145.0,30300,5500.0,0.0,10550.0,0.0
3250,3375.0,24800,1407,0.0,0.0,4300.0,31400.0,0.0,9201.0,1395.0,14390.0,1375.0,2865,0.0,0.0,0.0,0.0,1900.0,6594.0,9493.0,0.0,9766,0.0,3599.0,0.0,5980,5171.0,0.0,5800.0,2367.0,100700,37510,1505.0,0.0,11697.0,32000,5197.0,0.0,11154.0,0.0
3160,3450.0,24720,1370,0.0,0.0,4350.0,30299.0,0.0,9100.0,1330.0,13981.0,1390.0,2799,0.0,0.0,0.0,0.0,1840.0,6594.0,9134.0,0.0,9600,0.0,3501.0,0.0,6150,5250.0,0.0,5975.0,2400.0,98000,37616,1411.0,0.0,11560.0,30800,5310.0,0.0,11350.0,0.0
3200,3350.0,23805,1373,0.0,0.0,4130.0,29900.0,0.0,9000.0,1275.0,13991.0,1380.0,2885,0.0,0.0,0.0,0.0,1850.0,6374.0,9416.0,0.0,9110,0.0,3550.0,0.0,5851,5095.0,0.0,5846.0,2336.0,101950,35200,1425.0,0.0,11200.0,31600,5360.0,0.0,11145.0,0.0
3210,3250.0,25700,1375,0.0,0.0,4200.0,29890.0,0.0,9700.0,1270.0,14031.0,1305.0,2862,0.0,0.0,0.0,0.0,1967.0,6502.0,9746.0,0.0,9249,0.0,3550.0,0.0,6070,5164.0,0.0,5930.0,2352.0,102770,36800,1420.0,0.0,11170.0,33103,5190.0,0.0,11599.0,0.0
3170,3250.0,26500,1400,0.0,0.0,4320.0,30800.0,0.0,10500.0,1220.0,13691.0,1350.0,2862,0.0,0.0,0.0,0.0,1944.0,6593.0,9873.0,0.0,9300,0.0,3500.0,0.0,6250,5395.0,0.0,6189.0,2390.0,106500,38899,1411.0,0.0,11400.0,34400,5199.0,0.0,11850.0,0.0
3230,3200.0,27800,1390,0.0,0.0,4400.0,31190.0,0.0,11200.0,1175.0,14191.0,1325.0,2918,0.0,0.0,0.0,0.0,2065.0,6521.0,9592.0,0.0,8960,0.0,3600.0,0.0,6299,5676.0,0.0,6160.0,2380.0,115000,39800,1496.0,0.0,10900.0,35500,5139.0,0.0,11750.0,0.0
3299,3313.0,29250,1410,0.0,0.0,4400.0,31290.0,0.0,11100.0,1220.0,14690.0,1335.0,2946,0.0,0.0,0.0,0.0,1992.0,6630.0,8844.0,0.0,9200,0.0,3700.0,0.0,6400,5550.0,0.0,6286.0,2384.0,116000,42750,1522.0,0.0,11500.0,37000,5015.0,0.0,12600.0,0.0
3225,3350.0,28500,1410,0.0,0.0,4675.0,30051.0,0.0,11060.0,1314.0,14136.0,1350.0,2836,0.0,0.0,0.0,0.0,1878.0,6520.0,8976.0,0.0,9201,0.0,3780.0,0.0,6435,5650.0,0.0,6406.0,2470.0,107000,42800,1428.0,0.0,11251.0,35055,5078.0,0.0,12650.0,0.0
3085,3500.0,26500,1387,0.0,0.0,4727.0,29699.0,0.0,10800.0,1270.0,14390.0,1438.0,3017,0.0,0.0,0.0,0.0,1949.0,6374.0,9412.0,0.0,8810,0.0,3560.0,0.0,6260,5480.0,0.0,6100.0,2339.0,111100,42000,1397.0,0.0,10601.0,34950,5225.0,0.0,11900.0,0.0
2900,3600.0,27200,1365,0.0,0.0,4649.0,30400.0,0.0,10900.0,1290.0,14166.0,1396.0,2862,0.0,0.0,0.0,0.0,1880.0,6354.0,9328.0,0.0,8900,0.0,3430.0,0.0,6179,5426.0,0.0,6119.0,2300.0,113001,42919,1369.0,0.0,10549.0,34500,4999.0,0.0,11480.0,0.0
2850,3501.0,28850,1395,0.0,0.0,4800.0,29899.0,0.0,10915.0,1260.0,14241.0,1425.0,2861,0.0,0.0,0.0,0.0,1915.0,6377.0,9332.0,0.0,8590,0.0,3455.0,0.0,6220,5443.0,0.0,6070.0,2250.0,112899,44150,1373.0,0.0,10280.0,35100,5099.0,0.0,11000.0,0.0
2900,3700.0,29500,1395,0.0,0.0,5050.0,28300.0,0.0,9960.0,1295.0,14091.0,1400.0,2806,0.0,0.0,0.0,0.0,1850.0,6425.0,9258.0,0.0,8502,0.0,3420.0,0.0,6251,5480.0,0.0,6030.0,2276.0,114800,44915,1359.0,0.0,10101.0,35150,4930.0,0.0,11100.0,0.0
2950,3650.0,28400,1415,0.0,0.0,5160.0,26850.0,0.0,9885.0,1310.0,14140.0,1357.0,3002,0.0,0.0,0.0,0.0,1875.0,6374.0,9240.0,0.0,8500,0.0,3449.0,0.0,6161,5447.0,0.0,5890.0,2210.0,124500,44295,1401.0,0.0,9949.0,36200,4830.0,0.0,10900.0,0.0
3140,3700.0,30000,1410,0.0,0.0,5350.0,26850.0,0.0,9501.0,1325.0,14241.0,1385.0,3044,0.0,0.0,0.0,0.0,1905.0,6539.0,9051.0,0.0,8800,0.0,3565.0,0.0,6345,5397.0,0.0,6120.0,2210.0,118202,46166,1454.0,0.0,10299.0,37740,4880.0,0.0,11633.0,0.0
3000,4100.0,29900,1435,0.0,0.0,5575.0,26500.0,0.0,9666.0,1360.0,14690.0,1360.0,3090,0.0,0.0,0.0,0.0,1895.0,6667.0,9055.0,0.0,9100,0.0,3720.0,0.0,6335,5434.0,0.0,6064.0,2199.0,119000,45600,1478.0,0.0,11000.0,36700,4800.0,0.0,11500.0,0.0
3010,4000.0,30875,1455,0.0,0.0,5500.0,26250.0,0.0,9700.0,1420.0,14392.0,1365.0,3016,0.0,0.0,0.0,0.0,1865.0,6605.0,8977.0,0.0,9325,0.0,3657.0,0.0,6400,5550.0,0.0,6257.0,2278.0,113400,46900,1454.0,0.0,11500.0,37690,4850.0,0.0,11840.0,0.0
3100,4000.0,31100,1490,0.0,0.0,5550.0,25700.0,0.0,9500.0,1370.0,14790.0,1400.0,3016,0.0,0.0,0.0,0.0,1890.0,6623.0,9152.0,0.0,8900,0.0,3700.0,0.0,6250,5370.0,0.0,5860.0,2301.0,117900,45000,1461.0,0.0,10900.0,37590,4940.0,0.0,11850.0,0.0
3120,4000.0,31000,1530,0.0,0.0,5600.0,25800.0,0.0,9990.0,1330.0,15440.0,1390.0,3108,0.0,0.0,0.0,0.0,1900.0,6577.0,9209.0,0.0,9300,0.0,3775.0,0.0,6015,5390.0,0.0,5756.0,2440.0,120000,46294,1509.0,0.0,10825.0,37800,4849.0,0.0,11799.0,0.0
3162,4200.0,31200,1520,0.0,0.0,5849.0,26600.0,0.0,10600.0,1330.0,14790.0,1395.0,2988,0.0,0.0,0.0,0.0,1845.0,6678.0,9680.0,0.0,9580,0.0,3755.0,0.0,6299,5550.0,0.0,6041.0,2450.0,123500,47090,1488.0,0.0,11489.0,39005,4800.0,0.0,11940.0,0.0
3250,4300.0,31505,1530,0.0,0.0,5860.0,27005.0,0.0,10590.0,1300.0,14900.0,1390.0,3002,0.0,0.0,0.0,0.0,1900.0,6740.0,10472.0,0.0,9390,0.0,3830.0,0.0,6222,5530.0,0.0,5885.0,2360.0,130600,48190,1480.0,0.0,11260.0,39225,4890.0,0.0,11450.0,0.0
3270,4200.0,33700,1525,0.0,0.0,5780.0,28200.0,0.0,10745.0,1215.0,14790.0,1380.0,2999,0.0,0.0,0.0,0.0,1870.0,7002.0,10169.0,0.0,9600,0.0,3850.0,0.0,6070,5700.0,0.0,5840.0,2360.0,127015,49850,1496.0,0.0,11460.0,39600,5020.0,0.0,11700.0,0.0
3100,4200.0,32025,1490,0.0,0.0,6080.0,28050.0,0.0,10160.0,1185.0,14490.0,1380.0,2960,0.0,0.0,0.0,0.0,1895.0,7087.0,9570.0,0.0,9450,0.0,4010.0,0.0,6049,5650.0,0.0,5830.0,2323.0,125100,48758,1534.0,0.0,11530.0,40390,4780.0,0.0,11730.0,0.0
3161,4200.0,32490,1504,0.0,0.0,6255.0,26700.0,0.0,9890.0,1195.0,14990.0,1400.0,3041,0.0,0.0,0.0,0.0,1937.0,7015.0,9350.0,0.0,9575,0.0,4150.0,0.0,6130,5650.0,0.0,5930.0,2390.0,121800,48072,1647.0,0.0,11950.0,40800,4680.0,0.0,11900.0,0.0
3165,4080.0,30650,1485,0.0,0.0,6204.0,26060.0,0.0,10190.0,1280.0,14930.0,1420.0,3058,0.0,0.0,0.0,0.0,1930.0,7436.0,9372.0,0.0,9900,0.0,4120.0,0.0,6286,5800.0,0.0,6191.0,2575.0,123400,49205,1633.0,0.0,12600.0,40300,4715.0,0.0,12749.0,0.0
3160,3950.0,31100,1505,0.0,0.0,6162.0,25801.0,0.0,10200.0,1260.0,14890.0,1470.0,3185,0.0,0.0,0.0,0.0,1859.0,7271.0,9476.0,0.0,9540,0.0,4095.0,0.0,6299,5900.0,0.0,6080.0,2620.0,120001,48619,1591.0,0.0,12290.0,40720,4865.0,0.0,12411.0,0.0
3080,3950.0,31000,1457,0.0,0.0,6350.0,26705.0,0.0,10150.0,1260.0,14909.0,1500.0,3255,0.0,0.0,0.0,0.0,1875.0,7099.0,9636.0,0.0,9599,0.0,4075.0,0.0,6150,5992.0,0.0,6000.0,2700.0,124000,49300,1590.0,0.0,11990.0,40100,4915.0,0.0,12324.0,0.0
3050,3950.0,32806,1450,0.0,0.0,6650.0,28350.0,0.0,10200.0,1242.0,14588.0,1500.0,3326,0.0,0.0,0.0,0.0,1850.0,7436.0,10230.0,0.0,9850,0.0,4000.0,0.0,6000,6128.0,0.0,5770.0,2740.0,130000,49858,1529.0,0.0,11700.0,40250,5010.0,0.0,12400.0,0.0
3010,3900.0,34377,1430,0.0,0.0,7400.0,28800.0,0.0,10225.0,1260.0,14485.0,1500.0,3245,0.0,0.0,0.0,0.0,1836.0,7180.0,10384.0,0.0,9420,0.0,3900.0,0.0,5800,6200.0,0.0,5660.0,2755.0,137401,50393,1448.0,0.0,11200.0,40800,4975.0,0.0,12100.0,0.0
3020,3837.0,36800,1413,0.0,0.0,6999.0,29200.0,0.0,10950.0,1260.0,14156.0,1485.0,3276,0.0,0.0,0.0,0.0,1800.0,7143.0,10371.0,0.0,9301,0.0,3835.0,0.0,5600,6304.0,0.0,5480.0,2690.0,128500,52650,1403.0,0.0,10900.0,40400,4880.0,0.0,11900.0,0.0
3099,3820.0,35000,1400,0.0,0.0,7550.0,28900.0,0.0,11250.0,1230.0,14011.0,1460.0,3311,0.0,0.0,0.0,0.0,1880.0,7088.0,10780.0,0.0,9200,0.0,3900.0,0.0,5470,6220.0,0.0,5309.0,2620.0,126500,52550,1425.0,0.0,11044.0,39500,4880.0,0.0,11820.0,0.0
2990,3751.0,33500,1373,0.0,0.0,7300.0,29575.0,0.0,11795.0,1210.0,13739.0,1405.0,3311,0.0,0.0,0.0,0.0,1850.0,7070.0,11231.0,0.0,9533,0.0,3722.0,0.0,5480,6400.0,0.0,5320.0,2520.0,124900,54655,1377.0,0.0,11390.0,40210,4859.0,0.0,11895.0,0.0
3000,3770.0,32965,1360,0.0,0.0,7550.0,29500.0,0.0,11999.0,1222.0,13591.0,1440.0,3269,0.0,0.0,0.0,0.0,1883.0,7033.0,10780.0,0.0,9400,0.0,3735.0,0.0,5350,6474.0,0.0,5202.0,2400.0,123300,53600,1379.0,0.0,10990.0,40900,4859.0,0.0,12000.0,0.0
3020,3750.0,31300,1370,0.0,0.0,7505.0,28200.0,0.0,12015.0,1200.0,13691.0,1420.0,3254,0.0,0.0,0.0,0.0,2005.0,7253.0,10736.0,0.0,9300,0.0,3958.0,0.0,5380,6310.0,0.0,5246.0,2375.0,125000,50510,1444.0,0.0,10951.0,41660,4765.0,0.0,12300.0,0.0
3000,3750.0,31890,1388,0.0,0.0,7620.0,28050.0,0.0,12020.0,1220.0,13878.0,1390.0,3310,0.0,0.0,0.0,0.0,2067.0,7326.0,10758.0,0.0,9629,0.0,3998.0,0.0,5480,6508.0,0.0,5340.0,2365.0,125000,48960,1433.0,0.0,11490.0,40750,4800.0,0.0,12702.0,0.0
3020,3687.0,33450,1370,0.0,0.0,7900.0,27500.0,0.0,12405.0,1230.0,13391.0,1400.0,3198,0.0,0.0,0.0,0.0,1980.0,7436.0,11517.0,0.0,9449,0.0,3980.0,0.0,5640,6524.0,0.0,5529.0,2429.0,123775,50500,1372.0,0.0,11320.0,41150,4850.0,0.0,13000.0,0.0
2950,3687.0,32422,1319,0.0,0.0,7650.0,27201.0,0.0,12750.0,1210.0,13461.0,1420.0,3100,0.0,0.0,0.0,0.0,1990.0,7290.0,11585.0,0.0,9149,0.0,3789.0,0.0,5495,6498.0,0.0,5300.0,2405.0,126580,49964,1360.0,0.0,11060.0,41550,4970.0,0.0,12470.0,0.0
2877,3650.0,33000,1275,0.0,0.0,7520.0,27405.0,0.0,13326.0,1225.0,13090.0,1443.0,2974,0.0,0.0,0.0,0.0,1959.0,7280.0,11880.0,0.0,9200,0.0,3700.0,0.0,5385,6400.0,0.0,5201.0,2400.0,121990,50600,1309.0,0.0,10950.0,41400,5048.0,0.0,12700.0,0.0
2850,3750.0,32250,1315,0.0,0.0,7850.0,27745.0,0.0,12800.0,1203.0,13791.0,1429.0,3142,0.0,0.0,0.0,0.0,1990.0,7308.0,11352.0,0.0,8930,0.0,3840.0,0.0,5090,6200.0,0.0,4900.0,2300.0,124800,49575,1363.0,0.0,10960.0,40200,4814.0,0.0,12465.0,0.0
2900,3750.0,33500,1305,0.0,0.0,7700.0,27230.0,0.0,12400.0,1230.0,13881.0,1365.0,3086,0.0,0.0,0.0,0.0,2035.0,7231.0,10925.0,0.0,9200,0.0,3750.0,0.0,5300,6385.0,0.0,5141.0,2400.0,124000,48350,1345.0,0.0,11437.0,41000,4700.0,0.0,12699.0,0.0
2860,3751.0,31000,1340,0.0,0.0,7720.0,26750.0,0.0,12300.0,1200.0,13791.0,1370.0,3016,0.0,0.0,0.0,0.0,1900.0,7051.0,10494.0,0.0,9085,0.0,3725.0,0.0,5218,6250.0,0.0,5110.0,2390.0,118000,47510,1309.0,0.0,11745.0,39800,4750.0,0.0,13250.0,0.0
2860,3745.0,28050,1340,0.0,0.0,7595.0,25200.0,0.0,12000.0,1212.0,13791.0,1390.0,3016,0.0,0.0,0.0,0.0,1900.0,6960.0,10494.0,0.0,8970,0.0,3725.0,0.0,5335,6503.0,0.0,5245.0,2300.0,118000,44005,1309.0,0.0,11500.0,38016,4674.0,0.0,12800.0,0.0
2860,3700.0,28050,1340,0.0,0.0,6910.0,25200.0,0.0,12000.0,1212.0,13791.0,1380.0,3016,0.0,0.0,0.0,0.0,1900.0,6960.0,10494.0,0.0,8970,0.0,3725.0,0.0,5335,6503.0,0.0,5245.0,2300.0,118000,44005,1309.0,0.0,11500.0,38016,4750.0,0.0,12800.0,0.0
2900,3700.0,28050,1345,0.0,0.0,6910.0,25200.0,0.0,12000.0,1212.0,14086.0,1380.0,3184,0.0,0.0,0.0,0.0,1926.0,6960.0,10206.0,0.0,8970,0.0,3877.0,0.0,5335,6503.0,0.0,5245.0,2300.0,113800,44005,1364.0,0.0,11500.0,38016,4750.0,0.0,12800.0,0.0
2950,3700.0,28400,1380,0.0,0.0,6910.0,25650.0,0.0,11250.0,1230.0,14390.0,1380.0,3215,0.0,0.0,0.0,0.0,1982.0,7253.0,10300.0,0.0,8970,0.0,3930.0,0.0,5680,6588.0,0.0,5610.0,2395.0,120500,45267,1369.0,0.0,11900.0,38600,4750.0,0.0,13500.0,0.0
3050,3701.0,30780,1385,0.0,0.0,6600.0,26282.0,0.0,11150.0,1230.0,14291.0,1400.0,3254,0.0,0.0,0.0,0.0,2039.0,7235.0,10366.0,0.0,9200,0.0,3900.0,0.0,5810,6507.0,0.0,5580.0,2454.0,122500,47200,1407.0,0.0,12000.0,39200,4850.0,0.0,13190.0,0.0
3100,3700.0,31895,1381,0.0,0.0,6950.0,26600.0,0.0,11550.0,1215.0,14291.0,1390.0,3142,0.0,0.0,0.0,0.0,1995.0,7326.0,10419.0,0.0,9350,0.0,3760.0,0.0,5905,6650.0,0.0,5699.0,2460.0,120000,48225,1400.0,0.0,11875.0,40475,4844.0,0.0,12898.0,0.0
3190,3700.0,31950,1367,0.0,0.0,7255.0,27020.0,0.0,11350.0,1210.0,14091.0,1410.0,3142,0.0,0.0,0.0,0.0,1910.0,7226.0,10120.0,0.0,9163,0.0,3780.0,0.0,5846,6590.0,0.0,5620.0,2450.0,119000,48500,1360.0,0.0,11600.0,39650,4850.0,0.0,12890.0,0.0
3200,3700.0,31300,1357,0.0,0.0,7090.0,27201.0,0.0,11035.0,1211.0,14590.0,1410.0,3198,0.0,0.0,0.0,0.0,1979.0,7177.0,9415.0,0.0,8820,0.0,3789.0,0.0,5743,6757.0,0.0,5401.0,2430.0,118900,48050,1377.0,0.0,11680.0,38857,4869.0,0.0,12300.0,0.0
3100,3650.0,31050,1380,0.0,0.0,7111.0,26512.0,0.0,11100.0,1229.0,14734.0,1414.0,3226,0.0,0.0,0.0,0.0,2050.0,7290.0,9471.0,0.0,9169,0.0,3900.0,0.0,5950,6661.0,0.0,5660.0,2460.0,120000,47000,1452.0,0.0,11750.0,37200,4850.0,0.0,13120.0,0.0
2985,3695.0,32265,1410,0.0,0.0,6850.0,26401.0,0.0,11099.0,1204.0,14989.0,1413.0,3266,0.0,0.0,0.0,0.0,2015.0,7381.0,9394.0,0.0,9450,0.0,3909.0,0.0,6217,6600.0,0.0,5925.0,2520.0,118500,46864,1432.0,0.0,12156.0,38100,4844.0,0.0,13310.0,0.0
3020,3425.0,33500,1400,0.0,0.0,6775.0,27600.0,0.0,11180.0,1217.0,15390.0,1414.0,3311,0.0,0.0,0.0,0.0,2060.0,7418.0,9376.0,0.0,9225,0.0,3964.0,0.0,6090,6591.0,0.0,5800.0,2506.0,119500,47464,1439.0,0.0,12100.0,37800,4915.0,0.0,13216.0,0.0
3045,3560.0,32550,1394,0.0,0.0,6880.0,27575.0,0.0,11350.0,1220.0,15790.0,1391.0,3395,0.0,0.0,0.0,0.0,2133.0,7509.0,9390.0,0.0,9351,0.0,3989.0,0.0,6087,6400.0,0.0,5885.0,2590.0,123500,48745,1449.0,0.0,12403.0,38090,4962.0,0.0,13680.0,0.0
3143,3900.0,31900,1395,0.0,0.0,6751.0,28130.0,0.0,11851.0,1235.0,15839.0,1390.0,3451,0.0,0.0,0.0,0.0,2137.0,7533.0,9394.0,0.0,9400,0.0,3850.0,0.0,6319,6425.0,0.0,6055.0,2685.0,127200,50850,1459.0,0.0,12450.0,40190,4955.0,0.0,13355.0,0.0
3250,3750.0,32199,1370,0.0,0.0,6900.0,27950.0,0.0,11898.0,1245.0,15974.0,1400.0,3367,0.0,0.0,0.0,0.0,2131.0,7531.0,9693.0,0.0,9390,0.0,3950.0,0.0,6205,6208.0,0.0,5917.0,2650.0,130000,49650,1454.0,0.0,12200.0,40950,5030.0,0.0,13499.0,0.0
3130,3505.0,32500,1340,0.0,0.0,7030.0,28102.0,0.0,12500.0,1240.0,15999.0,1370.0,3226,0.0,0.0,0.0,0.0,2105.0,7432.0,9909.0,0.0,9340,0.0,3924.0,0.0,6053,6440.0,0.0,5800.0,2608.0,128500,52150,1415.0,0.0,12005.0,40925,5025.0,0.0,13550.0,0.0
3135,3450.0,33000,1325,0.0,0.0,7000.0,28200.0,0.0,12650.0,1195.0,15989.0,1341.0,3194,0.0,0.0,0.0,0.0,2130.0,7242.0,10032.0,0.0,9090,0.0,3940.0,0.0,5850,6591.0,0.0,5579.0,2520.0,133499,52100,1403.0,0.0,11600.0,41500,5030.0,0.0,13705.0,0.0
3052,3260.0,33800,1315,0.0,0.0,7200.0,28890.0,0.0,12950.0,1192.0,15829.0,1350.0,3224,0.0,0.0,0.0,0.0,2090.0,7216.0,10107.0,0.0,9179,0.0,3950.0,0.0,5724,6607.0,0.0,5530.0,2470.0,130300,51460,1374.0,0.0,11500.0,42150,5015.0,0.0,13702.0,0.0
3100,3301.0,32100,1316,0.0,0.0,7100.0,29205.0,0.0,12550.0,1166.0,15840.0,1339.0,3311,0.0,0.0,0.0,0.0,2121.0,7216.0,10054.0,0.0,9050,0.0,3870.0,0.0,5700,6695.0,0.0,5425.0,2499.0,133800,50560,1418.0,0.0,11299.0,41950,5085.0,0.0,13450.0,0.0
3196,3261.0,33350,1330,0.0,0.0,6950.0,29000.0,0.0,12400.0,1183.0,15989.0,1311.0,3311,0.0,0.0,0.0,0.0,2125.0,7198.0,10428.0,0.0,9040,0.0,3987.0,0.0,5700,6765.0,0.0,5480.0,2495.0,135000,51100,1386.0,0.0,11450.0,44100,5040.0,0.0,13701.0,0.0
3112,3400.0,33600,1329,0.0,0.0,7110.0,29750.0,0.0,12650.0,1220.0,16039.0,1310.0,3341,0.0,0.0,0.0,0.0,2120.0,7326.0,10278.0,0.0,9000,0.0,4125.0,0.0,5850,6846.0,0.0,5570.0,2520.0,135000,53167,1360.0,0.0,11450.0,44225,5050.0,0.0,13850.0,0.0
3204,3303.0,32949,1315,0.0,0.0,7000.0,28900.0,0.0,12800.0,1240.0,16019.0,1300.0,3353,0.0,0.0,0.0,0.0,2175.0,7261.0,10138.0,0.0,8950,0.0,4200.0,0.0,5860,6673.0,0.0,5659.0,2529.0,135000,53095,1376.0,0.0,11275.0,44948,5228.0,0.0,13483.0,0.0
3120,3300.0,33300,1310,0.0,0.0,7002.0,28800.0,0.0,12800.0,1240.0,16289.0,1304.0,3423,0.0,0.0,0.0,0.0,2060.0,7282.0,9939.0,0.0,9020,0.0,4425.0,0.0,6148,6471.0,0.0,5850.0,2500.0,134000,52099,1388.0,0.0,11495.0,44025,5200.0,0.0,13351.0,0.0
3113,3290.0,33800,1305,0.0,0.0,6850.0,28990.0,0.0,12995.0,1231.0,16099.0,1318.0,3344,0.0,0.0,0.0,0.0,2025.0,7290.0,9742.0,0.0,9165,0.0,4353.0,0.0,6013,6311.0,0.0,5729.0,2500.0,131600,52699,1390.0,0.0,11451.0,44998,5271.0,0.0,13050.0,0.0
3140,3310.0,32650,1302,0.0,0.0,7000.0,28410.0,0.0,13200.0,1227.0,16038.0,1350.0,3340,0.0,0.0,0.0,0.0,1999.0,7235.0,9464.0,0.0,9100,0.0,4400.0,0.0,5850,6229.0,0.0,5629.0,2481.0,130500,52600,1388.0,0.0,11400.0,45600,5350.0,0.0,13590.0,0.0
3101,3400.0,32150,1280,0.0,0.0,6849.0,28136.0,0.0,13400.0,1197.0,15839.0,1335.0,3282,0.0,0.0,0.0,0.0,1990.0,7271.0,9310.0,0.0,8999,0.0,4300.0,0.0,5750,6419.0,0.0,5500.0,2490.0,128000,52700,1357.0,0.0,11400.0,45499,5419.0,0.0,13598.0,0.0
3100,3160.0,31800,1285,0.0,0.0,6889.0,27890.0,0.0,12650.0,1170.0,15989.0,1390.0,3290,0.0,0.0,0.0,0.0,1996.0,7290.0,9240.0,0.0,8750,0.0,4306.0,0.0,5528,6390.0,0.0,5301.0,2501.0,125500,51582,1348.0,0.0,11200.0,44400,5385.0,0.0,13300.0,0.0
3100,3300.0,30900,1285,0.0,0.0,6870.0,27204.0,0.0,12340.0,1174.0,15989.0,1381.0,3290,0.0,0.0,0.0,0.0,1996.0,7253.0,9240.0,0.0,8659,0.0,4306.0,0.0,5600,6398.0,0.0,5398.0,2485.0,125500,51001,1348.0,0.0,11000.0,43001,5301.0,0.0,14053.0,0.0
3120,3290.0,30900,1281,0.0,0.0,6680.0,27204.0,0.0,12340.0,1174.0,16489.0,1375.0,3171,0.0,0.0,0.0,0.0,2006.0,7253.0,8888.0,0.0,8659,0.0,4400.0,0.0,5600,6398.0,0.0,5398.0,2485.0,122503,51001,1344.0,0.0,11000.0,43001,5410.0,0.0,14053.0,0.0
3105,3290.0,31051,1280,0.0,0.0,6680.0,26000.0,0.0,12150.0,1192.0,16415.0,1375.0,3199,0.0,0.0,0.0,0.0,2000.0,7290.0,8800.0,0.0,8800,0.0,4295.0,0.0,5550,6234.0,0.0,5300.0,2480.0,121250,48251,1331.0,0.0,11300.0,43300,5410.0,0.0,14400.0,0.0
3105,3300.0,30800,1280,0.0,0.0,6445.0,25300.0,0.0,12500.0,1195.0,16415.0,1399.0,3199,0.0,0.0,0.0,0.0,2000.0,7326.0,8800.0,0.0,9000,0.0,4295.0,0.0,5535,6068.0,0.0,5418.0,2485.0,121250,49497,1331.0,0.0,11450.0,43000,5550.0,0.0,14450.0,0.0
3105,3300.0,30800,1280,0.0,0.0,6599.0,25300.0,0.0,12500.0,1195.0,16415.0,1390.0,3199,0.0,0.0,0.0,0.0,2000.0,7326.0,8800.0,0.0,9000,0.0,4295.0,0.0,5535,6068.0,0.0,5418.0,2485.0,121250,49497,1331.0,0.0,11450.0,43000,5600.0,0.0,14450.0,0.0
3099,3300.0,30800,1267,0.0,0.0,6599.0,25300.0,0.0,12500.0,1195.0,16589.0,1390.0,3130,0.0,0.0,0.0,0.0,1999.0,7326.0,8774.0,0.0,9000,0.0,4375.0,0.0,5535,6068.0,0.0,5418.0,2485.0,124500,49497,1322.0,0.0,11450.0,43000,5600.0,0.0,14450.0,0.0
3070,3300.0,31700,1265,0.0,0.0,6599.0,26300.0,0.0,13100.0,1185.0,17068.0,1390.0,3100,0.0,0.0,0.0,0.0,1980.0,7274.0,9064.0,0.0,8975,0.0,4350.0,0.0,5650,6000.0,0.0,5506.0,2450.0,125500,50950,1318.0,0.0,11450.0,44200,5600.0,0.0,15000.0,0.0
3030,3300.0,33000,1268,0.0,0.0,6615.0,28700.0,0.0,13400.0,1200.0,17438.0,1383.0,3226,0.0,0.0,0.0,0.0,1960.0,7326.0,8985.0,0.0,8901,0.0,4480.0,0.0,5645,6076.0,0.0,5549.0,2405.0,126500,52050,1309.0,0.0,11330.0,46800,5601.0,0.0,16000.0,0.0
3010,3350.0,33000,1262,0.0,0.0,6850.0,29110.0,0.0,13500.0,1188.0,16989.0,1410.0,3226,0.0,0.0,0.0,0.0,2000.0,7417.0,9211.0,0.0,8951,0.0,4395.0,0.0,5675,6097.0,0.0,5560.0,2390.0,126500,50800,1327.0,0.0,11400.0,47730,5600.0,0.0,15801.0,0.0
2970,3300.0,34000,1250,0.0,0.0,7100.0,29500.0,0.0,13750.0,1150.0,16688.0,1420.0,3215,0.0,0.0,0.0,0.0,2000.0,7542.0,9280.0,0.0,8900,0.0,4360.0,0.0,5785,6150.0,0.0,5644.0,2355.0,127500,51554,1322.0,0.0,11140.0,48020,5525.0,0.0,15450.0,0.0
2939,3300.0,34400,1245,0.0,0.0,7175.0,30300.0,0.0,13999.0,1165.0,16694.0,1420.0,3191,0.0,0.0,0.0,0.0,2010.0,7729.0,9175.0,0.0,8849,0.0,4329.0,0.0,5760,6127.0,0.0,5603.0,2365.0,127300,50950,1313.0,0.0,11230.0,47790,5475.0,0.0,15330.0,0.0
2897,3025.0,34250,1235,0.0,0.0,7300.0,31050.0,0.0,14000.0,1184.0,17269.0,1475.0,3265,0.0,0.0,0.0,0.0,2006.0,7802.0,9179.0,0.0,8880,0.0,4331.0,0.0,5650,6180.0,0.0,5551.0,2340.0,125000,50270,1322.0,0.0,11110.0,48260,5400.0,0.0,15900.0,0.0
2980,3170.0,33200,1210,0.0,0.0,7380.0,29550.0,0.0,13719.0,1180.0,17488.0,1450.0,3304,0.0,0.0,0.0,0.0,2003.0,7784.0,9170.0,0.0,8790,0.0,4436.0,0.0,5610,5915.0,0.0,5530.0,2300.0,131100,49548,1335.0,0.0,11000.0,48500,5500.0,0.0,15800.0,0.0
3130,3150.0,33100,1190,0.0,0.0,7200.0,29680.0,0.0,13849.0,1180.0,17838.0,1431.0,3339,0.0,0.0,0.0,0.0,2000.0,7839.0,9240.0,0.0,8740,0.0,4550.0,0.0,5540,5900.0,0.0,5432.0,2310.0,134300,50649,1346.0,0.0,11175.0,47950,5620.0,0.0,15498.0,0.0
3166,3198.0,33798,1190,0.0,0.0,7125.0,29832.0,0.0,13800.0,1180.0,17887.0,1485.0,3301,0.0,0.0,0.0,0.0,1963.0,7762.0,9198.0,0.0,8660,0.0,4625.0,0.0,5615,5882.0,0.0,5532.0,2380.0,140601,51300,1343.0,0.0,11049.0,48990,5705.0,0.0,15340.0,0.0
3211,3200.0,34560,1210,0.0,0.0,7200.0,29600.0,0.0,13300.0,1200.0,17588.0,1485.0,3252,0.0,0.0,0.0,0.0,1962.0,7676.0,9398.0,0.0,8720,0.0,4600.0,0.0,5710,5890.0,0.0,5758.0,2417.0,146000,51800,1312.0,0.0,10950.0,48500,5702.0,0.0,15200.0,0.0
3144,3250.0,35800,1205,0.0,0.0,7450.0,29550.0,0.0,13600.0,1186.0,17589.0,1482.0,3194,0.0,0.0,0.0,0.0,1960.0,7676.0,9416.0,0.0,8800,0.0,4394.0,0.0,5860,5850.0,0.0,5697.0,2351.0,143000,53748,1305.0,0.0,10850.0,49400,5800.0,0.0,15722.0,0.0
3144,3200.0,35442,1205,0.0,0.0,7650.0,30379.0,0.0,14030.0,1169.0,17788.0,1500.0,3170,0.0,0.0,0.0,0.0,1976.0,7616.0,9491.0,0.0,8800,0.0,4245.0,0.0,5708,5850.0,0.0,5606.0,2440.0,142455,52700,1309.0,0.0,10679.0,50300,5770.0,0.0,15975.0,0.0
3130,3145.0,35600,1224,0.0,0.0,7541.0,30745.0,0.0,14600.0,1160.0,17988.0,1450.0,3167,0.0,0.0,0.0,0.0,1981.0,7692.0,9549.0,0.0,8690,0.0,4175.0,0.0,5520,5861.0,0.0,5404.0,2420.0,141001,52728,1288.0,0.0,10500.0,51400,5695.0,0.0,15990.0,0.0
3130,3099.0,35400,1251,0.0,0.0,7491.0,30250.0,0.0,15005.0,1165.0,17988.0,1455.0,3142,0.0,0.0,0.0,0.0,1965.0,7784.0,9566.0,0.0,8701,0.0,4200.0,0.0,5451,5950.0,0.0,5400.0,2400.0,139000,54200,1292.0,0.0,10500.0,50650,5520.0,0.0,15700.0,0.0
3140,3049.0,34800,1270,0.0,0.0,7500.0,30395.0,0.0,14955.0,1167.0,17998.0,1450.0,3149,0.0,0.0,0.0,0.0,1945.0,7692.0,9346.0,0.0,8726,0.0,4231.0,0.0,5499,5854.0,0.0,5331.0,2405.0,141900,51701,1290.0,0.0,10500.0,49600,5425.0,0.0,15700.0,0.0
3255,2950.0,35700,1280,0.0,0.0,7350.0,30740.0,0.0,14700.0,1170.0,18213.0,1450.0,3198,0.0,0.0,0.0,0.0,1953.0,7685.0,9146.0,0.0,8745,0.0,4260.0,0.0,5490,5820.0,0.0,5379.0,2420.0,141800,52695,1275.0,0.0,10449.0,49675,5490.0,0.0,14807.0,0.0
3480,3000.0,34500,1265,0.0,0.0,7137.0,30200.0,0.0,14600.0,1187.0,17988.0,1433.0,3114,0.0,0.0,0.0,0.0,1980.0,7692.0,8950.0,0.0,8749,0.0,4239.0,0.0,5499,5925.0,0.0,5380.0,2450.0,137500,52225,1257.0,0.0,10290.0,48300,5465.0,0.0,14489.0,0.0
3180,2999.0,33845,1212,0.0,0.0,6780.0,29100.0,0.0,14750.0,1191.0,17588.0,1433.0,3042,0.0,0.0,0.0,0.0,1931.0,7692.0,8735.0,0.0,8725,0.0,4165.0,0.0,5450,5909.0,0.0,5390.0,2400.0,134000,53050,1225.0,0.0,10150.0,47413,5430.0,0.0,14239.0,0.0
3282,2996.0,33010,1211,0.0,0.0,6900.0,27400.0,0.0,15100.0,1123.0,17738.0,1400.0,3009,0.0,0.0,0.0,0.0,1930.0,7528.0,8602.0,0.0,8521,0.0,4200.0,0.0,5210,5880.0,0.0,5190.0,2390.0,132501,52080,1250.0,0.0,9899.0,49000,5321.0,0.0,15100.0,0.0
3300,2984.0,32501,1209,0.0,0.0,6740.0,28650.0,0.0,15750.0,1130.0,18088.0,1395.0,3030,0.0,0.0,0.0,0.0,1930.0,7692.0,8672.0,0.0,8310,0.0,4100.0,0.0,5306,5460.0,0.0,5299.0,2400.0,132300,51568,1242.0,0.0,9963.0,47300,5250.0,0.0,15219.0,0.0
3236,3050.0,32550,1205,0.0,0.0,6843.0,26710.0,0.0,15950.0,1115.0,18400.0,1410.0,3030,0.0,0.0,0.0,0.0,1930.0,7582.0,8624.0,0.0,8170,0.0,4169.0,0.0,5160,5360.0,0.0,5090.0,2444.0,133999,51805,1218.0,0.0,9700.0,46500,5200.0,0.0,14690.0,0.0
3300,3000.0,33100,1205,0.0,0.0,6610.0,26667.0,0.0,15700.0,1130.0,18238.0,1375.0,2988,0.0,0.0,0.0,0.0,1921.0,7543.0,8334.0,0.0,8100,0.0,3955.0,0.0,5149,5324.0,0.0,5001.0,2420.0,131400,51850,1261.0,0.0,9510.0,47510,5100.0,0.0,14325.0,0.0
3220,3000.0,31800,1201,0.0,0.0,6400.0,26890.0,0.0,14780.0,1123.0,18788.0,1390.0,3055,0.0,0.0,0.0,0.0,1949.0,7583.0,8459.0,0.0,8400,0.0,3958.0,0.0,5130,5365.0,0.0,5019.0,2400.0,133100,51450,1281.0,0.0,9750.0,45515,5100.0,0.0,14389.0,0.0
3280,2900.0,31720,1240,0.0,0.0,6305.0,27075.0,0.0,14600.0,1140.0,18987.0,1370.0,3002,0.0,0.0,0.0,0.0,1910.0,7643.0,8668.0,0.0,8499,0.0,4200.0,0.0,5250,5456.0,0.0,5139.0,2395.0,133000,50950,1231.0,0.0,10150.0,47200,5050.0,0.0,14351.0,0.0
3245,2900.0,32000,1190,0.0,0.0,6420.0,27400.0,0.0,14450.0,1120.0,18588.0,1410.0,3055,0.0,0.0,0.0,0.0,1890.0,7702.0,8730.0,0.0,8475,0.0,4001.0,0.0,5179,5415.0,0.0,5023.0,2385.0,133900,50350,1205.0,0.0,9840.0,48200,5170.0,0.0,14085.0,0.0
3174,2900.0,31000,1176,0.0,0.0,6575.0,27599.0,0.0,14100.0,1099.0,17838.0,1381.0,2965,0.0,0.0,0.0,0.0,1858.0,7747.0,8351.0,0.0,8139,0.0,3949.0,0.0,5030,5320.0,0.0,4925.0,2370.0,134700,51539,1183.0,0.0,9530.0,47544,5200.0,0.0,13500.0,0.0
3145,2775.0,30700,1158,0.0,0.0,6580.0,27285.0,0.0,13400.0,1100.0,17388.0,1385.0,2911,0.0,0.0,0.0,0.0,1795.0,7692.0,8139.0,0.0,8055,0.0,3870.0,0.0,4980,5125.0,0.0,4865.0,2365.0,131700,51375,1170.0,0.0,9174.0,48100,5100.0,0.0,13510.0,0.0
3150,2700.0,30100,1180,0.0,0.0,6695.0,26455.0,0.0,13400.0,1090.0,17888.0,1364.0,3030,0.0,0.0,0.0,0.0,1829.0,7656.0,8043.0,0.0,8000,0.0,3768.0,0.0,4850,5072.0,0.0,4770.0,2381.0,131000,49700,1176.0,0.0,9005.0,47400,5000.0,0.0,13155.0,0.0
3126,2650.0,29100,1165,0.0,0.0,6769.0,26324.0,0.0,13175.0,1080.0,18028.0,1340.0,2946,0.0,0.0,0.0,0.0,1797.0,7766.0,7797.0,0.0,8150,0.0,3890.0,0.0,5001,5121.0,0.0,4925.0,2360.0,132900,50700,1150.0,0.0,9040.0,47990,5100.0,0.0,13675.0,0.0
3126,2670.0,30550,1165,0.0,0.0,6935.0,25400.0,0.0,13300.0,1080.0,18028.0,1380.0,2946,0.0,0.0,0.0,0.0,1797.0,7762.0,7797.0,0.0,8006,0.0,3890.0,0.0,5145,5110.0,0.0,5049.0,2355.0,132900,50501,1150.0,0.0,8999.0,48000,5000.0,0.0,13895.0,0.0
3131,2900.0,30550,1138,0.0,0.0,7290.0,25400.0,0.0,13300.0,1080.0,17888.0,1350.0,2876,0.0,0.0,0.0,0.0,1775.0,7762.0,7797.0,0.0,8006,0.0,3780.0,0.0,5145,5110.0,0.0,5049.0,2355.0,137150,50501,1134.0,0.0,8999.0,48000,5051.0,0.0,13895.0,0.0
3200,2900.0,30051,1140,0.0,0.0,7290.0,25305.0,0.0,14195.0,1070.0,17189.0,1350.0,2867,0.0,0.0,0.0,0.0,1740.0,7619.0,7657.0,0.0,7840,0.0,3824.0,0.0,5085,5050.0,0.0,5084.0,2305.0,140500,54750,1126.0,0.0,9050.0,47425,5051.0,0.0,13380.0,0.0
3125,2701.0,30700,1135,0.0,0.0,7455.0,25200.0,0.0,14090.0,1065.0,16669.0,1345.0,2890,0.0,0.0,0.0,0.0,1727.0,7509.0,7700.0,0.0,7801,0.0,3780.0,0.0,5000,4950.0,0.0,5000.0,2302.0,144000,53250,1123.0,0.0,9025.0,46401,4954.0,0.0,12999.0,0.0
3050,2750.0,31000,1125,0.0,0.0,7300.0,24651.0,0.0,14400.0,1035.0,15881.0,1334.0,2904,0.0,0.0,0.0,0.0,1730.0,7504.0,7746.0,0.0,7735,0.0,3690.0,0.0,4950,4984.0,0.0,5025.0,2296.0,139800,55601,1125.0,0.0,9112.0,47300,4889.0,0.0,13000.0,0.0
2975,2745.0,30450,1105,0.0,0.0,7060.0,23975.0,0.0,14451.0,1014.0,15690.0,1291.0,2877,0.0,0.0,0.0,0.0,1681.0,7161.0,7660.0,0.0,7600,0.0,3720.0,0.0,4875,4998.0,0.0,4866.0,2300.0,138900,53900,1116.0,0.0,9100.0,45076,4948.0,0.0,12500.0,0.0
2881,2750.0,30650,1110,0.0,0.0,6680.0,23201.0,0.0,14400.0,1012.0,15440.0,1250.0,2862,0.0,0.0,0.0,0.0,1645.0,7088.0,7832.0,0.0,7396,0.0,3816.0,0.0,4730,4850.0,0.0,4795.0,2169.0,135380,54094,1097.0,0.0,9054.0,45700,4885.0,0.0,12525.0,0.0
2870,2720.0,29680,1115,0.0,0.0,6770.0,23221.0,0.0,14405.0,1000.0,16239.0,1200.0,2886,0.0,0.0,0.0,0.0,1670.0,7015.0,7902.0,0.0,7280,0.0,3936.0,0.0,4723,4700.0,0.0,4744.0,2060.0,134000,53850,1109.0,0.0,8940.0,46210,4870.0,0.0,12200.0,0.0
3076,2900.0,29100,1090,0.0,0.0,6680.0,23850.0,0.0,14200.0,1015.0,16089.0,1220.0,2778,0.0,0.0,0.0,0.0,1670.0,7106.0,8228.0,0.0,7675,0.0,3900.0,0.0,4730,4692.0,0.0,4802.0,2070.0,132000,51300,1105.0,0.0,9108.0,45700,4929.0,0.0,13105.0,0.0
3100,2850.0,30605,1095,0.0,0.0,6685.0,25348.0,0.0,14200.0,990.0,16749.0,1230.0,2766,0.0,0.0,0.0,0.0,1695.0,7088.0,8712.0,0.0,7455,0.0,3860.0,0.0,4720,4650.0,0.0,4709.0,2130.0,137390,51749,1135.0,0.0,9195.0,46000,4990.0,0.0,12920.0,0.0
3180,2750.0,32100,1110,0.0,0.0,6700.0,26000.0,0.0,14150.0,990.0,17089.0,1255.0,2760,0.0,0.0,0.0,0.0,1660.0,6967.0,8756.0,0.0,7576,0.0,3949.0,0.0,4770,4660.0,0.0,4720.0,2190.0,130700,52818,1131.0,0.0,9348.0,46250,4990.0,0.0,12990.0,0.0
3310,2745.0,30900,1096,0.0,0.0,6550.0,26885.0,0.0,14445.0,1020.0,17333.0,1238.0,2632,0.0,0.0,0.0,0.0,1585.0,6883.0,8884.0,0.0,7630,0.0,3865.0,0.0,4720,4600.0,0.0,4745.0,2170.0,130000,54800,1113.0,0.0,9195.0,46100,4900.0,0.0,12450.0,0.0
3528,2700.0,30300,1100,0.0,0.0,6760.0,26040.0,0.0,14100.0,999.0,16789.0,1238.0,2699,0.0,0.0,0.0,0.0,1590.0,6703.0,8624.0,0.0,7410,0.0,3968.0,0.0,4600,4425.0,0.0,4565.0,2048.0,129300,54169,1118.0,0.0,8965.0,45400,4950.0,0.0,12010.0,0.0
3525,2700.0,29700,1090,0.0,0.0,6582.0,26790.0,0.0,13400.0,999.0,16389.0,1220.0,2615,0.0,0.0,0.0,0.0,1542.0,6740.0,8272.0,0.0,7525,0.0,3900.0,0.0,4510,4300.0,0.0,4518.0,2020.0,125500,51680,1108.0,0.0,8950.0,44600,4780.0,0.0,11800.0,0.0
3615,2614.0,26850,1102,0.0,0.0,6400.0,26000.0,0.0,12200.0,950.0,16609.0,1209.0,2637,0.0,0.0,0.0,0.0,1554.0,6758.0,8031.0,0.0,7255,0.0,3782.0,0.0,4344,4100.0,0.0,4411.0,1955.0,123000,49800,1108.0,0.0,8880.0,43100,4848.0,0.0,12000.0,0.0
3630,2600.0,25850,1106,0.0,0.0,6150.0,25500.0,0.0,12660.0,951.0,16489.0,1197.0,2567,0.0,0.0,0.0,0.0,1522.0,6703.0,8228.0,0.0,7276,0.0,3735.0,0.0,4331,4050.0,0.0,4298.0,1980.0,125900,48226,1146.0,0.0,8800.0,44500,4870.0,0.0,12100.0,0.0
3594,2600.0,25000,1120,0.0,0.0,5700.0,25110.0,0.0,13250.0,947.0,16489.0,1219.0,2518,0.0,0.0,0.0,0.0,1520.0,6736.0,8034.0,0.0,7720,0.0,3771.0,0.0,4220,4050.0,0.0,4251.0,1940.0,118600,47730,1156.0,0.0,8990.0,43376,4720.0,0.0,12900.0,0.0
3570,2700.0,25234,1140,0.0,0.0,5441.0,25010.0,0.0,13280.0,970.0,17089.0,1210.0,2525,0.0,0.0,0.0,0.0,1500.0,6740.0,8122.0,0.0,7630,0.0,3948.0,0.0,4200,3999.0,0.0,4206.0,1847.0,117900,45901,1190.0,0.0,8850.0,42101,4710.0,0.0,12822.0,0.0
3700,2750.0,25875,1160,0.0,0.0,5550.0,25389.0,0.0,12700.0,969.0,16239.0,1185.0,2505,0.0,0.0,0.0,0.0,1525.0,6730.0,8096.0,0.0,7716,0.0,4045.0,0.0,4393,4000.0,0.0,4380.0,1870.0,114590,46659,1187.0,0.0,9128.0,43799,4700.0,0.0,12849.0,0.0
3700,2750.0,26600,1130,0.0,0.0,5640.0,25300.0,0.0,12199.0,995.0,16089.0,1201.0,2491,0.0,0.0,0.0,0.0,1535.0,6651.0,8448.0,0.0,7680,0.0,4030.0,0.0,4400,4000.0,0.0,4380.0,1880.0,116900,45240,1166.0,0.0,9039.0,42800,4705.0,0.0,12425.0,0.0
3650,2740.0,27400,1169,0.0,0.0,5525.0,25780.0,0.0,12300.0,985.0,16489.0,1230.0,2489,0.0,0.0,0.0,0.0,1503.0,6601.0,8536.0,0.0,7480,0.0,4000.0,0.0,4400,3900.0,0.0,4340.0,1814.0,117600,45095,1137.0,0.0,8775.0,44544,4700.0,0.0,12000.0,0.0
3559,2650.0,27700,1191,0.0,0.0,5910.0,25650.0,0.0,12500.0,975.0,16279.0,1220.0,2511,0.0,0.0,0.0,0.0,1505.0,6462.0,8976.0,0.0,7490,0.0,3892.0,0.0,4251,3900.0,0.0,4348.0,1835.0,106500,45250,1130.0,0.0,8750.0,43800,4700.0,0.0,11771.0,0.0
3550,2650.0,25600,1241,0.0,0.0,6100.0,27551.0,0.0,12000.0,940.0,16569.0,1220.0,2569,0.0,0.0,0.0,0.0,1531.0,6282.0,8932.0,0.0,7500,0.0,3902.0,0.0,4265,3725.0,0.0,4245.0,1825.0,104100,43113,1258.0,0.0,8650.0,42675,4670.0,0.0,11950.0,0.0
3750,2650.0,24075,1290,0.0,0.0,5899.0,26600.0,0.0,11585.0,970.0,17988.0,1200.0,2837,0.0,0.0,0.0,0.0,1724.0,6447.0,8888.0,0.0,7993,0.0,4150.0,0.0,4430,3479.0,0.0,4460.0,1906.0,104900,41150,1318.0,0.0,9110.0,41800,4585.0,0.0,12036.0,0.0
3830,2690.0,23900,1307,0.0,0.0,5501.0,27450.0,0.0,11300.0,990.0,17838.0,1230.0,2890,0.0,0.0,0.0,0.0,1752.0,6813.0,8646.0,0.0,8450,0.0,4300.0,0.0,5065,3700.0,0.0,5000.0,1985.0,96900,42699,1276.0,0.0,10255.0,41825,4700.0,0.0,13400.0,0.0
3710,2750.0,22600,1300,0.0,0.0,5500.0,27200.0,0.0,10200.0,1040.0,17888.0,1280.0,2834,0.0,0.0,0.0,0.0,1659.0,6909.0,8503.0,0.0,8510,0.0,4200.0,0.0,5176,3725.0,0.0,5255.0,2000.0,94600,42030,1250.0,0.0,10110.0,40000,4960.0,0.0,13030.0,0.0
3700,2750.0,23705,1270,0.0,0.0,5250.0,26000.0,0.0,10601.0,1032.0,17738.0,1370.0,2749,0.0,0.0,0.0,0.0,1640.0,6859.0,8439.0,0.0,8040,0.0,4186.0,0.0,4901,3900.0,0.0,5050.0,2060.0,97800,43180,1241.0,0.0,9790.0,40625,4895.0,0.0,12500.0,0.0
4000,2800.0,23900,1250,0.0,0.0,5300.0,25950.0,0.0,11075.0,1060.0,17683.0,1301.0,2754,0.0,0.0,0.0,0.0,1779.0,6777.0,7863.0,0.0,7830,0.0,4200.0,0.0,4600,3750.0,0.0,4677.0,2020.0,94800,42300,1318.0,0.0,9760.0,40520,4975.0,0.0,12115.0,0.0
4000,2900.0,23200,1250,0.0,0.0,5555.0,25100.0,0.0,11250.0,1090.0,17686.0,1290.0,2748,0.0,0.0,0.0,0.0,1745.0,7051.0,7973.0,0.0,8500,0.0,4255.0,0.0,4900,3949.0,0.0,5050.0,2000.0,92500,41050,1351.0,0.0,10300.0,38500,4975.0,0.0,12600.0,0.0
4025,2980.0,22800,1230,0.0,0.0,5300.0,25026.0,0.0,11003.0,1100.0,17289.0,1310.0,2651,0.0,0.0,0.0,0.0,1680.0,6978.0,7855.0,0.0,8849,0.0,4190.0,0.0,4990,3810.0,0.0,5000.0,2051.0,93470,41041,1298.0,0.0,10265.0,38750,5170.0,0.0,13000.0,0.0
4000,2980.0,22299,1240,0.0,0.0,5263.0,25325.0,0.0,10750.0,1090.0,17488.0,1325.0,2679,0.0,0.0,0.0,0.0,1640.0,6938.0,8184.0,0.0,8774,0.0,4200.0,0.0,4818,3800.0,0.0,4863.0,2025.0,97100,40550,1295.0,0.0,10201.0,37800,5151.0,0.0,12600.0,0.0
4083,2800.0,23100,1250,0.0,0.0,5400.0,25251.0,0.0,10400.0,1109.0,17388.0,1300.0,2678,0.0,0.0,0.0,0.0,1684.0,6850.0,7832.0,0.0,8750,0.0,4180.0,0.0,4709,3765.0,0.0,4699.0,2015.0,96650,41500,1360.0,0.0,10040.0,39400,5100.0,0.0,12850.0,0.0
4239,2800.0,23080,1270,0.0,0.0,5375.0,24500.0,0.0,10510.0,1150.0,17638.0,1280.0,2792,0.0,0.0,0.0,0.0,1750.0,6703.0,7542.0,0.0,8952,0.0,4255.0,0.0,4765,3700.0,0.0,4748.0,2025.0,99010,41300,1396.0,0.0,10389.0,37875,5120.0,0.0,12500.0,0.0
4199,2854.0,24200,1320,0.0,0.0,5290.0,23800.0,0.0,10800.0,1170.0,17917.0,1270.0,2848,0.0,0.0,0.0,0.0,1760.0,7033.0,7785.0,0.0,8995,0.0,4245.0,0.0,4986,3750.0,0.0,5000.0,2025.0,96500,42650,1421.0,0.0,10375.0,39301,5130.0,0.0,12695.0,0.0
3930,3000.0,24582,1323,0.0,0.0,5290.0,24125.0,0.0,10902.0,1178.0,17388.0,1310.0,2735,0.0,0.0,0.0,0.0,1755.0,7088.0,6952.0,0.0,9090,0.0,4100.0,0.0,5010,3775.0,0.0,4974.0,2160.0,91001,42200,1377.0,0.0,10412.0,39500,5188.0,0.0,12680.0,0.0
4001,2990.0,21495,1310,0.0,0.0,5300.0,23101.0,0.0,10200.0,1130.0,17388.0,1315.0,2813,0.0,0.0,0.0,0.0,1740.0,6813.0,6186.0,0.0,8622,0.0,3970.0,0.0,5099,3630.0,0.0,4940.0,2125.0,86500,39866,1384.0,0.0,10100.0,38499,5200.0,0.0,12300.0,0.0
4200,2901.0,20300,1315,0.0,0.0,4890.0,22651.0,0.0,9790.0,1155.0,17488.0,1330.0,2908,0.0,0.0,0.0,0.0,1803.0,6731.0,6467.0,0.0,8701,0.0,4130.0,0.0,5065,3894.0,0.0,5007.0,2125.0,89000,37700,1375.0,0.0,10300.0,37400,5150.0,0.0,12101.0,0.0
4300,2937.0,21000,1320,0.0,0.0,4195.0,23100.0,0.0,9700.0,1105.0,17688.0,1300.0,2881,0.0,0.0,0.0,0.0,1785.0,6832.0,6600.0,0.0,8750,0.0,4125.0,0.0,5315,4156.0,0.0,5300.0,2100.0,100300,38810,1347.0,0.0,10400.0,39000,4975.0,0.0,12400.0,0.0
4450,2950.0,23000,1330,0.0,0.0,4600.0,23050.0,0.0,10097.0,1130.0,17289.0,1330.0,2841,0.0,0.0,0.0,0.0,1751.0,6870.0,6611.0,0.0,8772,0.0,4156.0,0.0,5360,4299.0,0.0,5350.0,2135.0,95100,40360,1359.0,0.0,10500.0,39799,5090.0,0.0,12400.0,0.0
4400,2920.0,20800,1330,0.0,0.0,4850.0,22931.0,0.0,10000.0,1141.0,17488.0,1345.0,2848,0.0,0.0,0.0,0.0,1760.0,6820.0,6233.0,0.0,8704,0.0,4100.0,0.0,5280,4400.0,0.0,5290.0,2140.0,90501,40580,1341.0,0.0,10550.0,39800,5050.0,0.0,12000.0,0.0
4360,2940.0,20900,1370,0.0,0.0,4669.0,22900.0,0.0,10400.0,1170.0,18088.0,1350.0,2918,0.0,0.0,0.0,0.0,1784.0,7114.0,6116.0,0.0,8715,0.0,4300.0,0.0,5425,4499.0,0.0,5465.0,2150.0,95200,39767,1365.0,0.0,10580.0,40394,5081.0,0.0,12390.0,0.0
4360,2880.0,21400,1375,0.0,0.0,4650.0,21751.0,0.0,10400.0,1239.0,18838.0,1358.0,2876,0.0,0.0,0.0,0.0,1810.0,6996.0,6046.0,0.0,9000,0.0,4300.0,0.0,5799,4600.0,0.0,5831.0,2190.0,91900,39639,1325.0,0.0,10600.0,39950,5133.0,0.0,12150.0,0.0
4385,2999.0,21350,1349,0.0,0.0,4840.0,20649.0,0.0,10120.0,1228.0,18808.0,1415.0,2946,0.0,0.0,0.0,0.0,1782.0,6982.0,6468.0,0.0,9090,0.0,4150.0,0.0,5573,4750.0,0.0,5651.0,2250.0,90490,39982,1298.0,0.0,10595.0,38800,5190.0,0.0,12069.0,0.0
4460,2975.0,21620,1340,0.0,0.0,4640.0,22076.0,0.0,9849.0,1195.0,19837.0,1430.0,2991,0.0,0.0,0.0,0.0,1820.0,6847.0,6406.0,0.0,9000,0.0,4230.0,0.0,5485,4552.0,0.0,5430.0,2297.0,98000,41300,1314.0,0.0,10585.0,39100,5195.0,0.0,11990.0,0.0
4430,2950.0,23300,1339,0.0,0.0,4675.0,22300.0,0.0,10350.0,1220.0,19447.0,1420.0,3065,0.0,0.0,0.0,0.0,1825.0,7216.0,6116.0,0.0,8990,0.0,4340.0,0.0,5617,4579.0,0.0,5500.0,2227.0,93300,42891,1388.0,0.0,10800.0,41700,5100.0,0.0,12200.0,0.0
4622,2949.0,22580,1345,0.0,0.0,4750.0,20820.0,0.0,10000.0,1215.0,19337.0,1462.0,3086,0.0,0.0,0.0,0.0,1789.0,7106.0,5808.0,0.0,8870,0.0,4500.0,0.0,5720,4550.0,0.0,5575.0,2170.0,87899,40586,1369.0,0.0,10750.0,39800,5146.0,0.0,12400.0,0.0
4620,2950.0,22425,1355,0.0,0.0,4600.0,20351.0,0.0,9910.0,1215.0,18877.0,1488.0,2918,0.0,0.0,0.0,0.0,1743.0,7033.0,6006.0,0.0,8812,0.0,4300.0,0.0,5600,4525.0,0.0,5448.0,2130.0,83100,39720,1300.0,0.0,10700.0,38650,5200.0,0.0,12180.0,0.0
4630,2900.0,21100,1395,0.0,0.0,4540.0,20216.0,0.0,9590.0,1185.0,18788.0,1495.0,2916,0.0,0.0,0.0,0.0,1780.0,6850.0,5918.0,0.0,8449,0.0,4390.0,0.0,5195,4448.0,0.0,5100.0,2080.0,88800,39065,1284.0,0.0,10400.0,38675,5250.0,0.0,11920.0,0.0
4450,2950.0,21500,1370,0.0,0.0,4400.0,20701.0,0.0,9950.0,1165.0,18478.0,1485.0,2988,0.0,0.0,0.0,0.0,1787.0,6960.0,6077.0,0.0,8385,0.0,4285.0,0.0,5206,4400.0,0.0,5050.0,2090.0,89500,40425,1281.0,0.0,10240.0,40300,5240.0,0.0,11601.0,0.0
4350,2950.0,21700,1370,0.0,0.0,4450.0,21124.0,0.0,9970.0,1175.0,18774.0,1447.0,3016,0.0,0.0,0.0,0.0,1805.0,6960.0,6028.0,0.0,8420,0.0,4449.0,0.0,5170,4570.0,0.0,5060.0,2110.0,92100,41645,1284.0,0.0,10100.0,41890,5265.0,0.0,11600.0,0.0
4300,2997.0,22000,1375,0.0,0.0,4600.0,20660.0,0.0,10300.0,1191.0,18538.0,1470.0,3027,0.0,0.0,0.0,0.0,1780.0,6814.0,5918.0,0.0,8500,0.0,4425.0,0.0,5201,4600.0,0.0,5225.0,2150.0,89100,40850,1309.0,0.0,10500.0,41899,5260.0,0.0,11500.0,0.0
4340,2997.0,21268,1389,0.0,0.0,4700.0,20300.0,0.0,10305.0,1130.0,18338.0,1455.0,3002,0.0,0.0,0.0,0.0,1752.0,6786.0,6072.0,0.0,8532,0.0,4306.0,0.0,5300,4590.0,0.0,5200.0,2150.0,92499,40000,1295.0,0.0,10175.0,41010,5149.0,0.0,11345.0,0.0
4279,2950.0,21700,1390,0.0,0.0,4750.0,20500.0,0.0,10400.0,1183.0,18967.0,1450.0,3044,0.0,0.0,0.0,0.0,1732.0,6749.0,6424.0,0.0,8500,0.0,4425.0,0.0,5284,4640.0,0.0,5268.0,2170.0,94000,40299,1369.0,0.0,10121.0,41400,5170.0,0.0,11200.0,0.0
4470,2950.0,22500,1438,0.0,0.0,5200.0,20980.0,0.0,10600.0,1190.0,19687.0,1470.0,3184,0.0,0.0,0.0,0.0,1840.0,6815.0,6552.0,0.0,8800,0.0,4561.0,0.0,5450,4500.0,0.0,5350.0,2180.0,98000,41300,1423.0,0.0,10500.0,41700,5175.0,0.0,11401.0,0.0
4675,2998.0,22400,1445,0.0,0.0,5100.0,21350.0,0.0,10980.0,1230.0,19362.0,1490.0,3198,0.0,0.0,0.0,0.0,1776.0,6905.0,6248.0,0.0,9200,0.0,4600.0,0.0,5694,4569.0,0.0,5555.0,2280.0,97400,41499,1396.0,0.0,10350.0,42000,5200.0,0.0,11900.0,0.0
4580,3000.0,21795,1425,0.0,0.0,5290.0,20850.0,0.0,11500.0,1257.0,19089.0,1560.0,3148,0.0,0.0,0.0,0.0,1760.0,6848.0,5773.0,0.0,9000,0.0,4600.0,0.0,5750,4577.0,0.0,5625.0,2220.0,90500,40794,1403.0,0.0,10420.0,42495,5250.0,0.0,11864.0,0.0
4590,2950.0,20400,1425,0.0,0.0,5370.0,19800.0,0.0,10800.0,1224.0,19731.0,1550.0,3142,0.0,0.0,0.0,0.0,1777.0,6826.0,5801.0,0.0,8971,0.0,4700.0,0.0,5700,4450.0,0.0,5700.0,2220.0,88000,38899,1411.0,0.0,10450.0,40052,5400.0,0.0,11301.0,0.0
4598,2990.0,19599,1416,0.0,0.0,5050.0,19400.0,0.0,10600.0,1230.0,19987.0,1500.0,3142,0.0,0.0,0.0,0.0,1760.0,7004.0,5984.0,0.0,9143,0.0,5000.0,0.0,5910,4560.0,0.0,5850.0,2230.0,86100,36925,1411.0,0.0,10400.0,39750,5400.0,0.0,12000.0,0.0
4349,3050.0,19696,1415,0.0,0.0,5010.0,19100.0,0.0,10100.0,1240.0,19837.0,1550.0,3171,0.0,0.0,0.0,0.0,1725.0,6996.0,5849.0,0.0,9048,0.0,4822.0,0.0,5700,4530.0,0.0,5605.0,2315.0,84600,36150,1415.0,0.0,10480.0,38000,5445.0,0.0,12196.0,0.0
4350,3050.0,20035,1395,0.0,0.0,4990.0,18820.0,0.0,9999.0,1260.0,19087.0,1560.0,3198,0.0,0.0,0.0,0.0,1705.0,7002.0,5799.0,0.0,9069,0.0,4760.0,0.0,5589,4480.0,0.0,5520.0,2399.0,82500,34650,1408.0,0.0,10350.0,38050,5500.0,0.0,11700.0,0.0
4400,3175.0,19600,1400,0.0,0.0,5000.0,18700.0,0.0,9345.0,1270.0,19587.0,1600.0,3313,0.0,0.0,0.0,0.0,1824.0,6978.0,5667.0,0.0,9040,0.0,5000.0,0.0,5279,4245.0,0.0,5200.0,2410.0,85450,32597,1471.0,0.0,10200.0,37300,5520.0,0.0,11500.0,0.0
4405,3100.0,20200,1407,0.0,0.0,4930.0,19000.0,0.0,9530.0,1260.0,19137.0,1560.0,3283,0.0,0.0,0.0,0.0,1830.0,7070.0,5188.0,0.0,9515,0.0,4744.0,0.0,5631,4399.0,0.0,5525.0,2462.0,79700,33485,1469.0,0.0,10290.0,37700,5450.0,0.0,12200.0,0.0
4510,3200.0,19399,1419,0.0,0.0,5090.0,17544.0,0.0,8800.0,1255.0,18488.0,1570.0,3283,0.0,0.0,0.0,0.0,1840.0,7088.0,5113.0,0.0,9288,0.0,4850.0,0.0,5832,4365.0,0.0,5780.0,2460.0,76100,30950,1490.0,0.0,10370.0,34730,5550.0,0.0,11836.0,0.0
4380,3250.0,19150,1410,0.0,0.0,4900.0,17300.0,0.0,8700.0,1265.0,18188.0,1590.0,3283,0.0,0.0,0.0,0.0,1830.0,7145.0,5236.0,0.0,9350,0.0,4730.0,0.0,5769,4380.0,0.0,5728.0,2451.0,77500,31302,1419.0,0.0,10685.0,35210,5621.0,0.0,11700.0,0.0
4300,3250.0,19400,1408,0.0,0.0,4630.0,18600.0,0.0,9350.0,1235.0,18328.0,1560.0,3271,0.0,0.0,0.0,0.0,1840.0,7130.0,5491.0,0.0,8890,0.0,4725.0,0.0,5624,4370.0,0.0,5566.0,2390.0,82000,33480,1445.0,0.0,10450.0,35745,5600.0,0.0,11710.0,0.0
4375,3200.0,20402,1353,0.0,0.0,4548.0,19500.0,0.0,9890.0,1235.0,18238.0,1520.0,3226,0.0,0.0,0.0,0.0,1810.0,7107.0,5617.0,0.0,8990,0.0,4750.0,0.0,5700,4325.0,0.0,5600.0,2320.0,80500,35897,1413.0,0.0,10275.0,36001,5508.0,0.0,11650.0,0.0
4020,3160.0,18400,1346,0.0,0.0,5403.0,19300.0,0.0,9500.0,1250.0,18188.0,1540.0,3157,0.0,0.0,0.0,0.0,1771.0,7097.0,5364.0,0.0,8800,0.0,4675.0,0.0,5368,4320.0,0.0,5300.0,2350.0,81950,35200,1381.0,0.0,10020.0,35000,5520.0,0.0,11660.0,0.0
3890,3210.0,17300,1353,0.0,0.0,5260.0,18780.0,0.0,9200.0,1220.0,17388.0,1527.0,3100,0.0,0.0,0.0,0.0,1701.0,6996.0,6050.0,0.0,8767,0.0,4680.0,0.0,5350,4145.0,0.0,5140.0,2270.0,83700,33000,1344.0,0.0,9550.0,33400,5500.0,0.0,11520.0,0.0
3991,3180.0,17715,1345,0.0,0.0,5120.0,20300.0,0.0,8999.0,1236.0,16389.0,1516.0,2974,0.0,0.0,0.0,0.0,1693.0,6813.0,6424.0,0.0,8298,0.0,4526.0,0.0,4910,4100.0,0.0,4751.0,2280.0,85500,31420,1318.0,0.0,9300.0,32250,5356.0,0.0,11050.0,0.0
4045,3179.0,17600,1405,0.0,0.0,5125.0,21000.0,0.0,8900.0,1210.0,17488.0,1515.0,3092,0.0,0.0,0.0,0.0,1780.0,6795.0,6094.0,0.0,8088,0.0,4300.0,0.0,4601,4000.0,0.0,4590.0,2283.0,92400,31668,1398.0,0.0,9230.0,32175,5290.0,0.0,10030.0,0.0
4215,3179.0,18600,1390,0.0,0.0,5165.0,19625.0,0.0,9200.0,1239.0,17678.0,1510.0,3257,0.0,0.0,0.0,0.0,1800.0,6923.0,6618.0,0.0,8920,0.0,4755.0,0.0,5189,4216.0,0.0,5350.0,2501.0,89700,33350,1483.0,0.0,9595.0,33900,5210.0,0.0,11800.0,0.0
4161,3250.0,18500,1370,0.0,0.0,5305.0,20000.0,0.0,9450.0,1242.0,16879.0,1600.0,2946,0.0,0.0,0.0,0.0,1706.0,6886.0,6754.0,0.0,9230,0.0,4620.0,0.0,5400,4050.0,0.0,5449.0,2453.0,82000,34259,1381.0,0.0,10460.0,35950,5260.0,0.0,11820.0,0.0
4161,3250.0,17700,1370,0.0,0.0,5375.0,20700.0,0.0,9300.0,1200.0,16879.0,1550.0,2946,0.0,0.0,0.0,0.0,1706.0,6703.0,6754.0,0.0,8750,0.0,4620.0,0.0,5101,3920.0,0.0,5151.0,2360.0,82000,32270,1381.0,0.0,9680.0,34299,5200.0,0.0,10650.0,0.0
4241,3011.0,17700,1356,0.0,0.0,5250.0,20700.0,0.0,9300.0,1200.0,16584.0,1500.0,3002,0.0,0.0,0.0,0.0,1740.0,6703.0,6943.0,0.0,8750,0.0,4710.0,0.0,5101,3920.0,0.0,5151.0,2360.0,80000,32270,1424.0,0.0,9680.0,34299,5140.0,0.0,10650.0,0.0
4040,3011.0,16995,1373,0.0,0.0,5250.0,19800.0,0.0,9300.0,1190.0,16239.0,1500.0,3016,0.0,0.0,0.0,0.0,1748.0,6706.0,7015.0,0.0,8890,0.0,4730.0,0.0,5112,4066.0,0.0,5175.0,2355.0,76600,30900,1428.0,0.0,10200.0,35799,5140.0,0.0,10900.0,0.0
3860,3153.0,16200,1346,0.0,0.0,4900.0,20000.0,0.0,8925.0,1180.0,15740.0,1480.0,2834,0.0,0.0,0.0,0.0,1650.0,6747.0,6846.0,0.0,8850,0.0,4500.0,0.0,5050,4024.0,0.0,5100.0,2300.0,71600,29787,1374.0,0.0,10300.0,36500,5150.0,0.0,10550.0,0.0
4250,3200.0,16120,1370,0.0,0.0,4664.0,19101.0,0.0,8649.0,1150.0,16089.0,1500.0,2929,0.0,0.0,0.0,0.0,1760.0,6485.0,7084.0,0.0,8580,0.0,4650.0,0.0,4700,3840.0,0.0,4750.0,2175.0,74400,27048,1420.0,0.0,9906.0,33798,5185.0,0.0,10410.0,0.0
4140,3200.0,16600,1375,0.0,0.0,3900.0,19200.0,0.0,8527.0,1170.0,15964.0,1450.0,2890,0.0,0.0,0.0,0.0,1800.0,6960.0,7146.0,0.0,9353,0.0,4778.0,0.0,4750,4000.0,0.0,4610.0,2150.0,76505,27800,1397.0,0.0,10350.0,34990,5000.0,0.0,11500.0,0.0
4075,3200.0,16575,1385,0.0,0.0,4500.0,19100.0,0.0,8625.0,1148.0,15788.0,1550.0,2820,0.0,0.0,0.0,0.0,1760.0,6777.0,6182.0,0.0,8781,0.0,4700.0,0.0,4701,3839.0,0.0,4575.0,2270.0,70650,26900,1382.0,0.0,10299.0,33200,5050.0,0.0,11100.0,0.0
4150,3155.0,14700,1380,0.0,0.0,4525.0,17100.0,0.0,7930.0,1180.0,15150.0,1550.0,2806,0.0,0.0,0.0,0.0,1780.0,6630.0,6032.0,0.0,8690,0.0,4680.0,0.0,4800,3884.0,0.0,4700.0,2250.0,62510,25850,1364.0,0.0,10050.0,31430,4999.0,0.0,11000.0,0.0
3960,3150.0,14022,1340,0.0,0.0,4350.0,17269.0,0.0,7225.0,1185.0,13991.0,1600.0,2671,0.0,0.0,0.0,0.0,1620.0,6923.0,5940.0,0.0,8700,0.0,4443.0,0.0,4940,3875.0,0.0,4730.0,2285.0,54500,26550,1254.0,0.0,10000.0,30800,5140.0,0.0,10800.0,0.0
4100,3145.0,12850,1338,0.0,0.0,4300.0,16825.0,0.0,5900.0,1129.0,14322.0,1559.0,2848,0.0,0.0,0.0,0.0,1700.0,6667.0,5893.0,0.0,7835,0.0,4700.0,0.0,4500,3500.0,0.0,4276.0,2260.0,58200,23548,1287.0,0.0,9000.0,27850,5090.0,0.0,10125.0,0.0
4000,3195.0,13000,1337,0.0,0.0,3400.0,16181.0,0.0,6525.0,1120.0,13941.0,1500.0,2665,0.0,0.0,0.0,0.0,1770.0,6630.0,6336.0,0.0,7900,0.0,4597.0,0.0,4750,3829.0,0.0,4500.0,2261.0,59900,24980,1258.0,0.0,9270.0,27300,4920.0,0.0,10250.0,0.0
3842,3080.0,13400,1315,0.0,0.0,3505.0,16200.0,0.0,6800.0,1048.0,14990.0,1560.0,2693,0.0,0.0,0.0,0.0,1685.0,6594.0,6841.0,0.0,7700,0.0,4500.0,0.0,4430,3955.0,0.0,4200.0,2260.0,66500,23100,1274.0,0.0,9190.0,25850,4860.0,0.0,10320.0,0.0
3700,3025.0,14200,1255,0.0,0.0,3375.0,16312.0,0.0,6800.0,1070.0,14490.0,1525.0,2651,0.0,0.0,0.0,0.0,1635.0,6506.0,7616.0,0.0,7700,0.0,4550.0,0.0,4480,3900.0,0.0,4300.0,2370.0,62400,23811,1234.0,0.0,9300.0,26300,4760.0,0.0,10605.0,0.0
3650,3100.0,14750,1220,0.0,0.0,3713.0,18149.0,0.0,6750.0,1020.0,14990.0,1475.0,2764,0.0,0.0,0.0,0.0,1680.0,6117.0,6939.0,0.0,7441,0.0,4623.0,0.0,4200,3670.0,0.0,3950.0,2280.0,62500,22900,1233.0,0.0,8802.0,24795,4855.0,0.0,10050.0,0.0
3890,3000.0,15015,1300,0.0,0.0,3840.0,18125.0,0.0,6800.0,1086.0,15939.0,1451.0,2918,0.0,0.0,0.0,0.0,1770.0,6299.0,6496.0,0.0,7700,0.0,4730.0,0.0,4400,3600.0,0.0,4200.0,2340.0,68389,25500,1275.0,0.0,9500.0,26000,4700.0,0.0,10301.0,0.0
3690,3000.0,15200,1278,0.0,0.0,4020.0,19899.0,0.0,7100.0,1099.0,15165.0,1510.0,2806,0.0,0.0,0.0,0.0,1710.0,6493.0,6402.0,0.0,8100,0.0,4700.0,0.0,4849,3670.0,0.0,4529.0,2449.0,59900,26215,1284.0,0.0,9750.0,28948,4750.0,0.0,10340.0,0.0
3520,3099.0,13000,1235,0.0,0.0,4000.0,19425.0,0.0,6500.0,1080.0,14674.0,1490.0,2721,0.0,0.0,0.0,0.0,1650.0,6463.0,6336.0,0.0,8000,0.0,4450.0,0.0,4460,3643.0,0.0,4290.0,2400.0,54900,22090,1222.0,0.0,9397.0,26025,4915.0,0.0,9779.0,0.0
3530,3000.0,12400,1235,0.0,0.0,3563.0,20200.0,0.0,6050.0,1020.0,14674.0,1460.0,2573,0.0,0.0,0.0,0.0,1545.0,6484.0,5962.0,0.0,7751,0.0,4383.0,0.0,4200,3600.0,0.0,3900.0,2400.0,50000,20999,1170.0,0.0,8800.0,24600,4960.0,0.0,9600.0,0.0
3549,2925.0,11900,1245,0.0,0.0,3298.0,19099.0,0.0,6100.0,1010.0,14990.0,1400.0,2679,0.0,0.0,0.0,0.0,1496.0,6626.0,6028.0,0.0,7505,0.0,4499.0,0.0,3995,3663.0,0.0,3715.0,2335.0,52000,22900,1120.0,0.0,8430.0,26400,4900.0,0.0,9301.0,0.0
3550,2925.0,12500,1330,0.0,0.0,3115.0,19200.0,0.0,6250.0,1040.0,15390.0,1387.0,2806,0.0,0.0,0.0,0.0,1510.0,6669.0,6161.0,0.0,7700,0.0,4700.0,0.0,4000,3550.0,0.0,3773.0,2275.0,49900,23772,1100.0,0.0,8400.0,28394,4900.0,0.0,9599.0,0.0
3499,2900.0,11801,1251,0.0,0.0,3350.0,20820.0,0.0,6420.0,1006.0,14490.0,1390.0,2679,0.0,0.0,0.0,0.0,1435.0,6850.0,5635.0,2340.0,7490,0.0,4749.0,0.0,4100,3709.0,0.0,3875.0,2250.0,46500,24793,1017.0,0.0,8450.0,27800,4875.0,0.0,9650.0,0.0
3170,2910.0,11243,1235,0.0,0.0,3550.0,19602.0,0.0,6115.0,982.0,15050.0,1398.0,2693,0.0,0.0,0.0,0.0,1525.0,6758.0,5566.0,2320.0,7000,0.0,4700.0,0.0,4120,3768.0,0.0,3872.0,2250.0,42500,23599,996.0,0.0,8100.0,26401,4925.0,0.0,8900.0,0.0
3200,2950.0,10700,1215,0.0,0.0,3350.0,18099.0,0.0,5540.0,968.0,14640.0,1400.0,2632,0.0,0.0,0.0,0.0,1490.0,6795.0,4752.0,2325.0,6999,0.0,4438.0,0.0,4348,3600.0,0.0,4040.0,2130.0,39100,22875,1033.0,0.0,7950.0,27200,5000.0,0.0,8299.0,0.0
3081,2850.0,9615,1180,0.0,0.0,3050.0,16000.0,0.0,5350.0,929.0,14191.0,1370.0,2665,0.0,0.0,0.0,0.0,1488.0,6502.0,4875.0,2143.0,7290,0.0,4475.0,0.0,4400,3350.0,0.0,4390.0,2037.0,36490,20705,995.0,0.0,8200.0,24505,4900.0,0.0,7400.0,0.0
3200,2800.0,9015,1220,0.0,0.0,2795.0,16400.0,0.0,5360.0,984.0,14191.0,1330.0,2623,0.0,0.0,0.0,0.0,1575.0,6795.0,4774.0,2080.0,7050,0.0,4675.0,0.0,4350,3300.0,0.0,4150.0,2015.0,38490,20305,1037.0,0.0,8500.0,23700,4700.0,0.0,8313.0,0.0
3365,2800.0,9850,1250,0.0,0.0,2550.0,15200.0,27425.0,5480.0,987.0,15286.0,1300.0,2834,0.0,0.0,0.0,0.0,1600.0,6100.0,5544.0,2030.0,7370,0.0,4860.0,0.0,4400,3250.0,0.0,4300.0,2060.0,42999,19240,1083.0,0.0,8950.0,23850,4600.0,0.0,9200.0,0.0
3429,2750.0,10220,1295,0.0,0.0,2700.0,16500.0,28200.0,6000.0,1020.0,15290.0,1358.0,2806,0.0,0.0,0.0,0.0,1650.0,6750.0,6164.0,2075.0,7530,0.0,5100.0,0.0,4365,3400.0,0.0,4210.0,2115.0,41800,22100,1139.0,0.0,9366.0,25800,4850.0,0.0,9850.0,0.0
3400,2700.0,10950,1300,0.0,0.0,2850.0,18000.0,27999.0,6200.0,1095.0,16189.0,1470.0,2918,0.0,0.0,0.0,0.0,1590.0,7199.0,6072.0,2110.0,7730,0.0,5150.0,0.0,4465,3481.0,0.0,4380.0,2250.0,40000,23750,1189.0,0.0,9513.0,28225,5100.0,0.0,10240.0,0.0
3602,2700.0,10090,1400,0.0,0.0,3100.0,18849.0,26621.0,6440.0,1130.0,16488.0,1570.0,2944,0.0,0.0,0.0,0.0,1560.0,7099.0,5742.0,2087.0,7700,0.0,5290.0,0.0,4779,3600.0,0.0,4449.0,2399.0,41800,23935,1204.0,0.0,9370.0,28850,5320.0,0.0,10900.0,0.0
3800,2700.0,10100,1335,0.0,0.0,3050.0,18340.0,26900.0,6540.0,1130.0,16939.0,1597.0,2925,0.0,0.0,0.0,0.0,1630.0,7200.0,6160.0,2090.0,7900,0.0,5250.0,0.0,4500,3534.0,0.0,4309.0,2300.0,44490,24400,1214.0,0.0,9720.0,29500,5699.0,0.0,10900.0,0.0
3790,2700.0,10900,1310,0.0,0.0,3000.0,18700.0,27475.0,6725.0,1195.0,16039.0,1600.0,2904,0.0,0.0,0.0,0.0,1608.0,7100.0,6227.0,2210.0,7950,0.0,4950.0,0.0,4500,3586.0,0.0,4525.0,2370.0,40880,25310,1174.0,0.0,9545.0,28250,5400.0,0.0,11672.0,0.0
3700,2700.0,10995,1330,0.0,0.0,3120.0,19250.0,26340.0,6700.0,1175.0,15380.0,1670.0,2714,0.0,0.0,0.0,0.0,1611.0,6855.0,6072.0,2135.0,7500,0.0,4920.0,0.0,4520,3650.0,0.0,4462.0,2425.0,37400,23800,1156.0,0.0,8700.0,26800,5485.0,0.0,10900.0,0.0
3613,2800.0,10400,1332,0.0,0.0,3280.0,18860.0,26300.0,6300.0,1160.0,14889.0,1550.0,2792,0.0,0.0,0.0,0.0,1668.0,6800.0,5711.0,2100.0,7370,0.0,4888.0,0.0,4440,3600.0,0.0,4425.0,2400.0,38000,21953,1159.0,0.0,8725.0,25026,5431.0,0.0,10818.0,0.0
3683,2835.0,11050,1355,0.0,0.0,3200.0,18400.0,26700.0,6395.0,1136.0,15539.0,1577.0,2764,0.0,0.0,0.0,0.0,1628.0,6690.0,6116.0,2095.0,7401,0.0,4950.0,0.0,4399,3700.0,0.0,4389.0,2425.0,41900,21000,1233.0,0.0,8700.0,24840,5300.0,0.0,10800.0,0.0
3686,2750.0,12000,1331,0.0,0.0,3101.0,18925.0,26500.0,7648.0,1157.0,15190.0,1494.0,2598,0.0,0.0,0.0,0.0,1590.0,6800.0,5851.0,2015.0,7650,0.0,4850.0,0.0,4400,3700.0,0.0,4410.0,2440.0,41600,23790,1177.0,0.0,8953.0,27849,5147.0,0.0,11310.0,0.0
3650,2750.0,11200,1340,0.0,0.0,3259.0,17851.0,26176.0,7000.0,1156.0,14440.0,1500.0,2623,0.0,0.0,0.0,0.0,1645.0,6610.0,5777.0,1860.0,7415,0.0,4899.0,0.0,4327,3570.0,0.0,4300.0,2450.0,41300,22226,1191.0,0.0,8610.0,26601,5170.0,0.0,11100.0,0.0
3840,2700.0,11300,1355,0.0,0.0,3125.0,18200.0,26500.0,6619.0,1143.0,14640.0,1500.0,2595,0.0,0.0,0.0,0.0,1580.0,6600.0,5192.0,1831.0,7450,0.0,4860.0,0.0,4190,3329.0,0.0,4050.0,2402.0,41450,20605,1169.0,0.0,8660.0,25799,5152.0,0.0,10820.0,0.0
3801,2850.0,10850,1350,0.0,0.0,3126.0,16984.0,25971.0,6350.0,1150.0,14890.0,1500.0,2698,0.0,0.0,0.0,0.0,1628.0,6601.0,5676.0,1766.0,7451,0.0,4845.0,0.0,3950,3000.0,0.0,3854.0,2400.0,44993,19500,1182.0,0.0,8560.0,25350,5142.0,0.0,10850.0,0.0
3725,2700.0,11325,1331,0.0,0.0,2850.0,17900.0,25200.0,6270.0,1155.0,14430.0,1464.0,2698,0.0,0.0,0.0,0.0,1650.0,6785.0,5579.0,1705.0,7475,0.0,4840.0,0.0,3650,2895.0,0.0,3580.0,2399.0,45700,20417,1163.0,0.0,8595.0,24999,5200.0,0.0,11099.0,0.0
3750,2800.0,11455,1336,0.0,0.0,2770.0,16650.0,25505.0,6100.0,1136.0,14790.0,1490.0,2581,0.0,0.0,0.0,0.0,1620.0,6950.0,5614.0,1603.0,7340,0.0,4900.0,0.0,3700,2847.0,0.0,3654.0,2342.0,45000,19000,1157.0,0.0,8175.0,24351,5300.0,0.0,11075.0,0.0
3701,2800.0,11604,1350,0.0,0.0,2775.0,16355.0,25800.0,6200.0,1140.0,14590.0,1521.0,2525,0.0,0.0,0.0,0.0,1636.0,7040.0,5632.0,1596.0,7379,0.0,4880.0,0.0,3800,2948.0,0.0,3801.0,2290.0,46500,18595,1199.0,0.0,8300.0,23400,5250.0,0.0,10790.0,0.0
3540,2751.0,11350,1366,0.0,0.0,2850.0,16301.0,26210.0,6200.0,1110.0,14116.0,1550.0,2525,0.0,0.0,0.0,0.0,1638.0,6940.0,5104.0,1560.0,7700,0.0,4900.0,0.0,4190,2856.0,0.0,4100.0,2226.0,39000,18850,1165.0,0.0,8740.0,23459,5300.0,0.0,10148.0,0.0
3625,2880.0,9400,1395,0.0,0.0,2850.0,15499.0,25750.0,5503.0,1119.0,14590.0,1505.0,2567,0.0,0.0,0.0,0.0,1640.0,7000.0,5654.0,1590.0,7560,0.0,4795.0,0.0,4275,2650.0,0.0,4100.0,2190.0,39325,17000,1165.0,0.0,8672.0,22100,5325.0,0.0,9850.0,0.0
3700,2830.0,9800,1410,0.0,0.0,2125.0,18475.0,25385.0,5700.0,1080.0,14590.0,1505.0,2592,0.0,0.0,0.0,0.0,1600.0,7150.0,6864.0,1585.0,7350,0.0,4800.0,0.0,4055,2555.0,0.0,3795.0,2160.0,41800,17850,1199.0,0.0,8650.0,22200,5230.0,0.0,9600.0,0.0
3700,2880.0,10410,1550,0.0,0.0,2160.0,21075.0,25365.0,5930.0,1160.0,14590.0,1550.0,2620,0.0,0.0,0.0,0.0,1657.0,7300.0,7075.0,1603.0,7450,0.0,4998.0,0.0,3937,2401.0,0.0,3720.0,2200.0,43800,19606,1275.0,0.0,8901.0,23000,5250.0,0.0,10040.0,0.0
3660,2850.0,11500,1460,0.0,0.0,2180.0,20100.0,25851.0,6890.0,1225.0,14990.0,1535.0,2595,0.0,0.0,0.0,0.0,1655.0,7400.0,7084.0,1699.0,8000,0.0,4900.0,0.0,3960,2442.0,0.0,3940.0,2225.0,47000,22300,1318.0,0.0,9160.0,25601,5289.0,0.0,10100.0,0.0
3750,2827.0,12130,1455,0.0,0.0,2200.0,20995.0,26000.0,7300.0,1210.0,15415.0,1589.0,2665,0.0,0.0,0.0,0.0,1705.0,7400.0,7586.0,1665.0,8100,0.0,4690.0,0.0,4290,2535.0,0.0,4232.0,2300.0,48300,22368,1373.0,0.0,9460.0,25500,5400.0,0.0,10349.0,0.0
3745,2830.0,13105,1520,0.0,0.0,2160.0,23000.0,25450.0,7500.0,1217.0,15410.0,1575.0,2671,0.0,0.0,0.0,0.0,1650.0,7400.0,7366.0,1755.0,8400,0.0,4522.0,0.0,4540,2600.0,0.0,4445.0,2310.0,46400,23245,1403.0,0.0,9410.0,28299,5370.0,0.0,10350.0,0.0
3650,2830.0,12400,1500,0.0,0.0,2155.0,21900.0,25350.0,7140.0,1225.0,15095.0,1550.0,2693,0.0,0.0,0.0,0.0,1708.0,7350.0,6732.0,1739.0,8658,0.0,4689.0,0.0,4300,2670.0,0.0,4139.0,2240.0,40300,23091,1403.0,0.0,9350.0,28732,5380.0,0.0,10460.0,0.0
3325,2800.0,11550,1525,0.0,0.0,2140.0,21099.0,25210.0,6725.0,1243.0,15290.0,1520.0,2756,0.0,0.0,0.0,0.0,1650.0,7020.0,6926.0,1695.0,8365,0.0,4700.0,0.0,4182,2559.0,0.0,4000.0,2240.0,39500,20220,1237.0,0.0,9368.0,27250,5379.0,0.0,10400.0,0.0
3330,2900.0,11150,1521,0.0,0.0,2100.0,22500.0,25200.0,6600.0,1230.0,15388.0,1520.0,2820,0.0,0.0,0.0,0.0,1632.0,6888.0,6811.0,1710.0,7764,0.0,4700.0,0.0,3968,2640.0,0.0,3751.0,2200.0,39800,19781,1203.0,0.0,8450.0,26575,5225.0,0.0,9190.0,0.0
3608,2875.0,11250,1525,0.0,0.0,2050.0,21995.0,25210.0,6400.0,1200.0,15440.0,1540.0,2944,0.0,0.0,0.0,0.0,1660.0,6775.0,6842.0,1667.0,7615,0.0,4750.0,0.0,3789,2591.0,0.0,3580.0,2250.0,39100,18100,1248.0,0.0,8410.0,25000,5188.0,0.0,9005.0,0.0
3806,2895.0,11675,1447,0.0,0.0,2000.0,22500.0,25210.0,6900.0,1210.0,15440.0,1500.0,2849,0.0,0.0,0.0,0.0,1720.0,6870.0,6531.0,1737.0,7960,0.0,4760.0,0.0,3850,2677.0,0.0,3725.0,2389.0,37000,20000,1295.0,0.0,8904.0,26750,5050.0,0.0,9484.0,0.0
3756,2899.0,11000,1453,0.0,0.0,1825.0,22699.0,25200.0,6800.0,1230.0,15994.0,1550.0,2922,0.0,0.0,0.0,0.0,1745.0,6800.0,7480.0,1615.0,8100,0.0,4840.0,0.0,3700,2630.0,0.0,3683.0,2355.0,40050,18775,1369.0,0.0,9250.0,24250,5394.0,0.0,9000.0,0.0
3553,2890.0,11730,1475,0.0,0.0,1900.0,24700.0,25200.0,6900.0,1175.0,16789.0,1535.0,2918,0.0,0.0,0.0,0.0,1848.0,7215.0,7652.0,1734.0,8270,0.0,4900.0,0.0,3945,2766.0,0.0,3790.0,2400.0,41775,21400,1397.0,0.0,9199.0,27050,5380.0,0.0,9414.0,0.0
3394,2850.0,11800,1520,0.0,0.0,2000.0,24396.0,25200.0,7070.0,1186.0,17089.0,1480.0,2890,0.0,0.0,0.0,0.0,1845.0,7100.0,8008.0,1795.0,8259,0.0,5045.0,0.0,3975,2790.0,0.0,3740.0,2400.0,45500,21401,1360.0,0.0,9200.0,28000,5300.0,0.0,9565.0,0.0
3260,2900.0,12100,1525,0.0,0.0,2050.0,27100.0,25530.0,6974.0,1210.0,16268.0,1525.0,2862,0.0,0.0,0.0,0.0,1772.0,7250.0,8188.0,1828.0,8349,0.0,5107.0,0.0,4170,2904.0,0.0,3820.0,2410.0,48900,23050,1284.0,0.0,9200.0,29963,5460.0,0.0,10299.0,0.0
3183,2950.0,12000,1525,0.0,0.0,2095.0,27220.0,25350.0,6740.0,1220.0,15897.0,1560.0,2764,0.0,0.0,0.0,0.0,1778.0,7265.0,8140.0,1870.0,8199,0.0,4935.0,0.0,4125,2820.0,0.0,3875.0,2500.0,44398,22800,1261.0,0.0,9150.0,30155,5650.0,0.0,10100.0,0.0
3300,2900.0,11700,1575,0.0,0.0,1999.0,27330.0,25050.0,6743.0,1210.0,15690.0,1574.0,2735,0.0,0.0,0.0,0.0,1780.0,7030.0,8430.0,1900.0,7933,0.0,4900.0,0.0,4145,2850.0,0.0,3900.0,2541.0,47950,22850,1277.0,0.0,9050.0,28500,5749.0,0.0,9600.0,0.0
3300,3000.0,12100,1575,0.0,0.0,1899.0,27002.0,25431.0,7155.0,1227.0,15690.0,1550.0,2735,0.0,0.0,0.0,0.0,1780.0,7200.0,8430.0,1902.0,8150,0.0,4900.0,0.0,4200,2870.0,0.0,3960.0,2541.0,47950,23500,1277.0,0.0,9250.0,29325,5700.0,0.0,10000.0,0.0
3459,2925.0,12100,1649,0.0,0.0,1975.0,27002.0,25431.0,7155.0,1227.0,15989.0,1575.0,2861,0.0,0.0,0.0,0.0,1760.0,7200.0,8479.0,1902.0,8150,0.0,5100.0,0.0,4200,2870.0,0.0,3960.0,2541.0,51000,23500,1356.0,0.0,9250.0,29325,5427.0,0.0,10000.0,0.0
3415,2925.0,13000,1615,0.0,0.0,1975.0,27000.0,25397.0,7045.0,1260.0,16589.0,1575.0,2862,0.0,0.0,0.0,0.0,1760.0,7500.0,7649.0,1925.0,8719,0.0,5297.0,0.0,4460,2941.0,0.0,4160.0,2620.0,51000,24951,1437.0,0.0,9800.0,29800,5427.0,0.0,10410.0,0.0
3340,3000.0,13000,1610,0.0,0.0,2000.0,24825.0,25305.0,7000.0,1250.0,16939.0,1536.0,2862,0.0,0.0,0.0,0.0,1740.0,7740.0,7058.0,1880.0,9050,0.0,5200.0,0.0,4388,2999.0,0.0,4200.0,2641.0,52000,23500,1347.0,0.0,9800.0,28490,5565.0,0.0,10556.0,0.0
3250,3000.0,13125,1600,0.0,0.0,2000.0,24050.0,25100.0,6875.0,1260.0,16889.0,1575.0,2834,0.0,0.0,0.0,0.0,1661.0,7679.0,7209.0,1765.0,8380,0.0,5120.0,0.0,4350,2937.0,0.0,4300.0,2640.0,52900,21500,1278.0,0.0,9513.0,27550,5618.0,0.0,9900.0,0.0
3300,3000.0,13300,1610,0.0,0.0,2000.0,25108.0,24900.0,7000.0,1270.0,16889.0,1610.0,2862,0.0,0.0,0.0,0.0,1698.0,7657.0,7480.0,1780.0,8450,0.0,5300.0,0.0,4100,3000.0,0.0,4050.0,2640.0,51000,20800,1301.0,0.0,9480.0,26750,5400.0,0.0,9600.0,0.0
3300,2900.0,12900,1500,0.0,0.0,1980.0,25000.0,25050.0,6833.0,1265.0,16384.0,1619.0,2834,0.0,0.0,0.0,0.0,1685.0,7575.0,7480.0,1800.0,8450,0.0,5301.0,0.0,4106,3092.0,0.0,4050.0,2590.0,50285,20790,1326.0,0.0,9550.0,27649,5550.0,0.0,10100.0,0.0
3300,2950.0,12178,1500,0.0,0.0,1960.0,24825.0,24507.0,6699.0,1262.0,16384.0,1630.0,2834,0.0,0.0,0.0,0.0,1685.0,7335.0,7480.0,1745.0,8211,0.0,5301.0,0.0,4122,3099.0,0.0,4000.0,2595.0,50285,20478,1326.0,0.0,9608.0,27040,5565.0,0.0,10415.0,0.0
3300,2950.0,12178,1500,0.0,0.0,1960.0,24825.0,24507.0,6699.0,1262.0,16384.0,1630.0,2834,0.0,0.0,0.0,0.0,1685.0,7335.0,7480.0,1745.0,8211,0.0,5301.0,0.0,4122,3099.0,0.0,4000.0,2595.0,50285,20478,1326.0,0.0,9608.0,27040,5604.0,0.0,10415.0,0.0
3440,2950.0,12178,1515,0.0,0.0,1960.0,24825.0,24507.0,6699.0,1262.0,15940.0,1630.0,2882,0.0,0.0,0.0,0.0,1690.0,7335.0,7955.0,1745.0,8211,0.0,5300.0,0.0,4122,3099.0,0.0,4000.0,2595.0,52800,20478,1352.0,0.0,9608.0,27040,5604.0,0.0,10415.0,0.0
3355,2950.0,13020,1510,0.0,0.0,1960.0,25700.0,24353.0,6806.0,1250.0,16389.0,1630.0,2932,0.0,0.0,0.0,0.0,1729.0,7273.0,7938.0,1826.0,8300,0.0,5300.0,0.0,4100,2910.0,0.0,3907.0,2600.0,53020,20837,1353.0,0.0,9381.0,27350,5604.0,0.0,10681.0,0.0
3360,2900.0,13200,1500,0.0,0.0,2054.0,24800.0,24225.0,7050.0,1251.0,16614.0,1745.0,2944,0.0,0.0,0.0,0.0,1700.0,7700.0,8087.0,1795.0,8300,0.0,5300.0,0.0,4179,2977.0,0.0,4000.0,2590.0,51760,20719,1369.0,0.0,9613.0,27775,5695.0,0.0,10940.0,0.0
3360,2900.0,13500,1500,0.0,0.0,2035.0,25200.0,24526.0,7190.0,1271.0,16614.0,1699.0,2944,0.0,0.0,0.0,0.0,1700.0,7644.0,8087.0,1795.0,8300,0.0,5300.0,0.0,4199,3000.0,0.0,4007.0,2582.0,51760,21099,1369.0,0.0,9550.0,28002,5699.0,0.0,10850.0,0.0
3390,2900.0,13500,1520,0.0,0.0,2060.0,25200.0,24526.0,7190.0,1271.0,16357.0,1700.0,2890,0.0,0.0,0.0,0.0,1690.0,7644.0,7965.0,1795.0,8300,0.0,5250.0,0.0,4199,3000.0,0.0,4007.0,2582.0,54700,21099,1341.0,0.0,9550.0,28002,5700.0,0.0,10850.0,0.0
3546,2900.0,14127,1570,0.0,0.0,2060.0,25775.0,24825.0,7350.0,1305.0,16839.0,1700.0,2890,0.0,0.0,0.0,0.0,1697.0,7326.0,7524.0,1701.0,8150,0.0,5400.0,0.0,4077,2900.0,0.0,3921.0,2600.0,56000,22389,1347.0,0.0,9460.0,29210,5700.0,0.0,10590.0,0.0
3674,2900.0,15000,1550,0.0,0.0,2129.0,24400.0,24980.0,7650.0,1320.0,16829.0,1650.0,3016,0.0,0.0,0.0,0.0,1749.0,7524.0,7792.0,1828.0,8490,0.0,5440.0,0.0,4294,2940.0,0.0,4100.0,2580.0,58000,22800,1414.0,0.0,9850.0,31500,5720.0,0.0,11300.0,0.0
3679,2905.0,14900,1560,0.0,0.0,2399.0,24845.0,24519.0,7679.0,1345.0,16039.0,1700.0,2922,0.0,0.0,0.0,0.0,1700.0,7650.0,8100.0,1832.0,8521,0.0,5657.0,0.0,4400,2940.0,0.0,4300.0,2600.0,59500,24600,1347.0,0.0,10000.0,32500,5800.0,0.0,11700.0,0.0
3600,2950.0,15100,1530,0.0,0.0,2570.0,25451.0,24800.0,7425.0,1330.0,15165.0,1745.0,2901,0.0,0.0,0.0,0.0,1700.0,7600.0,8006.0,1855.0,8500,0.0,5600.0,0.0,4378,3095.0,0.0,4251.0,2590.0,56900,24345,1309.0,0.0,9699.0,31250,5900.0,0.0,11200.0,0.0
3690,3000.0,14290,1510,0.0,0.0,2903.0,25870.0,26205.0,7500.0,1308.0,15640.0,1689.0,2946,0.0,0.0,0.0,0.0,1720.0,7400.0,7810.0,1820.0,8175,0.0,5510.0,0.0,4260,2980.0,0.0,4160.0,2570.0,57075,23757,1335.0,0.0,9488.0,30599,5800.0,0.0,10725.0,0.0
3706,3100.0,14931,1496,0.0,0.0,2731.0,25150.0,27050.0,7350.0,1300.0,15989.0,1610.0,2935,0.0,0.0,0.0,0.0,1735.0,7401.0,7477.0,1767.0,8607,0.0,5522.0,0.0,4400,3100.0,0.0,4250.0,2600.0,58000,22228,1360.0,0.0,9800.0,31210,5700.0,0.0,10490.0,0.0
3800,3100.0,14650,1480,0.0,0.0,2800.0,24800.0,27215.0,7250.0,1325.0,16259.0,1675.0,2946,0.0,0.0,0.0,0.0,1712.0,7430.0,7524.0,1746.0,8639,0.0,5500.0,0.0,4425,3075.0,0.0,4300.0,2570.0,52750,21910,1346.0,0.0,9952.0,31500,5800.0,0.0,10400.0,0.0
3902,3095.0,12900,1451,0.0,0.0,2725.0,24705.0,26029.0,7095.0,1315.0,15740.0,1698.0,2903,0.0,0.0,0.0,0.0,1667.0,7275.0,7498.0,1715.0,8401,0.0,5400.0,0.0,4330,2950.0,0.0,4151.0,2540.0,49180,20966,1335.0,0.0,9900.0,30250,5800.0,0.0,10060.0,0.0
4000,3000.0,12200,1440,0.0,0.0,2550.0,24341.0,25638.0,6730.0,1320.0,15296.0,1650.0,2862,0.0,0.0,0.0,0.0,1649.0,7352.0,6809.0,1635.0,8325,0.0,5420.0,0.0,4100,2945.0,0.0,4050.0,2540.0,48499,19444,1240.0,0.0,9900.0,29470,5700.0,0.0,9606.0,0.0
3895,3000.0,12500,1450,0.0,0.0,1870.0,23750.0,25509.0,6900.0,1260.0,15372.0,1676.0,2806,0.0,0.0,0.0,0.0,1654.0,7400.0,7216.0,1604.0,8148,0.0,5430.0,0.0,4095,2788.0,0.0,3900.0,2501.0,51300,18854,1284.0,0.0,9700.0,28400,5665.0,0.0,9950.0,0.0
3810,2910.0,13564,1450,0.0,0.0,1890.0,25698.0,26409.0,7100.0,1235.0,15590.0,1650.0,2722,0.0,0.0,0.0,0.0,1660.0,7351.0,7094.0,1610.0,8100,0.0,5469.0,0.0,4001,2838.0,0.0,3876.0,2560.0,48601,20300,1204.0,0.0,9705.0,29000,5690.0,0.0,10194.0,0.0
3801,2910.0,13005,1420,0.0,0.0,1970.0,25700.0,26155.0,6950.0,1250.0,15090.0,1635.0,2768,0.0,0.0,0.0,0.0,1615.0,7430.0,7339.0,1505.0,7730,0.0,5501.0,0.0,3900,2779.0,0.0,3696.0,2550.0,46200,19899,1203.0,0.0,9495.0,27699,5550.0,0.0,9890.0,0.0
3816,3000.0,13300,1403,0.0,0.0,1960.0,26179.0,26201.0,6550.0,1279.0,15640.0,1635.0,2890,0.0,0.0,0.0,0.0,1600.0,7100.0,7607.0,1522.0,7700,0.0,5500.0,0.0,3550,2719.0,0.0,3385.0,2520.0,43000,19000,1220.0,0.0,9460.0,26550,5560.0,0.0,9900.0,0.0
3870,3000.0,12899,1400,0.0,0.0,1920.0,26000.0,25500.0,6200.0,1295.0,14710.0,1635.0,2730,0.0,0.0,0.0,0.0,1639.0,7040.0,7823.0,1568.0,7680,0.0,5535.0,0.0,3660,2700.0,0.0,3519.0,2579.0,42800,18200,1160.0,0.0,9550.0,26130,5560.0,0.0,9775.0,0.0
3837,2990.0,12199,1380,0.0,0.0,1820.0,26400.0,25139.0,6350.0,1270.0,14680.0,1615.0,2651,0.0,0.0,0.0,0.0,1561.0,7179.0,8056.0,1590.0,7340,0.0,5505.0,0.0,3672,2707.0,0.0,3450.0,2500.0,41300,18000,1106.0,0.0,9450.0,25850,5686.0,0.0,9825.0,0.0
3775,2990.0,11850,1378,0.0,0.0,1775.0,27100.0,25665.0,6200.0,1254.0,15040.0,1606.0,2679,0.0,0.0,0.0,0.0,1575.0,7150.0,9064.0,1500.0,7200,0.0,5503.0,0.0,3433,2714.0,0.0,3280.0,2500.0,43499,17661,1131.0,0.0,9145.0,25920,5650.0,0.0,9300.0,0.0
3980,2851.0,12225,1410,0.0,0.0,1760.0,29085.0,26004.0,6475.0,1299.0,15785.0,1640.0,2811,0.0,0.0,0.0,0.0,1660.0,6999.0,8932.0,1513.0,7100,0.0,5509.0,0.0,3616,2730.0,0.0,3480.0,2515.0,44400,18572,1207.0,0.0,9200.0,26790,5699.0,0.0,9550.0,0.0
4250,2920.0,12490,1412,0.0,0.0,1781.0,28500.0,26449.0,6950.0,1310.0,16489.0,1640.0,2749,0.0,0.0,0.0,0.0,1710.0,7100.0,8426.0,1525.0,7525,0.0,5350.0,0.0,3799,2744.0,0.0,3590.0,2530.0,45100,19000,1309.0,0.0,9825.0,27800,5487.0,0.0,10005.0,0.0
4077,2920.0,12550,1421,0.0,0.0,1820.0,26990.0,27005.0,7450.0,1330.0,15839.0,1635.0,2786,0.0,0.0,0.0,0.0,1641.0,7175.0,9238.0,1494.0,7700,0.0,5174.0,0.0,3851,2800.0,0.0,3699.0,2575.0,42005,19950,1280.0,0.0,10100.0,27560,5450.0,0.0,10100.0,0.0
4235,3000.0,11970,1451,0.0,0.0,1875.0,27850.0,26830.0,7100.0,1340.0,15695.0,1630.0,2805,0.0,0.0,0.0,0.0,1620.0,6975.0,9538.0,1520.0,7150,0.0,5450.0,0.0,3720,2711.0,0.0,3490.0,2505.0,42500,18950,1267.0,0.0,9625.0,27201,5480.0,0.0,9900.0,0.0
4240,3000.0,11892,1420,0.0,0.0,1850.0,28625.0,27627.0,6844.0,1345.0,15140.0,1625.0,2778,0.0,0.0,0.0,0.0,1575.0,7100.0,9592.0,1500.0,7090,0.0,5216.0,0.0,3760,2800.0,0.0,3550.0,2547.0,39600,18597,1182.0,0.0,9100.0,27600,5434.0,0.0,9800.0,0.0
4166,3000.0,11300,1416,0.0,0.0,1750.0,28400.0,27500.0,6570.0,1291.0,15540.0,1650.0,2727,0.0,0.0,0.0,0.0,1630.0,6810.0,9650.0,1449.0,6750,0.0,5429.0,0.0,3650,2623.0,0.0,3490.0,2492.0,39600,17736,1211.0,0.0,8850.0,26500,5500.0,0.0,9600.0,0.0
4185,3000.0,10900,1420,0.0,0.0,1680.0,27600.0,27521.0,6500.0,1330.0,15939.0,1610.0,2778,0.0,0.0,0.0,0.0,1653.0,7199.0,9240.0,1434.0,7000,0.0,5450.0,0.0,3724,2638.0,0.0,3477.0,2480.0,40000,17977,1247.0,0.0,9175.0,26050,5500.0,0.0,9880.0,0.0
4235,3050.0,11000,1420,0.0,0.0,1735.0,26945.0,27177.0,6650.0,1310.0,15245.0,1580.0,2750,0.0,0.0,0.0,0.0,1635.0,7300.0,9161.0,1485.0,7231,0.0,5400.0,0.0,3800,2612.0,0.0,3540.0,2575.0,40299,19801,1210.0,0.0,9206.0,26720,5470.0,0.0,9620.0,0.0
4240,3000.0,11600,1458,0.0,0.0,1790.0,25406.0,26757.0,6745.0,1325.0,16214.0,1575.0,2800,0.0,0.0,0.0,0.0,1670.0,7085.0,9494.0,1494.0,7172,0.0,5488.0,0.0,3675,2544.0,0.0,3400.0,2550.0,44000,19641,1284.0,0.0,9207.0,26000,5461.0,0.0,9405.0,0.0
4259,3000.0,12350,1450,0.0,0.0,1900.0,26150.0,26399.0,7050.0,1355.0,16189.0,1590.0,2789,0.0,0.0,0.0,0.0,1690.0,7600.0,9082.0,1580.0,7629,0.0,5500.0,0.0,3838,2501.0,0.0,3620.0,2600.0,45900,21216,1309.0,0.0,9450.0,28149,5500.0,0.0,10000.0,0.0
4204,3100.0,13245,1450,0.0,0.0,1960.0,27174.0,27000.0,7250.0,1370.0,16389.0,1600.0,2803,0.0,0.0,0.0,0.0,1650.0,7445.0,9275.0,1575.0,7700,0.0,5480.0,0.0,3950,2497.0,0.0,3738.0,2625.0,46500,21466,1292.0,0.0,9337.0,29700,5460.0,0.0,9989.0,0.0
4050,3200.0,13200,1435,0.0,0.0,2100.0,27406.0,26585.0,7300.0,1380.0,16239.0,1600.0,2779,0.0,0.0,0.0,0.0,1640.0,7499.0,9684.0,1564.0,7684,0.0,5375.0,0.0,3998,2500.0,0.0,3740.0,2584.0,44600,20960,1262.0,0.0,9325.0,28700,5420.0,0.0,9730.0,0.0
4250,3200.0,13025,1435,0.0,0.0,2200.0,28900.0,26215.0,6900.0,1340.0,16289.0,1580.0,2775,0.0,0.0,0.0,0.0,1655.0,7530.0,9988.0,1577.0,7430,0.0,5379.0,0.0,3890,2375.0,0.0,3600.0,2600.0,44600,19609,1231.0,0.0,9000.0,27600,5447.0,0.0,9805.0,0.0
4350,3150.0,13185,1433,0.0,0.0,2161.0,29800.0,26386.0,7340.0,1326.0,16019.0,1574.0,2666,0.0,0.0,0.0,0.0,1636.0,7500.0,9857.0,1534.0,7050,0.0,5175.0,0.0,3760,2357.0,0.0,3479.0,2575.0,40305,18450,1216.0,0.0,8999.0,27420,5500.0,0.0,9580.0,0.0
4305,3150.0,12850,1428,0.0,0.0,2300.0,29800.0,26400.0,7050.0,1325.0,15989.0,1535.0,2643,0.0,0.0,0.0,0.0,1581.0,7587.0,9855.0,1521.0,7080,0.0,5100.0,0.0,3700,2335.0,0.0,3470.0,2580.0,40700,18500,1183.0,0.0,8800.0,27200,5520.0,0.0,9450.0,0.0
4470,3149.0,13300,1419,0.0,0.0,2200.0,29399.0,26059.0,6895.0,1285.0,15839.0,1520.0,2567,0.0,0.0,0.0,0.0,1586.0,7500.0,10388.0,1477.0,6950,0.0,4990.0,0.0,3600,2125.0,0.0,3350.0,2550.0,42400,18370,1122.0,0.0,8500.0,27399,5480.0,0.0,9300.0,0.0
4228,3100.0,13450,1430,0.0,0.0,2248.0,31990.0,26127.0,6700.0,1260.0,16380.0,1510.0,2525,0.0,0.0,0.0,0.0,1585.0,7330.0,10354.0,1458.0,6775,0.0,5070.0,0.0,3220,2044.0,0.0,3065.0,2399.0,45000,17912,1105.0,0.0,8110.0,26500,5356.0,0.0,9155.0,0.0
4215,3000.0,13749,1400,0.0,0.0,2220.0,31499.0,25625.0,6700.0,1270.0,16539.0,1500.0,2497,0.0,0.0,0.0,0.0,1585.0,7300.0,10199.0,1451.0,6875,0.0,5222.0,0.0,3368,2020.0,0.0,3200.0,2339.0,46300,17549,1071.0,0.0,8240.0,26100,5280.0,0.0,9099.0,0.0
4160,2950.0,14250,1335,0.0,0.0,2350.0,31545.0,25787.0,7055.0,1280.0,15989.0,1500.0,2431,0.0,0.0,0.0,0.0,1550.0,7260.0,10151.0,1457.0,6650,0.0,5099.0,0.0,3438,2035.0,0.0,3235.0,2450.0,46000,18249,1004.0,0.0,8202.0,26500,5370.0,0.0,8760.0,0.0
4175,3000.0,14500,1359,0.0,0.0,2420.0,32499.0,25200.0,6725.0,1198.0,15691.0,1480.0,2452,0.0,0.0,0.0,0.0,1574.0,6945.0,9852.0,1438.0,6300,0.0,5051.0,0.0,3099,2010.0,0.0,2949.0,2400.0,42750,15350,1029.0,0.0,7725.0,26396,5450.0,0.0,8390.0,0.0
4161,3000.0,13550,1353,0.0,0.0,2360.0,32600.0,25300.0,6750.0,1230.0,15740.0,1418.0,2357,0.0,0.0,0.0,0.0,1562.0,6950.0,9553.0,1405.0,6461,0.0,5017.0,0.0,3215,2020.0,0.0,2978.0,2499.0,41000,15200,1035.0,0.0,7900.0,26100,5250.0,0.0,8875.0,0.0
4150,2950.0,12500,1380,0.0,0.0,2325.0,30790.0,24440.0,6625.0,1182.0,15869.0,1470.0,2476,0.0,0.0,0.0,0.0,1565.0,6874.0,9405.0,1371.0,6270,0.0,4980.0,0.0,3030,1875.0,0.0,2750.0,2490.0,40000,14850,1037.0,0.0,7585.0,25300,5130.0,0.0,9100.0,0.0
4096,3050.0,12995,1390,0.0,0.0,2255.0,29999.0,24390.0,6699.0,1220.0,16011.0,1465.0,2525,0.0,0.0,0.0,0.0,1605.0,6900.0,8884.0,1353.0,6450,0.0,5090.0,0.0,3000,1880.0,0.0,2755.0,2500.0,40001,14212,1084.0,0.0,7600.0,25995,5124.0,0.0,9100.0,0.0
4150,3050.0,12980,1345,0.0,0.0,2280.0,28849.0,24607.0,6950.0,1240.0,15390.0,1465.0,2329,0.0,0.0,0.0,0.0,1528.0,7040.0,9196.0,1360.0,6717,0.0,4988.0,0.0,3169,1935.0,0.0,2955.0,2500.0,38587,14241,1024.0,0.0,8240.0,26575,5206.0,0.0,9150.0,0.0
4390,3100.0,11859,1325,0.0,0.0,2280.0,29750.0,25525.0,6750.0,1190.0,15249.0,1500.0,2216,0.0,0.0,0.0,0.0,1552.0,6630.0,9151.0,1340.0,6500,0.0,4872.0,0.0,3020,1884.0,0.0,2900.0,2415.0,39694,14128,978.0,0.0,7525.0,25200,5340.0,0.0,8600.0,0.0
4300,3001.0,13000,1313,0.0,0.0,2183.0,30855.0,25683.0,6707.0,1200.0,15180.0,1475.0,2229,0.0,0.0,0.0,0.0,1501.0,6625.0,8316.0,1323.0,6200,0.0,4855.0,0.0,2876,1900.0,0.0,2649.0,2495.0,40875,13821,949.0,0.0,7200.0,25105,5329.0,0.0,8800.0,0.0
4101,2900.0,12980,1320,0.0,0.0,2269.0,30000.0,24650.0,6796.0,1170.0,14890.0,1450.0,2244,0.0,0.0,0.0,0.0,1472.0,6661.0,9117.0,1291.0,6050,0.0,4780.0,0.0,2870,1853.0,0.0,2664.0,2440.0,40500,13900,986.0,0.0,7000.0,25000,5205.0,0.0,8699.0,0.0
4100,2900.0,13300,1325,0.0,0.0,2240.0,30700.0,23800.0,6710.0,1177.0,14640.0,1410.0,2231,0.0,0.0,0.0,0.0,1460.0,6670.0,9126.0,1325.0,6015,0.0,4650.0,0.0,2880,1900.0,0.0,2720.0,2440.0,42000,14823,969.0,0.0,7290.0,25900,5160.0,0.0,8700.0,0.0
4360,2900.0,12854,1330,0.0,0.0,2250.0,30000.0,24921.0,6600.0,1120.0,14380.0,1400.0,2216,0.0,0.0,0.0,0.0,1394.0,6480.0,10033.0,1324.0,6239,0.0,4560.0,0.0,2810,1920.0,0.0,2589.0,2420.0,41800,14750,999.0,0.0,7103.0,26400,5000.0,0.0,8501.0,0.0
4675,2900.0,12950,1289,0.0,0.0,2250.0,31350.0,24988.0,6485.0,1098.0,13828.0,1352.0,2174,0.0,0.0,0.0,0.0,1449.0,6376.0,10120.0,1305.0,6285,0.0,4436.0,0.0,2781,1915.0,0.0,2656.0,2330.0,42200,15310,965.0,0.0,7000.0,26250,4920.0,0.0,8450.0,0.0
4690,2850.0,12500,1306,0.0,0.0,2200.0,31685.0,23711.0,6450.0,1005.0,13991.0,1325.0,2215,0.0,0.0,0.0,0.0,1478.0,6392.0,9794.0,1320.0,6285,0.0,4450.0,0.0,2720,1838.0,0.0,2600.0,2205.0,41550,14399,966.0,0.0,6560.0,24647,4915.0,0.0,8440.0,0.0
4800,2850.0,12875,1327,0.0,0.0,2220.0,31240.0,24582.0,6250.0,1040.0,14490.0,1280.0,2271,0.0,0.0,0.0,0.0,1490.0,6410.0,9869.0,1385.0,6975,0.0,4470.0,0.0,3055,2095.0,0.0,2940.0,2210.0,43000,15285,1009.0,0.0,6990.0,25001,4840.0,0.0,8415.0,0.0
4650,2700.0,13300,1313,0.0,0.0,2250.0,32300.0,23772.0,6300.0,1025.0,14905.0,1302.0,2304,0.0,0.0,0.0,0.0,1481.0,6400.0,10868.0,1422.0,7560,0.0,4670.0,0.0,3250,2200.0,0.0,3050.0,2260.0,43200,15700,1046.0,0.0,7550.0,25000,4900.0,0.0,9150.0,0.0
4700,2895.0,13900,1313,0.0,0.0,2375.0,33950.0,23500.0,6260.0,1045.0,15190.0,1400.0,2385,0.0,0.0,0.0,0.0,1515.0,6500.0,10833.0,1381.0,7500,0.0,4801.0,0.0,3230,2200.0,0.0,3042.0,2280.0,44589,15180,1020.0,0.0,7634.0,25502,4960.0,0.0,9310.0,0.0
4771,2825.0,14305,1314,0.0,0.0,2370.0,34194.0,23231.0,6400.0,1100.0,15590.0,1401.0,2404,0.0,0.0,0.0,0.0,1547.0,6725.0,10806.0,1408.0,7825,0.0,4916.0,0.0,3364,2325.0,0.0,3100.0,2402.0,46000,16000,995.0,0.0,7830.0,25808,4985.0,0.0,9820.0,0.0
4810,2800.0,13942,1322,0.0,0.0,2410.0,33701.0,23500.0,6550.0,1110.0,15040.0,1461.0,2386,0.0,0.0,0.0,0.0,1539.0,6980.0,10463.0,1410.0,7699,0.0,4830.0,0.0,3400,2376.0,0.0,3138.0,2422.0,45810,15918,959.0,0.0,7693.0,26269,5175.0,0.0,9895.0,0.0
4870,2860.0,14093,1323,0.0,0.0,2420.0,32800.0,23000.0,6400.0,1070.0,15185.0,1445.0,2413,0.0,0.0,0.0,0.0,1470.0,6650.0,9856.0,1434.0,7375,0.0,4831.0,0.0,3182,2260.0,0.0,2930.0,2387.0,45450,15469,981.0,0.0,7530.0,25990,5212.0,0.0,9800.0,0.0
5000,2800.0,14305,1355,0.0,0.0,2401.0,33231.0,22400.0,6399.0,1121.0,15840.0,1415.0,2553,0.0,0.0,0.0,0.0,1526.0,6725.0,10476.0,1459.0,7610,0.0,5000.0,0.0,3193,2235.0,0.0,3056.0,2449.0,48200,15401,1039.0,0.0,7490.0,25375,5167.0,0.0,9611.0,0.0
5300,2800.0,15400,1405,0.0,0.0,2450.0,35976.0,22270.0,6600.0,1170.0,15790.0,1459.0,2581,0.0,0.0,0.0,0.0,1496.0,7110.0,10438.0,1523.0,7950,0.0,5025.0,0.0,3373,2263.0,0.0,3285.0,2400.0,50000,16850,1037.0,0.0,7800.0,27225,5170.0,0.0,10250.0,0.0
5225,2840.0,16291,1415,0.0,0.0,2550.0,35601.0,22150.0,6475.0,1153.0,15889.0,1500.0,2581,0.0,0.0,0.0,0.0,1568.0,7229.0,10314.0,1535.0,7698,0.0,5000.0,0.0,3451,2290.0,0.0,3498.0,2489.0,52600,17800,1078.0,0.0,7699.0,27253,5350.0,0.0,10398.0,0.0
4829,2760.0,17400,1423,0.0,0.0,2560.0,35500.0,21514.0,6770.0,1160.0,16789.0,1480.0,2544,0.0,0.0,0.0,0.0,1560.0,7175.0,9720.0,1495.0,8220,0.0,5051.0,0.0,3720,2270.0,0.0,3749.0,2471.0,52000,18725,1114.0,0.0,8195.0,29199,5550.0,0.0,10600.0,0.0
4794,2850.0,16864,1430,0.0,0.0,2850.0,34299.0,22100.0,6800.0,1170.0,15795.0,1480.0,2518,0.0,0.0,0.0,0.0,1650.0,7100.0,9812.0,1515.0,8328,0.0,5051.0,0.0,3855,2340.0,0.0,3850.0,2415.0,50500,17349,1159.0,0.0,8400.0,29375,5230.0,0.0,10740.0,0.0
4700,2900.0,17700,1435,0.0,0.0,2800.0,35900.0,21751.0,7001.0,1220.0,15889.0,1525.0,2553,0.0,0.0,0.0,0.0,1690.0,7099.0,9825.0,1553.0,8658,0.0,5061.0,0.0,3875,2265.0,0.0,3940.0,2420.0,51598,17078,1080.0,0.0,8881.0,29800,5300.0,0.0,11050.0,0.0
4445,2999.0,16700,1420,0.0,0.0,2700.0,35700.0,21152.0,7000.0,1199.0,15490.0,1500.0,2483,0.0,0.0,0.0,0.0,1665.0,7295.0,9522.0,1503.0,8110,0.0,5174.0,0.0,3930,2290.0,0.0,3920.0,2420.0,49800,16941,1063.0,0.0,8600.0,29350,5360.0,0.0,11100.0,0.0
4349,3199.0,15300,1370,0.0,0.0,2750.0,35700.0,21120.0,6941.0,1180.0,15640.0,1500.0,2369,0.0,0.0,0.0,0.0,1652.0,6958.0,9724.0,1472.0,7800,0.0,5050.0,0.0,3780,2245.0,0.0,3800.0,2401.0,46500,16475,1012.0,0.0,8470.0,28650,5300.0,0.0,10575.0,0.0
4560,3170.0,14999,1357,0.0,0.0,2655.0,35820.0,21630.0,6630.0,1146.0,15989.0,1475.0,2468,0.0,0.0,0.0,0.0,1684.0,6719.0,9196.0,1440.0,7671,0.0,5059.0,0.0,3640,2124.0,0.0,3641.0,2430.0,47600,15140,1025.0,0.0,8200.0,26650,5121.0,0.0,10320.0,0.0
4898,3190.0,15825,1356,0.0,0.0,2595.0,34500.0,21915.0,6924.0,1140.0,15989.0,1464.0,2508,0.0,0.0,0.0,0.0,1714.0,6750.0,9847.0,1472.0,7950,0.0,5121.0,0.0,3886,2200.0,0.0,3903.0,2506.0,49800,15971,1088.0,0.0,8500.0,27500,5100.0,0.0,10500.0,0.0
5200,3245.0,17000,1372,0.0,0.0,2570.0,35000.0,21490.0,7420.0,1200.0,16489.0,1500.0,2581,0.0,0.0,0.0,0.0,1772.0,6899.0,9192.0,1510.0,7890,0.0,5258.0,0.0,3975,2149.0,0.0,3900.0,2475.0,50803,16215,1131.0,0.0,8450.0,27466,5190.0,0.0,10920.0,0.0
5200,3200.0,16300,1360,0.0,0.0,2600.0,32229.0,21988.0,7308.0,1220.0,17289.0,1500.0,2578,0.0,0.0,0.0,0.0,1743.0,7075.0,8668.0,1610.0,8150,0.0,5150.0,0.0,4383,2237.0,0.0,4371.0,2599.0,52000,17723,1173.0,0.0,8825.0,28700,5125.0,0.0,11160.0,0.0
5190,3440.0,16850,1350,0.0,0.0,2560.0,29300.0,21000.0,7300.0,1217.0,16989.0,1520.0,2550,0.0,0.0,0.0,0.0,1765.0,7215.0,8339.0,1608.0,8180,0.0,5055.0,0.0,4425,2300.0,0.0,4300.0,2600.0,48000,18647,1140.0,0.0,8500.0,28020,5277.0,0.0,10700.0,0.0
4963,3475.0,16500,1355,0.0,0.0,2600.0,27400.0,20744.0,7050.0,1226.0,17089.0,1470.0,2523,0.0,0.0,0.0,0.0,1699.0,7280.0,8818.0,1588.0,8199,0.0,5000.0,0.0,4345,2300.0,0.0,4200.0,2572.0,48001,17910,1138.0,0.0,8400.0,26900,5180.0,0.0,10693.0,0.0
4950,3560.0,16310,1337,0.0,0.0,2550.0,29275.0,21501.0,7040.0,1190.0,16539.0,1490.0,2581,0.0,0.0,0.0,0.0,1665.0,7349.0,8860.0,1536.0,8000,0.0,5232.0,0.0,4076,2250.0,0.0,3993.0,2475.0,49990,17475,1107.0,0.0,8325.0,26130,5180.0,0.0,10401.0,0.0
5080,3666.0,16900,1379,0.0,0.0,2590.0,30194.0,21550.0,6900.0,1150.0,17438.0,1485.0,2552,0.0,0.0,0.0,0.0,1668.0,7200.0,8677.0,1554.0,7900,0.0,5250.0,0.0,3990,2126.0,0.0,3884.0,2560.0,50900,17390,1148.0,0.0,8201.0,26396,5100.0,0.0,10500.0,0.0
5080,3600.0,17440,1379,0.0,0.0,2750.0,28790.0,20890.0,7119.0,1200.0,17438.0,1495.0,2552,0.0,0.0,0.0,0.0,1668.0,7585.0,8677.0,1624.0,8400,0.0,5250.0,0.0,4100,2171.0,0.0,4015.0,2660.0,50900,18500,1148.0,0.0,8690.0,27400,5185.0,0.0,10673.0,0.0
5080,3725.0,17440,1379,0.0,0.0,2900.0,28790.0,20890.0,7119.0,1200.0,17438.0,1510.0,2552,0.0,0.0,0.0,0.0,1668.0,7585.0,8677.0,1624.0,8400,0.0,5250.0,0.0,4100,2171.0,0.0,4015.0,2660.0,50900,18500,1148.0,0.0,8690.0,27400,5300.0,0.0,10673.0,0.0
4860,3725.0,17440,1425,0.0,0.0,2900.0,28790.0,20890.0,7119.0,1200.0,17688.0,1510.0,2646,0.0,0.0,0.0,0.0,1708.0,7585.0,8592.0,1624.0,8400,0.0,5350.0,0.0,4100,2171.0,0.0,4015.0,2660.0,50500,18500,1190.0,0.0,8690.0,27400,5300.0,0.0,10673.0,0.0
4870,3725.0,17200,1418,0.0,0.0,2900.0,28904.0,20117.0,6800.0,1212.0,17329.0,1510.0,2595,0.0,0.0,0.0,0.0,1718.0,7385.0,8668.0,1708.0,8616,0.0,5400.0,0.0,4302,2230.0,0.0,4238.0,2735.0,50900,19459,1166.0,0.0,8900.0,27100,5300.0,0.0,10995.0,0.0
5000,3690.0,18000,1418,0.0,0.0,2950.0,28610.0,21388.0,6750.0,1180.0,17453.0,1535.0,2553,0.0,0.0,0.0,0.0,1700.0,7475.0,8369.0,1683.0,8675,0.0,5348.0,0.0,4295,2188.0,0.0,4150.0,2565.0,48000,19124,1122.0,0.0,8990.0,26900,5400.0,0.0,10775.0,0.0
4535,3650.0,17272,1400,0.0,0.0,2870.0,27899.0,20980.0,6801.0,1228.0,17578.0,1569.0,2525,0.0,0.0,0.0,0.0,1619.0,7548.0,8133.0,1632.0,8622,0.0,5310.0,0.0,4200,2125.0,0.0,4141.0,2550.0,48700,18870,1126.0,0.0,9000.0,26800,5300.0,0.0,10590.0,0.0
4202,3750.0,16400,1406,0.0,0.0,2840.0,27170.0,20941.0,6900.0,1250.0,16889.0,1540.0,2497,0.0,0.0,0.0,0.0,1535.0,7500.0,8633.0,1691.0,8635,0.0,5300.0,0.0,4221,2107.0,0.0,4235.0,2600.0,44000,18265,1063.0,0.0,9000.0,26800,5450.0,0.0,10640.0,0.0
4255,3800.0,15017,1395,0.0,0.0,2800.0,28000.0,20850.0,6350.0,1200.0,16088.0,1535.0,2413,0.0,0.0,0.0,0.0,1513.0,7200.0,8510.0,1631.0,8180,0.0,5115.0,0.0,3870,2035.0,0.0,3814.0,2599.0,42200,17011,1029.0,0.0,8672.0,25800,5490.0,0.0,10550.0,0.0
4255,3850.0,15200,1395,0.0,0.0,2461.0,27712.0,20650.0,6150.0,1170.0,16088.0,1545.0,2413,0.0,0.0,0.0,0.0,1513.0,7150.0,8510.0,1595.0,7900,0.0,5115.0,0.0,3751,2000.0,0.0,3738.0,2500.0,42200,16824,1029.0,0.0,8250.0,25855,5340.0,0.0,10142.0,0.0
4315,3800.0,15200,1392,0.0,0.0,2502.0,27712.0,20650.0,6150.0,1170.0,16969.0,1525.0,2465,0.0,0.0,0.0,0.0,1550.0,7150.0,8580.0,1595.0,7900,0.0,5156.0,0.0,3751,2000.0,0.0,3738.0,2500.0,41650,16824,1084.0,0.0,8250.0,25855,5346.0,0.0,10142.0,0.0
4300,3800.0,15340,1382,0.0,0.0,2502.0,28370.0,21005.0,6322.0,1210.0,17082.0,1525.0,2452,0.0,0.0,0.0,0.0,1570.0,7220.0,8800.0,1599.0,8100,0.0,5131.0,0.0,3969,2050.0,0.0,3837.0,2475.0,44999,17485,1063.0,0.0,8500.0,26800,5346.0,0.0,10350.0,0.0
4300,3925.0,15921,1382,0.0,0.0,2646.0,28859.0,20719.0,6500.0,1225.0,17082.0,1537.0,2452,0.0,0.0,0.0,0.0,1570.0,7168.0,8800.0,1622.0,8000,0.0,5131.0,0.0,3950,2096.0,0.0,3900.0,2498.0,44999,18300,1063.0,0.0,8542.0,26800,5482.0,0.0,11020.0,0.0
4410,3805.0,15921,1451,0.0,0.0,2775.0,28859.0,20719.0,6500.0,1225.0,17388.0,1540.0,2525,0.0,0.0,0.0,0.0,1583.0,7168.0,8552.0,1622.0,8000,0.0,5001.0,0.0,3950,2096.0,0.0,3900.0,2498.0,43500,18300,1104.0,0.0,8542.0,26800,5500.0,0.0,11020.0,0.0
4440,3805.0,15270,1440,0.0,0.0,2775.0,28380.0,20350.0,6225.0,1200.0,17488.0,1540.0,2505,0.0,0.0,0.0,0.0,1600.0,7195.0,8316.0,1502.0,8020,0.0,5020.0,0.0,3999,2005.0,0.0,3799.0,2539.0,44400,17249,1136.0,0.0,8600.0,25450,5500.0,0.0,11450.0,0.0
4320,3900.0,15160,1411,0.0,0.0,2700.0,27950.0,20385.0,6365.0,1188.0,17370.0,1600.0,2525,0.0,0.0,0.0,0.0,1590.0,7087.0,7775.0,1533.0,8070,0.0,5107.0,0.0,4101,2150.0,0.0,3901.0,2600.0,45800,18050,1109.0,0.0,8849.0,26599,5380.0,0.0,11250.0,0.0
4320,3900.0,16385,1411,0.0,0.0,2709.0,26180.0,20852.0,6268.0,1200.0,17370.0,1575.0,2525,0.0,0.0,0.0,0.0,1590.0,7250.0,7775.0,1539.0,8250,0.0,5107.0,0.0,4050,2255.0,0.0,4136.0,2470.0,45800,18851,1109.0,0.0,8700.0,25800,5400.0,0.0,11100.0,0.0
4400,3900.0,16385,1401,0.0,0.0,2830.0,26180.0,20852.0,6268.0,1200.0,18987.0,1645.0,2525,0.0,0.0,0.0,0.0,1639.0,7250.0,8063.0,1539.0,8250,0.0,5075.0,0.0,4050,2255.0,0.0,4136.0,2470.0,48400,18851,1176.0,0.0,8700.0,25800,5325.0,0.0,11100.0,0.0
4550,3900.0,17190,1402,0.0,0.0,2830.0,26800.0,20645.0,6531.0,1235.0,18488.0,1645.0,2560,0.0,0.0,0.0,0.0,1685.0,7300.0,8316.0,1615.0,8650,0.0,5074.0,0.0,4315,2375.0,0.0,4205.0,2579.0,50000,19250,1173.0,0.0,8990.0,27290,5325.0,0.0,11880.0,0.0
4670,3915.0,16392,1405,0.0,0.0,2920.0,27600.0,19875.0,6750.0,1264.0,18113.0,1680.0,2651,0.0,0.0,0.0,0.0,1750.0,7300.0,8756.0,1625.0,8498,0.0,5055.0,0.0,4250,2402.0,0.0,4200.0,2620.0,50500,19469,1156.0,0.0,8900.0,26649,5400.0,0.0,11730.0,0.0
4810,3999.0,16750,1390,0.0,0.0,2955.0,30000.0,21049.0,7050.0,1250.0,18256.0,1701.0,2581,0.0,0.0,0.0,0.0,1661.0,7390.0,8537.0,1660.0,8340,0.0,5072.0,0.0,4335,2490.0,0.0,4290.0,2614.0,49745,19871,1123.0,0.0,9045.0,27800,5400.0,0.0,11599.0,0.0
4940,3950.0,17200,1394,0.0,0.0,3030.0,29296.0,20932.0,7050.0,1250.0,18788.0,1630.0,2637,0.0,0.0,0.0,0.0,1725.0,7220.0,8791.0,1650.0,8060,0.0,5025.0,0.0,4140,2509.0,0.0,4075.0,2579.0,49950,19562,1126.0,0.0,8550.0,28005,5400.0,0.0,11178.0,0.0
5070,3990.0,17200,1400,0.0,0.0,3201.0,29610.0,21450.0,7490.0,1260.0,18438.0,1679.0,2609,0.0,0.0,0.0,0.0,1726.0,7175.0,9099.0,1700.0,8160,0.0,5052.0,0.0,4375,2553.0,0.0,4284.0,2605.0,49500,20360,1114.0,0.0,8600.0,29499,5150.0,0.0,11140.0,0.0
4800,4095.0,17400,1395,0.0,0.0,3200.0,30540.0,21450.0,7715.0,1250.0,18786.0,1680.0,2623,0.0,0.0,0.0,0.0,1768.0,7255.0,9240.0,1695.0,8260,0.0,5195.0,0.0,4255,2528.0,0.0,4111.0,2660.0,49800,20226,1134.0,0.0,8900.0,30150,5479.0,0.0,10900.0,0.0
4665,4050.0,17091,1389,0.0,0.0,3215.0,31450.0,22000.0,7549.0,1218.0,19020.0,1630.0,2553,0.0,0.0,0.0,0.0,1710.0,7150.0,9478.0,1694.0,8320,0.0,5000.0,0.0,4250,2555.0,0.0,4152.0,2690.0,47700,20139,1105.0,0.0,8750.0,30340,5371.0,0.0,11024.0,0.0
4960,3970.0,16600,1359,0.0,0.0,3120.0,31941.0,22381.0,7280.0,1180.0,19987.0,1640.0,2539,0.0,0.0,0.0,0.0,1683.0,7010.0,9240.0,1606.0,8050,0.0,5109.0,0.0,4000,2230.0,0.0,3962.0,2585.0,48000,19000,1088.0,0.0,8600.0,29200,5417.0,0.0,10750.0,0.0
5151,3900.0,17000,1360,0.0,0.0,3065.0,31221.0,22300.0,7300.0,1189.0,19986.0,1600.0,2644,0.0,0.0,0.0,0.0,1726.0,7050.0,9456.0,1683.0,8130,0.0,5050.0,0.0,4115,2330.0,0.0,4028.0,2640.0,48700,18905,1115.0,0.0,8600.0,28400,5420.0,0.0,11155.0,0.0
5200,3850.0,16530,1358,0.0,0.0,3200.0,32400.0,22599.0,7400.0,1200.0,19887.0,1629.0,2637,0.0,0.0,0.0,0.0,1770.0,7120.0,9020.0,1752.0,8180,0.0,5053.0,0.0,4168,2370.0,0.0,4100.0,2648.0,48200,19127,1150.0,0.0,8565.0,29301,5375.0,0.0,11430.0,0.0
5162,3850.0,16150,1310,0.0,0.0,3210.0,30250.0,22559.0,7551.0,1210.0,19587.0,1625.0,2722,0.0,0.0,0.0,0.0,1785.0,7187.0,9042.0,1799.0,8450,0.0,5120.0,0.0,4302,2455.0,0.0,4249.0,2705.0,49500,19680,1182.0,0.0,8825.0,29950,5450.0,5880.0,11425.0,0.0
5058,3800.0,16650,1350,0.0,0.0,3257.0,30050.0,22071.0,7700.0,1240.0,19762.0,1630.0,2672,0.0,0.0,0.0,0.0,1776.0,7250.0,9559.0,1802.0,8720,0.0,5145.0,0.0,4500,2515.0,0.0,4430.0,2750.0,51200,20800,1207.0,0.0,9370.0,30430,5500.0,5680.0,11900.0,0.0
4950,3800.0,16960,1350,0.0,0.0,3062.0,30960.0,21613.0,7755.0,1250.0,18818.0,1630.0,2653,0.0,0.0,0.0,0.0,1750.0,7276.0,9293.0,1800.0,8799,0.0,5160.0,0.0,4331,2588.0,0.0,4320.0,2700.0,50300,21395,1165.0,0.0,9200.0,30499,5450.0,5680.0,12201.0,0.0
4900,3825.0,16080,1350,0.0,0.0,3200.0,30650.0,22052.0,7451.0,1208.0,19472.0,1690.0,2665,0.0,0.0,0.0,0.0,1780.0,7150.0,9733.0,1711.0,8550,0.0,5437.0,0.0,4200,2550.0,0.0,4160.0,2691.0,51700,20850,1190.0,0.0,9000.0,29450,5516.0,5560.0,11800.0,0.0
4801,3825.0,17318,1350,0.0,0.0,3205.0,31521.0,21900.0,7849.0,1210.0,19637.0,1664.0,2672,0.0,0.0,0.0,0.0,1743.0,7300.0,9733.0,1780.0,8560,0.0,5235.0,0.0,4300,2614.0,0.0,4240.0,2733.0,51910,21300,1149.0,0.0,9132.0,30460,5600.0,5675.0,11900.0,0.0
4845,3825.0,18170,1360,0.0,0.0,3275.0,32417.0,22174.0,7992.0,1230.0,19142.0,1700.0,2606,0.0,0.0,0.0,0.0,1725.0,7205.0,9505.0,1770.0,8400,0.0,5280.0,0.0,4129,2675.0,0.0,4107.0,2725.0,52239,20910,1145.0,0.0,8843.0,29250,5738.0,5700.0,12990.0,0.0
4838,3850.0,18002,1377,0.0,0.0,3300.0,31501.0,22632.0,8003.0,1220.0,19787.0,1700.0,2615,0.0,0.0,0.0,0.0,1753.0,7102.0,9346.0,1754.0,8450,0.0,5460.0,0.0,4170,2685.0,0.0,4180.0,2740.0,55000,21420,1173.0,0.0,9099.0,28900,5575.0,5549.0,12485.0,0.0
4960,3835.0,18800,1360,0.0,0.0,3255.0,31290.0,22300.0,8200.0,1235.0,19587.0,1700.0,2581,0.0,0.0,0.0,0.0,1750.0,7160.0,9363.0,1758.0,8525,0.0,5563.0,0.0,4435,2685.0,0.0,4415.0,2834.0,53800,21950,1170.0,0.0,9120.0,29200,5600.0,5306.0,11950.0,0.0
4800,3875.0,18350,1350,0.0,0.0,3250.0,32500.0,22050.0,8020.0,1237.0,19048.0,1700.0,2615,0.0,0.0,0.0,0.0,1715.0,7160.0,9681.0,1708.0,8321,0.0,5550.0,0.0,4380,2698.0,0.0,4327.0,2840.0,55484,21600,1160.0,0.0,9055.0,28714,5700.0,5225.0,11950.0,0.0
4999,3955.0,19300,1339,0.0,0.0,3300.0,34600.0,22000.0,8010.0,1250.0,19697.0,1740.0,2682,0.0,0.0,0.0,0.0,1725.0,7278.0,9416.0,1752.0,8250,0.0,5619.0,0.0,4384,2880.0,0.0,4475.0,2801.0,58750,22919,1177.0,0.0,8927.0,30100,5700.0,5200.0,11535.0,0.0
4940,4100.0,20000,1350,0.0,0.0,3420.0,33405.0,22248.0,8550.0,1289.0,19397.0,1750.0,2688,0.0,0.0,0.0,0.0,1709.0,7330.0,9557.0,1737.0,8536,0.0,5560.0,0.0,4558,3060.0,0.0,4551.0,2800.0,58904,24950,1144.0,0.0,9300.0,30700,5700.0,5365.0,12000.0,0.0
4951,4300.0,19899,1344,0.0,0.0,3600.0,33800.0,22293.0,8300.0,1270.0,18987.0,1772.0,2679,0.0,0.0,0.0,0.0,1682.0,7292.0,9152.0,1841.0,8600,0.0,5590.0,0.0,4650,3070.0,0.0,4600.0,2785.0,59501,24900,1142.0,0.0,9000.0,30235,5705.0,5405.0,12351.0,0.0
4950,4400.0,18701,1341,0.0,0.0,3600.0,33298.0,22223.0,8100.0,1259.0,20237.0,1750.0,2749,0.0,0.0,0.0,0.0,1699.0,7225.0,9143.0,1801.0,8510,0.0,5750.0,0.0,4650,3021.0,0.0,4660.0,2735.0,61150,23430,1151.0,0.0,9000.0,30100,5770.0,5380.0,12100.0,0.0
5000,4250.0,18600,1350,0.0,0.0,3415.0,33099.0,22115.0,8000.0,1267.0,20786.0,1716.0,2721,0.0,0.0,0.0,0.0,1685.0,7334.0,8800.0,1786.0,8565,0.0,5750.0,0.0,4680,2795.0,0.0,4611.0,2750.0,62500,22520,1131.0,0.0,9219.0,30000,5700.0,5500.0,11701.0,0.0
5060,4276.0,18600,1360,0.0,0.0,3155.0,31500.0,21756.0,8201.0,1250.0,19786.0,1752.0,2709,0.0,0.0,0.0,0.0,1695.0,7358.0,8426.0,1781.0,8490,0.0,5701.0,0.0,4775,2936.0,0.0,4750.0,2720.0,58800,23676,1131.0,0.0,9120.0,30399,5750.0,5580.0,11650.0,0.0
5155,4340.0,18015,1330,0.0,0.0,3350.0,31450.0,22100.0,7750.0,1233.0,19397.0,1820.0,2721,0.0,0.0,0.0,0.0,1710.0,7500.0,8723.0,1745.0,8410,0.0,5620.0,0.0,4799,2961.0,0.0,4721.0,2650.0,59500,23200,1142.0,0.0,9111.0,30218,5740.0,5550.0,11900.0,0.0
5201,4300.0,18710,1331,0.0,0.0,3440.0,31953.0,21797.0,7859.0,1223.0,20287.0,1852.0,2693,0.0,0.0,0.0,0.0,1724.0,7488.0,8466.0,1726.0,8360,0.0,5620.0,0.0,4785,2915.0,0.0,4763.0,2600.0,57700,23199,1152.0,0.0,9120.0,30600,5640.0,5464.0,11950.0,0.0
5050,4300.0,18200,1332,0.0,0.0,3470.0,31820.0,21900.0,8060.0,1208.0,19857.0,1812.0,2721,0.0,0.0,0.0,0.0,1695.0,7495.0,8215.0,1770.0,8550,0.0,5570.0,0.0,4737,2950.0,0.0,4750.0,2595.0,56500,23575,1156.0,0.0,9269.0,31550,5725.0,5510.0,11775.0,0.0
5000,4290.0,17715,1321,0.0,0.0,3485.0,30451.0,22116.0,8060.0,1208.0,19792.0,1860.0,2712,0.0,0.0,0.0,0.0,1700.0,7550.0,8360.0,1766.0,8450,0.0,5560.0,0.0,4610,2998.0,0.0,4667.0,2555.0,56510,23342,1177.0,0.0,9320.0,30900,5695.0,5490.0,12000.0,0.0
5000,4251.0,18400,1320,0.0,0.0,3510.0,29600.0,22137.0,8100.0,1243.0,20077.0,1909.0,2721,0.0,0.0,0.0,0.0,1714.0,7400.0,8096.0,1759.0,8490,0.0,5527.0,0.0,4556,3000.0,0.0,4555.0,2540.0,55000,22855,1182.0,0.0,9310.0,30801,5648.0,5450.0,12050.0,0.0
5000,4280.0,17200,1320,0.0,0.0,3449.0,29350.0,21800.0,7900.0,1235.0,20077.0,1870.0,2721,0.0,0.0,0.0,0.0,1714.0,7372.0,8096.0,1679.0,8580,0.0,5527.0,0.0,4514,2875.0,0.0,4460.0,2475.0,55000,22300,1182.0,0.0,9440.0,30975,5561.0,5499.0,12310.0,0.0
5000,4250.0,17200,1315,0.0,0.0,3469.0,29350.0,21800.0,7900.0,1235.0,20486.0,1820.0,2609,0.0,0.0,0.0,0.0,1695.0,7372.0,8229.0,1679.0,8580,0.0,5400.0,0.0,4514,2875.0,0.0,4460.0,2475.0,53010,22300,1154.0,0.0,9440.0,30975,5500.0,5499.0,12310.0,0.0
5057,4250.0,16201,1315,0.0,0.0,3469.0,29600.0,21990.0,7550.0,1215.0,19637.0,1820.0,2665,0.0,0.0,0.0,0.0,1705.0,7300.0,8624.0,1639.0,8515,0.0,5400.0,0.0,4340,2700.0,0.0,4352.0,2497.0,53815,20537,1169.0,0.0,9250.0,29650,5500.0,5525.0,11849.0,0.0
5268,4100.0,16400,1287,0.0,0.0,3300.0,29800.0,22500.0,7860.0,1225.0,19777.0,1800.0,2691,0.0,0.0,0.0,0.0,1705.0,7300.0,8691.0,1635.0,8550,0.0,5400.0,0.0,4355,2640.0,0.0,4380.0,2530.0,53100,21075,1153.0,0.0,9478.0,29750,5458.0,5398.0,11751.0,0.0
5092,4150.0,16339,1279,0.0,0.0,3185.0,30790.0,22675.0,8075.0,1225.0,19637.0,1796.0,2581,0.0,0.0,0.0,0.0,1699.0,7400.0,8271.0,1675.0,8500,0.0,5300.0,0.0,4484,2685.0,0.0,4475.0,2500.0,53200,21685,1139.0,0.0,9500.0,28110,5490.0,5328.0,12125.0,0.0
5000,4250.0,15600,1279,0.0,0.0,3000.0,28901.0,22832.0,7749.0,1225.0,19337.0,1780.0,2595,0.0,0.0,0.0,0.0,1685.0,7115.0,8216.0,1615.0,8271,0.0,5490.0,0.0,4350,2580.0,0.0,4345.0,2410.0,51699,22610,1130.0,0.0,9322.0,27000,5562.0,5340.0,11900.0,0.0
5360,4190.0,16003,1299,0.0,0.0,3035.0,28420.0,22825.0,7680.0,1235.0,19837.0,1770.0,2665,0.0,0.0,0.0,0.0,1725.0,7001.0,8536.0,1608.0,8315,0.0,5500.0,0.0,4300,2560.0,0.0,4216.0,2490.0,52600,22125,1131.0,0.0,9250.0,27000,5515.0,5410.0,11950.0,0.0
5350,4095.0,16648,1288,0.0,0.0,2970.0,29550.0,22732.0,7761.0,1225.0,19787.0,1775.0,2604,0.0,0.0,0.0,0.0,1750.0,7205.0,8633.0,1625.0,8500,0.0,5440.0,0.0,4425,2650.0,0.0,4287.0,2501.0,52900,23999,1134.0,0.0,9599.0,26300,5553.0,5600.0,12076.0,0.0
5590,4075.0,16900,1285,0.0,0.0,3120.0,30000.0,22156.0,7880.0,1250.0,19787.0,1805.0,2691,0.0,0.0,0.0,0.0,1755.0,7370.0,8624.0,1599.0,8426,0.0,5445.0,0.0,4411,2632.0,0.0,4350.0,2521.0,53500,23500,1173.0,0.0,9310.0,27000,5617.0,5575.0,11851.0,0.0
5610,4100.0,17250,1296,0.0,0.0,3130.0,29825.0,21951.0,7800.0,1264.0,19637.0,1800.0,2707,0.0,0.0,0.0,0.0,1735.0,7394.0,8527.0,1625.0,8700,0.0,5320.0,0.0,4425,2729.0,0.0,4330.0,2591.0,55389,23485,1190.0,0.0,9450.0,27125,5760.0,5600.0,11990.0,0.0
5475,4150.0,16750,1300,0.0,0.0,3100.0,29500.0,21845.0,7740.0,1278.0,20287.0,1840.0,2714,0.0,0.0,0.0,0.0,1728.0,7400.0,8230.0,1637.0,9015,0.0,5500.0,0.0,4300,2706.0,0.0,4372.0,2590.0,54551,23260,1195.0,0.0,9710.0,26660,5760.0,5600.0,11900.0,0.0
5629,4190.0,17045,1300,0.0,0.0,3000.0,28302.0,21300.0,7575.0,1295.0,20600.0,1830.0,2694,0.0,0.0,0.0,0.0,1733.0,7411.0,8513.0,1616.0,8870,0.0,5530.0,0.0,4240,2721.0,0.0,4165.0,2584.0,55800,22300,1220.0,0.0,9805.0,26998,5600.0,5720.0,11831.0,0.0
5440,4245.0,17350,1288,0.0,0.0,3000.0,29250.0,21550.0,7820.0,1325.0,20861.0,1835.0,2716,0.0,0.0,0.0,0.0,1730.0,7725.0,8185.0,1679.0,8980,0.0,5681.0,0.0,4457,2711.0,0.0,4351.0,2600.0,53015,23394,1183.0,0.0,10185.0,28617,5675.0,5730.0,11900.0,0.0
5578,4295.0,16890,1295,0.0,0.0,3050.0,28295.0,21717.0,7800.0,1318.0,21991.0,1900.0,2693,0.0,0.0,0.0,0.0,1735.0,7707.0,8242.0,1623.0,8830,0.0,5760.0,0.0,4475,2620.0,0.0,4400.0,2595.0,53530,22125,1210.0,0.0,9810.0,27850,5718.0,5401.0,11900.0,0.0
5575,4350.0,17150,1272,0.0,0.0,3030.0,28700.0,22209.0,7645.0,1320.0,21935.0,1870.0,2617,0.0,0.0,0.0,0.0,1715.0,7474.0,7938.0,1648.0,8818,0.0,5655.0,0.0,4500,2647.0,0.0,4475.0,2580.0,51520,22190,1184.0,0.0,10000.0,27250,5740.0,5450.0,11930.0,0.0
5518,4300.0,15811,1275,0.0,0.0,3030.0,27600.0,22526.0,7340.0,1285.0,21836.0,1880.0,2665,0.0,0.0,0.0,0.0,1731.0,7449.0,8109.0,1645.0,8890,0.0,5770.0,0.0,4418,2560.0,0.0,4335.0,2535.0,51199,20980,1215.0,0.0,10006.0,25850,5760.0,5410.0,12000.0,0.0
5669,4300.0,16075,1267,0.0,0.0,2973.0,27700.0,22225.0,7250.0,1295.0,22585.0,1850.0,2632,0.0,0.0,0.0,0.0,1710.0,7560.0,8087.0,1671.0,8930,0.0,5755.0,0.0,4399,2610.0,0.0,4349.0,2585.0,50225,21150,1223.0,0.0,10210.0,26600,5745.0,5575.0,12100.0,0.0
5750,4300.0,16050,1269,0.0,0.0,2895.0,28285.0,22350.0,7236.0,1352.0,22535.0,1820.0,2700,0.0,0.0,0.0,0.0,1703.0,7650.0,7965.0,1706.0,9061,0.0,5900.0,0.0,4390,2634.0,0.0,4371.0,2630.0,50100,21105,1233.0,0.0,10240.0,26399,5700.0,5700.0,11900.0,0.0
5793,4450.0,16313,1270,0.0,0.0,2805.0,28200.0,22671.0,7161.0,1371.0,22485.0,1840.0,2718,0.0,0.0,0.0,0.0,1715.0,7605.0,8078.0,1700.0,9160,0.0,5799.0,0.0,4490,2585.0,0.0,4439.0,2660.0,50000,21600,1249.0,0.0,10365.0,26650,5850.0,5760.0,12001.0,0.0
5850,4416.0,16400,1272,0.0,0.0,2760.0,28300.0,22674.0,7190.0,1359.0,22385.0,1880.0,2761,0.0,0.0,0.0,0.0,1723.0,7683.0,7919.0,1677.0,9300,0.0,5771.0,0.0,4527,2606.0,0.0,4463.0,2715.0,49832,22200,1241.0,0.0,10600.0,27340,5849.0,5798.0,11990.0,0.0
6050,4251.0,16400,1290,0.0,0.0,2795.0,27250.0,23011.0,7200.0,1372.0,23055.0,1880.0,2824,0.0,0.0,0.0,0.0,1766.0,7636.0,8272.0,1716.0,9375,0.0,5811.0,0.0,4650,2602.0,0.0,4670.0,2745.0,51000,22606,1279.0,0.0,10851.0,27000,5815.0,5790.0,12025.0,0.0
6000,4250.0,16900,1300,0.0,0.0,2780.0,28850.0,23094.0,7500.0,1425.0,22485.0,1870.0,2971,0.0,0.0,0.0,0.0,1866.0,7750.0,8597.0,1743.0,9375,0.0,5950.0,0.0,4710,2630.0,0.0,4717.0,2755.0,52000,23082,1308.0,0.0,10905.0,27095,5800.0,5715.0,12349.0,0.0
5845,4300.0,17600,1305,0.0,0.0,2925.0,30000.0,23298.0,7975.0,1436.0,22965.0,1880.0,2921,0.0,0.0,0.0,0.0,1850.0,7825.0,8228.0,1789.0,9543,0.0,5817.0,0.0,4845,2650.0,0.0,4815.0,2775.0,52000,23799,1288.0,0.0,10900.0,27957,5870.0,5860.0,12889.0,0.0
5855,4400.0,17550,1309,0.0,0.0,2965.0,29501.0,23500.0,7684.0,1460.0,23623.0,1890.0,2918,0.0,0.0,0.0,0.0,1860.0,7850.0,8184.0,1804.0,9600,0.0,5885.0,0.0,4765,2755.0,0.0,4750.0,2805.0,52001,23391,1280.0,0.0,10720.0,28501,5865.0,5840.0,12945.0,0.0
5899,4400.0,17400,1323,0.0,0.0,2935.0,29655.0,23399.0,7875.0,1410.0,24084.0,1900.0,2918,0.0,0.0,0.0,0.0,1885.0,8000.0,8267.0,1794.0,9600,0.0,5975.0,0.0,4800,2750.0,0.0,4800.0,2830.0,53400,23740,1309.0,0.0,10700.0,28200,5930.0,5727.0,12990.0,0.0
5900,4320.0,17650,1321,0.0,0.0,3000.0,30852.0,23065.0,7975.0,1426.0,24534.0,1870.0,2901,0.0,0.0,0.0,0.0,1865.0,8041.0,8096.0,1818.0,9585,0.0,5902.0,0.0,4875,2770.0,0.0,4950.0,2850.0,54730,23275,1313.0,0.0,10820.0,28300,6080.0,5800.0,12895.0,0.0
5834,4350.0,17828,1345,0.0,0.0,3050.0,30700.0,23076.0,7800.0,1430.0,23964.0,1910.0,2926,0.0,0.0,0.0,0.0,1899.0,8050.0,8052.0,1814.0,9575,0.0,5930.0,0.0,4900,2795.0,0.0,4929.0,2780.0,56500,23920,1311.0,0.0,11000.0,28520,6000.0,5860.0,13129.0,0.0
5700,4400.0,17959,1347,0.0,0.0,3085.0,30130.0,22930.0,7820.0,1421.0,23484.0,1910.0,2936,0.0,0.0,0.0,0.0,1918.0,8020.0,8097.0,1809.0,9515,0.0,5851.0,0.0,4965,2970.0,0.0,4939.0,2755.0,58400,23441,1299.0,0.0,10805.0,28145,5980.0,5800.0,12980.0,0.0
5783,4400.0,18500,1346,0.0,0.0,3120.0,30705.0,22800.0,8000.0,1435.0,22885.0,1915.0,2988,0.0,0.0,0.0,0.0,1972.0,8090.0,8093.0,1859.0,9650,0.0,5792.0,0.0,5220,3057.0,0.0,5174.0,2760.0,57413,24367,1307.0,0.0,10900.0,28190,5980.0,5740.0,12651.0,0.0
5802,4494.0,18000,1346,0.0,0.0,3339.0,30589.0,23200.0,8070.0,1467.0,23184.0,1950.0,2995,0.0,0.0,0.0,0.0,1970.0,8075.0,8074.0,1856.0,9700,0.0,5762.0,0.0,5255,3170.0,0.0,5225.0,2770.0,57500,24438,1297.0,0.0,10980.0,28000,6000.0,5700.0,12588.0,0.0
5900,4600.0,18235,1365,0.0,0.0,3330.0,30099.0,23285.0,7850.0,1495.0,22685.0,1952.0,2967,0.0,0.0,0.0,0.0,1975.0,8200.0,7968.0,1865.0,9617,0.0,5900.0,0.0,5145,3285.0,0.0,5115.0,2830.0,56000,24275,1290.0,0.0,10857.0,27800,6000.0,5830.0,12625.0,0.0
5974,4700.0,18299,1352,0.0,0.0,3300.0,28742.0,23639.0,7839.0,1495.0,22375.0,1960.0,2940,0.0,0.0,0.0,0.0,1959.0,8160.0,7964.0,1881.0,9301,0.0,5691.0,0.0,5240,3240.0,0.0,5091.0,2770.0,54990,23998,1250.0,0.0,10605.0,27245,5980.0,5820.0,12600.0,0.0
6055,4750.0,18299,1353,0.0,0.0,3400.0,28800.0,23912.0,7596.0,1495.0,23130.0,1950.0,2918,0.0,0.0,0.0,0.0,1937.0,8098.0,8083.0,1860.0,9298,0.0,5630.0,0.0,5225,3210.0,0.0,5039.0,2740.0,55004,23599,1296.0,0.0,10700.0,26775,6100.0,5770.0,12540.0,0.0
5950,4800.0,18790,1363,0.0,0.0,3421.0,29260.0,24150.0,7850.0,1502.0,23135.0,1901.0,3016,0.0,0.0,0.0,0.0,1978.0,8080.0,8136.0,1900.0,9405,0.0,5700.0,0.0,5353,3295.0,0.0,5148.0,2728.0,55450,24675,1289.0,0.0,10975.0,27200,5915.0,5785.0,12699.0,0.0
5950,4800.0,18799,1355,0.0,0.0,3575.0,29600.0,24390.0,8200.0,1557.0,23355.0,1921.0,3058,0.0,0.0,0.0,0.0,2022.0,8044.0,8492.0,1903.0,9338,0.0,5825.0,0.0,5530,3449.0,0.0,5315.0,2760.0,59100,24968,1289.0,0.0,10705.0,27800,5995.0,5870.0,12800.0,0.0
5994,4800.0,19800,1357,0.0,0.0,3709.0,30900.0,23970.0,8450.0,1565.0,23483.0,2048.0,3024,0.0,0.0,0.0,0.0,2074.0,8249.0,8738.0,1960.0,9511,0.0,5760.0,0.0,5699,3653.0,0.0,5480.0,2770.0,59015,26265,1292.0,0.0,10995.0,28320,5982.0,5780.0,12700.0,0.0
6050,4800.0,19340,1345,0.0,0.0,3775.0,31100.0,24594.0,8400.0,1530.0,23183.0,2015.0,3002,0.0,0.0,0.0,0.0,2090.0,8250.0,8756.0,1969.0,9325,0.0,5735.0,0.0,5727,3698.0,0.0,5398.0,2780.0,61790,25950,1288.0,0.0,11003.0,28552,6125.0,5711.0,12799.0,0.0
6100,4610.0,18975,1351,0.0,0.0,3650.0,30215.0,24808.0,8600.0,1540.0,23634.0,2045.0,2947,0.0,0.0,0.0,0.0,2055.0,8345.0,8979.0,1951.0,9240,0.0,5760.0,0.0,5600,3685.0,0.0,5404.0,2760.0,62100,26752,1297.0,0.0,10695.0,28800,6040.0,5650.0,12700.0,0.0
6050,4801.0,19564,1350,0.0,0.0,3670.0,30900.0,25000.0,8556.0,1525.0,23530.0,2020.0,3030,0.0,0.0,0.0,0.0,2037.0,8450.0,8710.0,1974.0,9202,0.0,5725.0,0.0,5564,3700.0,0.0,5391.0,2692.0,64500,26445,1301.0,0.0,10961.0,28900,6011.0,5739.0,12900.0,0.0
6050,4910.0,20399,1350,0.0,0.0,3720.0,30526.0,25024.0,8578.0,1502.0,23530.0,2000.0,3030,0.0,0.0,0.0,0.0,2037.0,8500.0,8710.0,1996.0,9420,0.0,5725.0,0.0,5540,3740.0,0.0,5350.0,2699.0,64500,26000,1301.0,0.0,10895.0,29000,5930.0,5700.0,13110.0,0.0
6032,5000.0,20399,1340,0.0,0.0,3700.0,30526.0,25024.0,8578.0,1502.0,24179.0,1950.0,3012,0.0,0.0,0.0,0.0,2005.0,8500.0,8449.0,1996.0,9420,0.0,5835.0,0.0,5540,3740.0,0.0,5350.0,2699.0,65000,26000,1271.0,0.0,10895.0,29000,5905.0,5700.0,13110.0,0.0
5928,5000.0,20241,1329,0.0,0.0,3700.0,29001.0,25210.0,8550.0,1427.0,23624.0,1950.0,2930,0.0,0.0,0.0,0.0,2006.0,8470.0,8558.0,2001.0,9525,0.0,5850.0,0.0,5311,3625.0,0.0,5151.0,2577.0,68000,24875,1262.0,0.0,10740.0,29069,5905.0,5530.0,13169.0,0.0
5805,5050.0,20450,1341,0.0,0.0,3750.0,29150.0,25175.0,8501.0,1456.0,23185.0,1886.0,2901,0.0,0.0,0.0,0.0,1985.0,8225.0,8954.0,1996.0,9570,0.0,5825.0,0.0,5315,3612.0,0.0,5149.0,2650.0,70100,24850,1262.0,0.0,10740.0,28000,5954.0,5486.0,13050.0,0.0
5650,5050.0,21097,1345,0.0,0.0,3770.0,30426.0,25270.0,8755.0,1469.0,23235.0,1900.0,2960,0.0,0.0,0.0,0.0,1976.0,8202.0,8712.0,2029.0,9551,0.0,5775.0,0.0,5221,3600.0,0.0,5254.0,2639.0,67700,25750,1273.0,0.0,10930.0,28305,5880.0,5535.0,13000.0,0.0
5534,5000.0,20400,1356,0.0,0.0,3975.0,30589.0,25460.0,8870.0,1480.0,23584.0,1960.0,2965,0.0,0.0,0.0,0.0,1957.0,8320.0,8426.0,2139.0,9247,0.0,5698.0,0.0,5400,3660.0,0.0,5300.0,2655.0,63500,25571,1237.0,0.0,10750.0,28699,5925.0,5568.0,13096.0,0.0
5625,4900.0,19850,1359,0.0,0.0,3950.0,29425.0,24523.0,8527.0,1465.0,23136.0,1960.0,2933,0.0,0.0,0.0,0.0,1951.0,8076.0,8493.0,2102.0,9045,0.0,5581.0,0.0,5314,3634.0,0.0,5142.0,2610.0,63001,24150,1255.0,0.0,10580.0,28025,5855.0,5550.0,12701.0,0.0
5530,4830.0,20205,1355,0.0,0.0,3830.0,29050.0,24825.0,8575.0,1462.0,23594.0,1965.0,2918,0.0,0.0,0.0,0.0,1955.0,8201.0,8444.0,2042.0,9400,0.0,5589.0,0.0,5268,3630.0,0.0,5165.0,2615.0,63395,24150,1248.0,0.0,10830.0,28655,5760.0,5550.0,12860.0,0.0
5750,5000.0,19800,1355,0.0,0.0,3900.0,28950.0,24750.0,8702.0,1470.0,24183.0,2035.0,2975,0.0,0.0,0.0,0.0,1960.0,8200.0,8430.0,2081.0,9223,0.0,5535.0,0.0,5241,3621.0,0.0,5082.0,2612.0,66700,24259,1255.0,0.0,10500.0,29189,5849.0,5550.0,12720.0,0.0
5851,5200.0,20220,1352,0.0,0.0,3890.0,29109.0,24350.0,8870.0,1475.0,24419.0,2000.0,2999,0.0,0.0,0.0,0.0,1998.0,8338.0,8404.0,2112.0,9170,0.0,5659.0,0.0,5404,3640.0,0.0,5220.0,2633.0,67800,24969,1276.0,0.0,10800.0,29650,5830.0,5600.0,12635.0,0.0
5950,5575.0,20900,1363,0.0,0.0,3985.0,29417.0,24345.0,9000.0,1490.0,24585.0,1965.0,3065,0.0,0.0,0.0,0.0,2045.0,8371.0,8359.0,2102.0,9375,0.0,5861.0,0.0,5350,3727.0,0.0,5200.0,2750.0,68000,25450,1326.0,0.0,10901.0,30619,5882.0,5725.0,12650.0,0.0
5900,5325.0,20410,1385,0.0,0.0,3950.0,29199.0,24300.0,9600.0,1535.0,24684.0,1970.0,3069,0.0,0.0,0.0,0.0,2040.0,8650.0,8310.0,2125.0,9750,0.0,5755.0,0.0,5641,3850.0,0.0,5370.0,2780.0,68100,26319,1324.0,0.0,11540.0,29956,6010.0,5755.0,12795.0,0.0
6010,5437.0,20600,1385,0.0,0.0,4100.0,29941.0,24015.0,9150.0,1515.0,24659.0,2000.0,3069,0.0,0.0,0.0,0.0,2075.0,8515.0,8052.0,2105.0,9825,0.0,5899.0,0.0,5651,3760.0,0.0,5425.0,2765.0,67000,26220,1352.0,0.0,11385.0,30499,6130.0,5800.0,12701.0,0.0
5950,5388.0,20070,1377,0.0,0.0,4060.0,29890.0,24200.0,8931.0,1525.0,24883.0,2000.0,3086,0.0,0.0,0.0,0.0,2070.0,8600.0,8096.0,2146.0,9930,0.0,5770.0,0.0,5600,3650.0,0.0,5394.0,2785.0,65900,25538,1373.0,0.0,11475.0,30025,6073.0,5900.0,12735.0,0.0
5970,5399.0,19150,1377,0.0,0.0,4000.0,29350.0,23844.0,8900.0,1509.0,25383.0,2000.0,3134,0.0,0.0,0.0,0.0,2076.0,8550.0,8166.0,2130.0,10064,0.0,5922.0,0.0,5551,3650.0,0.0,5334.0,2809.0,68861,25044,1352.0,0.0,11767.0,29655,6105.0,5840.0,13100.0,0.0
5850,5450.0,18400,1380,0.0,0.0,4050.0,30375.0,23688.0,8850.0,1545.0,25433.0,2000.0,3170,0.0,0.0,0.0,0.0,2050.0,8436.0,8336.0,2155.0,9935,0.0,5799.0,0.0,5727,3700.0,0.0,5431.0,2810.0,69000,25600,1350.0,0.0,11500.0,30400,6200.0,5733.0,13200.0,0.0
5850,5450.0,18180,1379,0.0,0.0,4110.0,29805.0,23731.0,9240.0,1575.0,25083.0,2010.0,3204,0.0,0.0,0.0,0.0,2065.0,8600.0,8247.0,2124.0,10050,0.0,5760.0,0.0,5833,3700.0,0.0,5545.0,2790.0,69700,25000,1357.0,0.0,11527.0,29301,6251.0,5760.0,12750.0,0.0
5925,5500.0,18010,1384,0.0,0.0,4006.0,28340.0,24050.0,9050.0,1590.0,24384.0,2030.0,3170,0.0,0.0,0.0,0.0,2060.0,8415.0,8717.0,2101.0,9875,0.0,5660.0,0.0,5735,3612.0,0.0,5501.0,2789.0,66000,24765,1335.0,0.0,11400.0,29205,6240.0,5780.0,12706.0,0.0
5800,5500.0,17850,1383,0.0,0.0,3960.0,29501.0,24390.0,8638.0,1530.0,24084.0,2018.0,3169,0.0,0.0,0.0,0.0,2050.0,8500.0,9151.0,2057.0,9699,0.0,5720.0,0.0,5638,3590.0,0.0,5345.0,2760.0,67000,24100,1299.0,0.0,11298.0,28799,6145.0,5800.0,12795.0,0.0
5740,5430.0,18000,1395,0.0,0.0,3800.0,31505.0,23830.0,8940.0,1522.0,24484.0,1990.0,3170,0.0,0.0,0.0,0.0,2038.0,8581.0,9152.0,2040.0,9560,0.0,5745.0,0.0,5651,3615.0,0.0,5385.0,2799.0,67000,24581,1305.0,0.0,11200.0,28650,6135.0,5850.0,12611.0,0.0
5800,5550.0,18501,1409,0.0,0.0,3775.0,32100.0,23806.0,9010.0,1523.0,25133.0,2000.0,3170,0.0,0.0,0.0,0.0,2050.0,8550.0,9341.0,2035.0,9500,0.0,5800.0,0.0,5788,3623.0,0.0,5499.0,2850.0,68600,24950,1322.0,0.0,11269.0,28395,6140.0,5750.0,12450.0,0.0
5797,5600.0,18895,1420,0.0,0.0,3850.0,32400.0,24190.0,8750.0,1533.0,24784.0,1975.0,3236,0.0,0.0,0.0,0.0,2098.0,8580.0,9636.0,2102.0,9550,0.0,5800.0,0.0,5655,3670.0,0.0,5354.0,2870.0,69000,25249,1352.0,0.0,10900.0,29300,6215.0,5750.0,12525.0,0.0
5611,5600.0,19110,1425,0.0,0.0,3880.0,32800.0,23773.0,8870.0,1560.0,24384.0,1976.0,3283,0.0,0.0,0.0,0.0,2031.0,8750.0,9328.0,2150.0,9799,0.0,5851.0,0.0,5575,3667.0,0.0,5265.0,2838.0,68300,25425,1338.0,0.0,11250.0,29000,6280.0,5635.0,12461.0,0.0
5635,5745.0,18729,1405,0.0,0.0,3990.0,31265.0,23881.0,8800.0,1550.0,24404.0,2060.0,3325,0.0,0.0,0.0,0.0,2017.0,8839.0,9372.0,2075.0,9750,0.0,5800.0,0.0,5610,3697.0,0.0,5305.0,2770.0,69207,25337,1322.0,0.0,11260.0,29500,6234.0,5500.0,12700.0,0.0
5698,5740.0,18350,1388,0.0,0.0,3990.0,31915.0,24549.0,9030.0,1566.0,24474.0,1995.0,3342,0.0,0.0,0.0,0.0,2067.0,8712.0,9592.0,2117.0,9835,0.0,5911.0,0.0,5626,3709.0,0.0,5340.0,2720.0,71700,25755,1340.0,0.0,11400.0,30110,6265.0,5450.0,12730.0,0.0
5640,5799.0,18800,1305,0.0,0.0,3980.0,32790.0,24240.0,9300.0,1619.0,24285.0,2000.0,3309,0.0,0.0,0.0,0.0,2028.0,8715.0,9374.0,2071.0,9760,0.0,5800.0,0.0,5684,3731.0,0.0,5384.0,2801.0,70450,25817,1301.0,0.0,11601.0,30800,6325.0,5450.0,12625.0,0.0
5712,5850.0,18600,1311,0.0,0.0,3973.0,31905.0,24250.0,9190.0,1595.0,25268.0,2000.0,3269,0.0,0.0,0.0,0.0,2026.0,8640.0,9284.0,2062.0,9551,0.0,5670.0,0.0,5581,3678.0,0.0,5260.0,2775.0,72000,25525,1334.0,0.0,11410.0,30000,6408.0,5350.0,12362.0,0.0
5850,5990.0,18845,1327,0.0,0.0,3855.0,31900.0,23994.0,9000.0,1586.0,25983.0,1967.0,3319,0.0,0.0,0.0,0.0,2033.0,8533.0,9573.0,2056.0,9550,0.0,5780.0,0.0,5410,3650.0,0.0,5125.0,2745.0,75000,25250,1335.0,0.0,11360.0,30710,6280.0,5365.0,12538.0,0.0
5951,5710.0,19300,1327,0.0,0.0,3785.0,33133.0,23800.0,9100.0,1585.0,26532.0,1999.0,3347,0.0,0.0,0.0,0.0,2060.0,8763.0,9508.0,2047.0,9752,0.0,6000.0,0.0,5470,3712.0,0.0,5240.0,2775.0,74150,25900,1381.0,0.0,11425.0,29990,6229.0,5320.0,12705.0,0.0
6076,5950.0,19300,1340,0.0,0.0,3754.0,33226.0,24253.0,9550.0,1650.0,25983.0,1990.0,3348,0.0,0.0,0.0,0.0,2050.0,9050.0,9236.0,2118.0,10090,0.0,6200.0,0.0,5770,3800.0,0.0,5499.0,2783.0,74000,25828,1395.0,0.0,12030.0,30050,6225.0,5325.0,12780.0,0.0
5902,6000.0,18598,1334,0.0,0.0,3865.0,32660.0,24214.0,9400.0,1596.0,24873.0,2050.0,3346,0.0,0.0,0.0,0.0,2054.0,8850.0,8989.0,2137.0,10030,0.0,6200.0,0.0,5863,4100.0,0.0,5435.0,2785.0,72500,25300,1396.0,0.0,12103.0,30010,6350.0,5325.0,12820.0,0.0
6030,6000.0,18337,1340,0.0,0.0,3824.0,30924.0,23850.0,9254.0,1639.0,25023.0,2135.0,3325,0.0,0.0,0.0,0.0,2035.0,8950.0,9152.0,2106.0,10100,0.0,6071.0,0.0,5725,3850.0,0.0,5437.0,2710.0,72350,24850,1407.0,0.0,11955.0,29700,6501.0,5450.0,12650.0,0.0
5840,6199.0,18400,1345,0.0,0.0,3649.0,31150.0,23810.0,9200.0,1625.0,24784.0,2200.0,3344,0.0,0.0,0.0,0.0,2050.0,9152.0,9001.0,2100.0,10140,0.0,6151.0,0.0,5762,3950.0,0.0,5510.0,2772.0,72387,24889,1403.0,0.0,12285.0,29500,6430.0,5599.0,12550.0,0.0
5840,6475.0,18493,1345,0.0,0.0,3830.0,30496.0,24178.0,9343.0,1605.0,24784.0,2120.0,3344,0.0,0.0,0.0,0.0,2050.0,9030.0,9001.0,2131.0,9790,0.0,6151.0,0.0,5725,3940.0,0.0,5485.0,2795.0,72387,25106,1403.0,0.0,12250.0,29250,6450.0,5649.0,12610.0,0.0
6098,6400.0,18493,1365,0.0,0.0,3836.0,30496.0,24178.0,9343.0,1605.0,24804.0,2140.0,3339,0.0,0.0,0.0,0.0,2079.0,9030.0,8800.0,2131.0,9790,0.0,6276.0,0.0,5725,3940.0,0.0,5485.0,2795.0,70000,25106,1391.0,0.0,12250.0,29250,6430.0,5649.0,12610.0,0.0
6081,6400.0,17950,1360,0.0,0.0,3836.0,29200.0,23380.0,9150.0,1625.0,24953.0,2140.0,3311,0.0,0.0,0.0,0.0,2049.0,8650.0,8801.0,2085.0,9900,0.0,6302.0,0.0,5570,3845.0,0.0,5275.0,2880.0,68280,24338,1424.0,0.0,11965.0,28495,6430.0,5655.0,12600.0,0.0
5919,6250.0,18150,1355,0.0,0.0,3681.0,29311.0,23400.0,9163.0,1613.0,25283.0,2145.0,3320,0.0,0.0,0.0,0.0,2011.0,8800.0,8756.0,2069.0,9915,0.0,6230.0,0.0,5685,3710.0,0.0,5320.0,2815.0,66701,24150,1383.0,0.0,12000.0,28790,6431.0,5695.0,12450.0,0.0
6185,6250.0,18000,1350,0.0,0.0,3518.0,29500.0,23474.0,9010.0,1607.0,25650.0,2140.0,3326,0.0,0.0,0.0,0.0,2051.0,8766.0,8932.0,2079.0,9675,0.0,6200.0,0.0,5628,3751.0,0.0,5338.0,2825.0,66700,23975,1403.0,0.0,11750.0,28700,6460.0,5600.0,12330.0,0.0
6186,6145.0,17500,1358,0.0,0.0,3380.0,30150.0,23501.0,9000.0,1615.0,25554.0,2190.0,3318,0.0,0.0,0.0,0.0,2070.0,8860.0,9284.0,2109.0,9715,0.0,6280.0,0.0,5713,3775.0,0.0,5456.0,2920.0,65901,23868,1380.0,0.0,11950.0,28240,6500.0,5615.0,12215.0,0.0
6125,6100.0,17000,1349,0.0,0.0,3300.0,30788.0,23908.0,9166.0,1637.0,24744.0,2290.0,3258,0.0,0.0,0.0,0.0,1977.0,8868.0,9148.0,2115.0,9667,0.0,6225.0,0.0,5780,3805.0,0.0,5549.0,2943.0,64002,23400,1350.0,0.0,11850.0,28450,6470.0,5480.0,12900.0,0.0
6145,6080.0,16250,1369,0.0,0.0,3210.0,30000.0,23641.0,8795.0,1600.0,25383.0,2298.0,3269,0.0,0.0,0.0,0.0,1982.0,8480.0,9064.0,2084.0,9450,0.0,6243.0,0.0,5591,3750.0,0.0,5369.0,2835.0,66010,22956,1352.0,0.0,11600.0,27501,6440.0,5500.0,13161.0,0.0
6401,5985.0,17099,1360,0.0,0.0,3050.0,30519.0,23408.0,8840.0,1605.0,25183.0,2240.0,3310,0.0,0.0,0.0,0.0,2004.0,8619.0,9731.0,2041.0,9425,0.0,6269.0,0.0,5576,3735.0,0.0,5369.0,2850.0,67100,23468,1383.0,0.0,11450.0,28200,6352.0,5500.0,12875.0,0.0
6355,5801.0,17182,1363,0.0,0.0,3145.0,32361.0,23125.0,9120.0,1630.0,25493.0,2260.0,3311,0.0,0.0,0.0,0.0,2040.0,8729.0,9768.0,2020.0,9560,0.0,6210.0,0.0,5590,3876.0,0.0,5365.0,2845.0,69200,24607,1384.0,0.0,11600.0,28200,6370.0,5435.0,12700.0,0.0
6570,5750.0,17300,1363,0.0,0.0,3231.0,33100.0,23215.0,9000.0,1644.0,25808.0,2252.0,3339,0.0,0.0,0.0,0.0,1996.0,8700.0,9698.0,2030.0,9640,0.0,6225.0,0.0,5645,3900.0,0.0,5404.0,2839.0,71400,24800,1386.0,0.0,11781.0,28700,6475.0,5400.0,12991.0,0.0
6501,5800.0,17343,1370,0.0,0.0,3350.0,32952.0,23340.0,9100.0,1684.0,25835.0,2210.0,3341,0.0,0.0,0.0,0.0,2000.0,8727.0,9592.0,2048.0,9610,0.0,6249.0,0.0,5750,3990.0,0.0,5489.0,2843.0,68900,25650,1386.0,0.0,11700.0,29129,6460.0,5500.0,12905.0,0.0
6625,6002.0,17150,1395,0.0,0.0,3350.0,33050.0,23030.0,9035.0,1685.0,26083.0,2235.0,3382,0.0,0.0,0.0,0.0,2040.0,8700.0,9636.0,2055.0,9665,0.0,6320.0,0.0,5610,3912.0,0.0,5400.0,2819.0,71000,25299,1381.0,0.0,11942.0,28880,6500.0,5440.0,12605.0,0.0
6600,6100.0,17450,1415,0.0,0.0,3385.0,33100.0,22714.0,9000.0,1710.0,26183.0,2300.0,3394,0.0,0.0,0.0,0.0,2020.0,8938.0,9662.0,2090.0,9850,0.0,6420.0,0.0,5755,4022.0,0.0,5451.0,2825.0,70600,25474,1420.0,0.0,12251.0,28800,6515.0,5401.0,12700.0,0.0
6576,6100.0,17600,1410,0.0,0.0,3480.0,33550.0,23100.0,9025.0,1710.0,27182.0,2241.0,3423,0.0,0.0,0.0,0.0,2053.0,9070.0,9574.0,2087.0,9969,0.0,6316.0,0.0,5740,4050.0,0.0,5473.0,2838.0,70001,25393,1462.0,0.0,12429.0,29172,6700.0,5300.0,12450.0,0.0
6600,6000.0,17060,1407,0.0,0.0,3760.0,33403.0,23000.0,9170.0,1689.0,27182.0,2300.0,3389,0.0,0.0,0.0,0.0,2135.0,9125.0,9393.0,2108.0,10400,0.0,6473.0,0.0,5815,4159.0,0.0,5544.0,2815.0,67700,26685,1458.0,0.0,12800.0,29100,6780.0,5415.0,12420.0,0.0
6420,6102.0,16750,1380,0.0,0.0,4000.0,32499.0,23527.0,9100.0,1700.0,27182.0,2362.0,3348,0.0,0.0,0.0,0.0,2100.0,9197.0,9434.0,2214.0,10294,0.0,6310.0,0.0,6060,4200.0,0.0,5784.0,2803.0,66001,26485,1430.0,0.0,12750.0,29994,6770.0,5510.0,12580.0,0.0
6505,6250.0,16000,1352,0.0,0.0,3850.0,33200.0,23819.0,9100.0,1660.0,27985.0,2390.0,3416,0.0,0.0,0.0,0.0,2105.0,8938.0,9196.0,2181.0,10000,0.0,6265.0,0.0,5995,4142.0,0.0,5699.0,2823.0,67500,26300,1454.0,0.0,12555.0,30499,6675.0,5570.0,12250.0,0.0
6450,6245.0,16299,1375,0.0,0.0,3749.0,32950.0,24106.0,9200.0,1705.0,27480.0,2390.0,3423,0.0,0.0,0.0,0.0,2135.0,9030.0,9152.0,2241.0,10250,0.0,6367.0,0.0,5977,4200.0,0.0,5702.0,2816.0,67300,27600,1458.0,0.0,12625.0,31200,6780.0,5550.0,12250.0,0.0
6305,6150.0,16600,1395,0.0,0.0,3760.0,32563.0,24064.0,9400.0,1712.0,27951.0,2399.0,3451,0.0,0.0,0.0,0.0,2150.0,9200.0,9249.0,2238.0,10169,0.0,6300.0,0.0,5919,4217.0,0.0,5719.0,2820.0,65800,27800,1500.0,0.0,12588.0,31380,6775.0,5325.0,12168.0,0.0
6250,6198.0,16600,1400,0.0,0.0,3820.0,32505.0,24326.0,9247.0,1760.0,28381.0,2282.0,3507,0.0,0.0,0.0,0.0,2180.0,9150.0,9372.0,2247.0,10400,0.0,6336.0,0.0,5800,4190.0,0.0,5769.0,2900.0,66799,27750,1500.0,0.0,12650.0,31040,6655.0,5400.0,12425.0,0.0
6399,6250.0,17373,1415,0.0,0.0,3705.0,32650.0,24446.0,9275.0,1714.0,28581.0,2285.0,3507,0.0,0.0,0.0,0.0,2144.0,9300.0,9390.0,2239.0,10199,0.0,6420.0,0.0,6077,4263.0,0.0,5820.0,2950.0,67300,28418,1494.0,0.0,12600.0,31266,6740.0,5360.0,12590.0,0.0
6528,6235.0,17500,1392,0.0,0.0,3801.0,32500.0,24295.0,9355.0,1729.0,28181.0,2370.0,3503,0.0,0.0,0.0,0.0,2140.0,9300.0,9438.0,2236.0,9985,0.0,6350.0,0.0,6078,4300.0,0.0,5840.0,3016.0,66900,29150,1480.0,0.0,12538.0,30980,6840.0,5500.0,12471.0,0.0
6398,6200.0,17875,1390,0.0,0.0,3815.0,32594.0,24750.0,9151.0,1760.0,27981.0,2525.0,3462,0.0,0.0,0.0,0.0,2130.0,9389.0,9183.0,2270.0,9845,0.0,6305.0,0.0,6025,4300.0,0.0,5850.0,3000.0,66500,29410,1471.0,0.0,12220.0,31050,6840.0,5490.0,12470.0,0.0
6445,6250.0,17160,1388,0.0,0.0,3860.0,31499.0,24869.0,8974.0,1750.0,27537.0,2485.0,3479,0.0,0.0,0.0,0.0,2098.0,9420.0,9064.0,2230.0,9911,0.0,6400.0,0.0,5825,4208.0,0.0,5717.0,3025.0,66000,28700,1462.0,0.0,12200.0,30300,6860.0,5450.0,12101.0,0.0
6550,6275.0,16800,1388,0.0,0.0,3819.0,30689.0,24966.0,8850.0,1735.0,28181.0,2435.0,3479,0.0,0.0,0.0,0.0,2136.0,9288.0,8998.0,2180.0,9625,0.0,6300.0,0.0,5710,4150.0,0.0,5600.0,3029.0,68500,27900,1522.0,0.0,12176.0,29900,6875.0,5485.0,11800.0,0.0
6620,6350.0,17500,1391,0.0,0.0,3705.0,30099.0,24973.0,8829.0,1750.0,28425.0,2385.0,3451,0.0,0.0,0.0,0.0,2155.0,9169.0,8844.0,2245.0,9950,0.0,6400.0,0.0,5850,4319.0,0.0,5675.0,3080.0,68404,29548,1512.0,0.0,12150.0,30060,6860.0,5410.0,11650.0,0.0
6400,6470.0,17430,1387,0.0,0.0,3740.0,28990.0,25300.0,8850.0,1749.0,28091.0,2407.0,3325,0.0,0.0,0.0,0.0,2086.0,9200.0,8958.0,2205.0,9820,0.0,6300.0,0.0,5820,4400.0,0.0,5710.0,3115.0,65165,29200,1466.0,0.0,11840.0,29580,6831.0,5440.0,11750.0,0.0
6272,6400.0,17100,1355,0.0,0.0,3710.0,30010.0,25030.0,8560.0,1684.0,26932.0,2470.0,3311,0.0,0.0,0.0,0.0,2097.0,8947.0,8932.0,2202.0,9650,0.0,6180.0,0.0,5670,4411.0,0.0,5597.0,3057.0,66400,29300,1436.0,0.0,11600.0,29350,6900.0,5287.0,11461.0,0.0
6481,6410.0,16796,1363,0.0,0.0,3645.0,30290.0,24715.0,8490.0,1669.0,27688.0,2410.0,3322,0.0,0.0,0.0,0.0,2081.0,8922.0,9460.0,2145.0,9500,0.0,6125.0,0.0,5551,4280.0,0.0,5441.0,2975.0,68326,28920,1422.0,0.0,11250.0,29350,6900.0,5155.0,11499.0,0.0
6480,6410.0,17300,1375,0.0,0.0,3700.0,31526.0,24362.0,8670.0,1668.0,27882.0,2380.0,3354,0.0,0.0,0.0,0.0,2070.0,8872.0,9161.0,2182.0,9371,0.0,6048.0,0.0,5470,4390.0,0.0,5400.0,3030.0,67233,29350,1437.0,0.0,11355.0,29074,6740.0,5156.0,11401.0,0.0
6450,6400.0,17060,1375,0.0,0.0,3700.0,30131.0,24657.0,8515.0,1621.0,28656.0,2467.0,3302,0.0,0.0,0.0,0.0,2081.0,8785.0,9330.0,2201.0,9525,0.0,6039.0,0.0,5468,4300.0,0.0,5406.0,3042.0,67500,29411,1390.0,0.0,11447.0,29150,6645.0,5265.0,11585.0,0.0
6650,6400.0,17060,1380,0.0,0.0,3651.0,31201.0,24367.0,8640.0,1640.0,28231.0,2448.0,3339,0.0,0.0,0.0,0.0,2137.0,8699.0,9407.0,2209.0,9261,0.0,6189.0,0.0,5450,4336.0,0.0,5416.0,3002.0,67797,29800,1460.0,0.0,11300.0,29200,6460.0,5238.0,11600.0,0.0
6526,6430.0,17300,1390,0.0,0.0,3700.0,31290.0,24300.0,8767.0,1650.0,28081.0,2460.0,3444,0.0,0.0,0.0,0.0,2165.0,8986.0,9442.0,2235.0,9590,0.0,6250.0,0.0,5540,4376.0,0.0,5455.0,3065.0,68500,30746,1488.0,0.0,11570.0,29500,6379.0,5202.0,11375.0,0.0
6601,6600.0,17400,1397,0.0,0.0,3800.0,31505.0,24300.0,8746.0,1690.0,28381.0,2540.0,3410,0.0,0.0,0.0,0.0,2214.0,9000.0,9592.0,2231.0,9746,0.0,6315.0,0.0,5739,4099.0,0.0,5525.0,3100.0,69175,30140,1471.0,0.0,11790.0,29800,6400.0,5350.0,11289.0,0.0
6650,6700.0,17560,1399,0.0,0.0,3800.0,32216.0,24355.0,9040.0,1720.0,28081.0,2598.0,3350,0.0,0.0,0.0,0.0,2214.0,9140.0,9548.0,2240.0,9775,0.0,6401.0,0.0,5865,4225.0,0.0,5688.0,3180.0,68100,30642,1494.0,0.0,11955.0,29651,6450.0,5510.0,11401.0,0.0
6620,6720.0,17150,1400,0.0,0.0,3901.0,32795.0,24602.0,9180.0,1705.0,28081.0,2567.0,3381,0.0,0.0,0.0,0.0,2217.0,9150.0,9293.0,2230.0,9710,0.0,6239.0,0.0,5805,4330.0,0.0,5601.0,3150.0,67200,30911,1470.0,0.0,12095.0,29155,6600.0,5600.0,11800.0,0.0
6630,6625.0,16700,1396,0.0,0.0,3798.0,32700.0,24621.0,9100.0,1711.0,28281.0,2540.0,3395,0.0,0.0,0.0,0.0,2260.0,8925.0,9588.0,2343.0,9640,0.0,6250.0,0.0,5850,4308.0,0.0,5650.0,3200.0,68689,31335,1480.0,0.0,12135.0,29000,6697.0,5600.0,11980.0,0.0
6750,6600.0,17110,1426,0.0,0.0,3815.0,33360.0,24450.0,9414.0,1751.0,28271.0,2570.0,3415,0.0,0.0,0.0,0.0,2224.0,8855.0,9570.0,2451.0,9695,0.0,6180.0,0.0,5900,4282.0,0.0,5625.0,3226.0,71000,32510,1475.0,0.0,12050.0,29425,6700.0,5600.0,11700.0,0.0
6790,6710.0,17210,1413,0.0,0.0,3990.0,33410.0,24800.0,9410.0,1732.0,29356.0,2585.0,3390,0.0,0.0,0.0,0.0,2173.0,8884.0,9420.0,2409.0,9675,0.0,6260.0,0.0,5865,4282.0,0.0,5575.0,3224.0,70212,32800,1484.0,0.0,11750.0,29480,6759.0,5585.0,11978.0,0.0
6715,6750.0,17050,1400,0.0,0.0,3994.0,33600.0,24375.0,9565.0,1750.0,28181.0,2534.0,3392,0.0,0.0,0.0,0.0,2214.0,8750.0,9412.0,2434.0,9701,0.0,6297.0,0.0,5860,4280.0,0.0,5645.0,3200.0,70500,32489,1466.0,0.0,11617.0,29550,6700.0,5760.0,11910.0,0.0
6625,6780.0,16870,1415,0.0,0.0,4080.0,32499.0,24422.0,9580.0,1712.0,27931.0,2550.0,3364,0.0,0.0,0.0,0.0,2159.0,8950.0,9627.0,2390.0,9688,0.0,6210.0,0.0,5830,4099.0,0.0,5570.0,3200.0,70735,31758,1471.0,0.0,11550.0,29499,6760.0,5800.0,11960.0,0.0
6768,6780.0,16947,1402,0.0,0.0,4100.0,32900.0,23975.0,9550.0,1700.0,29206.0,2562.0,3353,0.0,0.0,0.0,0.0,2231.0,8850.0,9768.0,2402.0,9545,0.0,6272.0,0.0,5825,4100.0,0.0,5529.0,3168.0,73848,31550,1484.0,0.0,11476.0,29200,6754.0,5730.0,11977.0,0.0
6790,6800.0,17450,1407,0.0,0.0,4100.0,34075.0,24160.0,9661.0,1744.0,28981.0,2516.0,3366,0.0,0.0,0.0,0.0,2220.0,8800.0,9592.0,2432.0,9695,0.0,6249.0,0.0,5947,4168.0,0.0,5600.0,3193.0,73600,32475,1513.0,0.0,11499.0,29819,6715.0,5850.0,11940.0,0.0
6750,6900.0,17281,1400,0.0,0.0,4122.0,33000.0,23840.0,9695.0,1761.0,28781.0,2642.0,3332,0.0,0.0,0.0,0.0,2250.0,8800.0,9680.0,2439.0,9695,0.0,6328.0,0.0,5900,4050.0,0.0,5560.0,3210.0,75460,32675,1505.0,0.0,11470.0,29998,6775.0,5865.0,11900.0,0.0
6610,7100.0,17400,1392,0.0,0.0,4102.0,33300.0,23460.0,9630.0,1729.0,28366.0,2640.0,3283,0.0,0.0,0.0,0.0,2201.0,8825.0,9821.0,2498.0,9710,0.0,6220.0,0.0,5855,4120.0,0.0,5509.0,3225.0,74650,32900,1483.0,0.0,11440.0,30200,6815.0,5950.0,11815.0,0.0
6680,7150.0,17300,1382,0.0,0.0,4115.0,33300.0,23100.0,9349.0,1695.0,27976.0,2645.0,3254,0.0,0.0,0.0,0.0,2160.0,8725.0,9503.0,2450.0,9560,0.0,6132.0,0.0,5683,3950.0,0.0,5340.0,3217.0,75000,31899,1482.0,0.0,11364.0,29700,6728.0,5770.0,11650.0,0.0
6800,7151.0,17350,1389,0.0,0.0,4050.0,33050.0,22802.0,9140.0,1680.0,27713.0,2579.0,3363,0.0,0.0,0.0,0.0,2215.0,8600.0,9513.0,2399.0,9680,0.0,6196.0,0.0,5505,4020.0,0.0,5276.0,3166.0,76200,31713,1476.0,0.0,11200.0,29000,6750.0,5801.0,11500.0,0.0
7000,7100.0,17175,1385,0.0,0.0,3980.0,32401.0,22539.0,9100.0,1665.0,27980.0,2540.0,3374,0.0,0.0,0.0,0.0,2233.0,8652.0,9944.0,2390.0,9580,0.0,6307.0,0.0,5602,4100.0,0.0,5343.0,3185.0,75500,31900,1491.0,0.0,11300.0,29080,6800.0,5700.0,11880.0,0.0
6950,7100.0,17499,1388,0.0,0.0,3980.0,33995.0,23180.0,9420.0,1700.0,27981.0,2515.0,3407,0.0,0.0,0.0,0.0,2270.0,8700.0,10076.0,2411.0,9700,0.0,6125.0,0.0,5705,4158.0,0.0,5390.0,3179.0,75510,32612,1494.0,0.0,11599.0,29650,6620.0,5699.0,12048.0,0.0
6950,7200.0,18100,1375,0.0,0.0,4000.0,34500.0,23220.0,9230.0,1670.0,28401.0,2575.0,3417,0.0,0.0,0.0,0.0,2245.0,8660.0,10097.0,2393.0,9724,0.0,6125.0,0.0,5600,4171.0,0.0,5360.0,3100.0,77000,33164,1483.0,0.0,11780.0,29650,6515.0,5670.0,11690.0,0.0
6950,7350.0,18350,1350,0.0,0.0,4190.0,33800.0,23107.0,9200.0,1693.0,28696.0,2590.0,3400,0.0,0.0,0.0,0.0,2233.0,8678.0,9768.0,2399.0,9719,0.0,6179.0,0.0,5600,4178.0,0.0,5400.0,3240.0,78600,32598,1505.0,0.0,11550.0,28999,6450.0,5630.0,11490.0,0.0
6900,7200.0,18300,1373,0.0,0.0,4355.0,32800.0,23750.0,9151.0,1670.0,28681.0,2510.0,3470,0.0,0.0,0.0,0.0,2255.0,8660.0,9361.0,2426.0,9700,0.0,6150.0,0.0,5600,4251.0,0.0,5350.0,3215.0,80500,32700,1500.0,0.0,11593.0,29423,6518.0,5580.0,11610.0,0.0
6925,7300.0,18600,1398,0.0,0.0,4235.0,31600.0,23593.0,9030.0,1660.0,29181.0,2520.0,3529,0.0,0.0,0.0,0.0,2245.0,8650.0,9319.0,2424.0,9675,0.0,6365.0,0.0,5550,4203.0,0.0,5301.0,3100.0,78300,31791,1515.0,0.0,11535.0,29696,6560.0,5500.0,11739.0,0.0
6940,7350.0,18100,1395,0.0,0.0,4205.0,31550.0,23482.0,8825.0,1665.0,28981.0,2491.0,3534,0.0,0.0,0.0,0.0,2208.0,8700.0,9153.0,2370.0,9700,0.0,6375.0,0.0,5450,4107.0,0.0,5194.0,3090.0,78000,31360,1522.0,0.0,11430.0,29497,6515.0,5500.0,11500.0,0.0
7120,7400.0,17980,1392,0.0,0.0,4151.0,31700.0,23725.0,8850.0,1642.0,29237.0,2500.0,3549,0.0,0.0,0.0,0.0,2262.0,8650.0,9406.0,2371.0,9850,0.0,6380.0,0.0,5415,3971.0,0.0,5123.0,3046.0,79175,31092,1539.0,0.0,11470.0,29525,6635.0,5370.0,11075.0,0.0
7161,7350.0,18185,1399,0.0,0.0,4110.0,31950.0,23811.0,8898.0,1651.0,29780.0,2532.0,3559,0.0,0.0,0.0,0.0,2223.0,8633.0,9288.0,2383.0,10040,0.0,6450.0,0.0,5470,4035.0,0.0,5175.0,3075.0,79995,31100,1573.0,0.0,11800.0,29462,6610.0,5330.0,11373.0,0.0
7200,7350.0,18700,1400,0.0,0.0,4180.0,31720.0,23890.0,8975.0,1695.0,29895.0,2550.0,3563,0.0,0.0,0.0,0.0,2255.0,8700.0,9239.0,2388.0,10098,0.0,6450.0,0.0,5520,4100.0,0.0,5265.0,3080.0,80400,31205,1557.0,0.0,11980.0,29490,6653.0,5385.0,11400.0,0.0
7250,7400.0,19100,1395,0.0,0.0,4155.0,31550.0,23814.0,9035.0,1698.0,29980.0,2580.0,3559,0.0,0.0,0.0,0.0,2239.0,8669.0,9262.0,2398.0,10247,0.0,6449.0,0.0,5530,4125.0,0.0,5224.0,3117.0,77780,31740,1542.0,0.0,12120.0,29405,6831.0,5350.0,11460.0,0.0
7250,7400.0,18700,1395,0.0,0.0,4300.0,31300.0,23690.0,9085.0,1700.0,29980.0,2580.0,3559,0.0,0.0,0.0,0.0,2239.0,8689.0,9262.0,2420.0,10200,0.0,6449.0,0.0,5465,4030.0,0.0,5194.0,3040.0,77780,31900,1542.0,0.0,11947.0,28300,6825.0,5439.0,11100.0,0.0
7480,7650.0,18700,1386,0.0,0.0,4290.0,31300.0,23690.0,9085.0,1700.0,30580.0,2579.0,3521,0.0,0.0,0.0,0.0,2260.0,8689.0,9244.0,2420.0,10200,0.0,6607.0,0.0,5465,4030.0,0.0,5194.0,3040.0,77497,31900,1559.0,0.0,11947.0,28300,6880.0,5439.0,11100.0,0.0
7320,7650.0,19358,1393,0.0,0.0,4290.0,30711.0,23590.0,9250.0,1715.0,30080.0,2579.0,3549,0.0,0.0,0.0,0.0,2245.0,8750.0,9222.0,2438.0,10190,0.0,6550.0,0.0,5500,4100.0,0.0,5198.0,3045.0,78300,31500,1560.0,0.0,12305.0,28570,6880.0,5368.0,11277.0,0.0
7420,7550.0,19650,1400,0.0,0.0,4449.0,30600.0,23825.0,9745.0,1699.0,29980.0,2600.0,3530,0.0,0.0,0.0,0.0,2263.0,8904.0,8958.0,2474.0,10200,0.0,6600.0,0.0,5383,4025.0,0.0,5180.0,3040.0,78105,32190,1541.0,0.0,12250.0,28401,6999.0,5500.0,11475.0,0.0
7380,7602.0,19524,1400,0.0,0.0,4500.0,30905.0,24099.0,9980.0,1697.0,30080.0,2521.0,3510,0.0,0.0,0.0,0.0,2240.0,8950.0,8967.0,2494.0,10150,0.0,6600.0,0.0,5400,4049.0,0.0,5240.0,3050.0,80000,32650,1547.0,0.0,12300.0,28950,6960.0,5525.0,11300.0,0.0
7390,7620.0,19790,1395,0.0,0.0,4700.0,30750.0,24440.0,9950.0,1730.0,29980.0,2600.0,3563,0.0,0.0,0.0,0.0,2253.0,8950.0,8877.0,2494.0,10215,0.0,6590.0,0.0,5490,4050.0,0.0,5275.0,3048.0,79700,32850,1549.0,0.0,12350.0,29200,6950.0,5580.0,11575.0,0.0
7390,7650.0,20000,1390,0.0,0.0,4700.0,30749.0,24650.0,9999.0,1747.0,30080.0,2576.0,3563,0.0,0.0,0.0,0.0,2270.0,8910.0,8919.0,2488.0,10198,0.0,6600.0,0.0,5453,3991.0,0.0,5266.0,3050.0,80000,32500,1556.0,0.0,12299.0,29600,6925.0,5701.0,11720.0,0.0
7390,7690.0,19900,1390,0.0,0.0,4660.0,30900.0,24258.0,10000.0,1731.0,30080.0,2601.0,3563,0.0,0.0,0.0,0.0,2270.0,8997.0,8919.0,2464.0,10275,0.0,6600.0,0.0,5390,3950.0,0.0,5174.0,3069.0,80000,32319,1556.0,0.0,12450.0,29400,6961.0,5630.0,11640.0,0.0
7394,7699.0,19900,1400,0.0,0.0,4610.0,30900.0,24258.0,10000.0,1731.0,29875.0,2630.0,3626,0.0,0.0,0.0,0.0,2281.0,8997.0,8865.0,2464.0,10275,0.0,6670.0,0.0,5390,3950.0,0.0,5174.0,3069.0,80500,32319,1578.0,0.0,12450.0,29400,6960.0,5630.0,11640.0,0.0
7380,7699.0,20299,1397,0.0,0.0,4610.0,30970.0,24375.0,10340.0,1775.0,29031.0,2630.0,3585,0.0,0.0,0.0,0.0,2305.0,9000.0,8545.0,2515.0,10300,0.0,6599.0,0.0,5400,3982.0,0.0,5185.0,3099.0,79500,32651,1546.0,0.0,12563.0,30076,6960.0,5750.0,11920.0,0.0
7300,7600.0,19960,1390,0.0,0.0,4750.0,30125.0,23860.0,10400.0,1769.0,29371.0,2651.0,3558,0.0,0.0,0.0,0.0,2270.0,8785.0,8492.0,2524.0,10076,0.0,6536.0,0.0,5350,3960.0,0.0,5124.0,3120.0,78810,32298,1543.0,0.0,12425.0,30000,7100.0,5700.0,11800.0,0.0
7360,7600.0,20000,1399,0.0,0.0,4800.0,29950.0,23850.0,10100.0,1770.0,29980.0,2670.0,3619,0.0,0.0,0.0,0.0,2275.0,8900.0,8622.0,2485.0,10160,0.0,6522.0,0.0,5320,4000.0,0.0,5099.0,3160.0,79250,31850,1559.0,0.0,12300.0,29600,7000.0,5455.0,11581.0,0.0
7360,7600.0,20299,1399,0.0,0.0,4839.0,30629.0,24199.0,10450.0,1785.0,29980.0,2689.0,3619,0.0,0.0,0.0,0.0,2275.0,8920.0,8622.0,2488.0,10200,0.0,6522.0,0.0,5325,4000.0,0.0,5100.0,3195.0,79250,31949,1559.0,0.0,12405.0,29800,7099.0,5649.0,11790.0,0.0
7342,7887.0,20299,1393,0.0,0.0,4804.0,30629.0,24199.0,10450.0,1785.0,30080.0,2725.0,3605,0.0,0.0,0.0,0.0,2280.0,8920.0,8743.0,2488.0,10200,0.0,6575.0,0.0,5325,4000.0,0.0,5100.0,3195.0,80500,31949,1564.0,0.0,12405.0,29800,7109.0,5649.0,11790.0,0.0
7399,7887.0,21150,1397,0.0,0.0,4804.0,30707.0,23950.0,10400.0,1790.0,30180.0,2725.0,3647,0.0,0.0,0.0,0.0,2325.0,8831.0,8712.0,2503.0,10150,0.0,6650.0,0.0,5398,4070.0,0.0,5218.0,3205.0,80200,32850,1603.0,0.0,12384.0,30335,7109.0,5675.0,11465.0,0.0
7400,7860.0,21800,1383,0.0,0.0,4795.0,30895.0,23701.0,10615.0,1810.0,30080.0,2729.0,3629,0.0,0.0,0.0,0.0,2300.0,8960.0,8823.0,2502.0,10395,0.0,6630.0,0.0,5540,4100.0,0.0,5300.0,3221.0,80000,33020,1608.0,0.0,12640.0,30550,7100.0,5725.0,11150.0,0.0
7300,7900.0,21400,1386,0.0,0.0,5100.0,32065.0,23780.0,10490.0,1810.0,29480.0,2774.0,3591,0.0,0.0,0.0,0.0,2293.0,8924.0,8787.0,2516.0,10380,0.0,6600.0,0.0,5480,4200.0,0.0,5305.0,3215.0,79400,33400,1610.0,0.0,12335.0,30708,7193.0,5571.0,11075.0,0.0
7350,8000.0,21033,1388,0.0,0.0,4939.0,31900.0,24099.0,10650.0,1805.0,29780.0,2745.0,3586,0.0,0.0,0.0,0.0,2287.0,8845.0,8831.0,2542.0,10300,0.0,6600.0,0.0,5600,4220.0,0.0,5420.0,3195.0,78600,33539,1615.0,0.0,12550.0,30535,7204.0,5401.0,10810.0,0.0
7241,7960.0,21700,1382,0.0,0.0,4980.0,32200.0,24014.0,10920.0,1790.0,28969.0,2785.0,3591,0.0,0.0,0.0,0.0,2270.0,8900.0,8950.0,2601.0,10299,0.0,6570.0,0.0,5649,4455.0,0.0,5501.0,3180.0,80300,34000,1598.0,0.0,12403.0,30899,7130.0,5385.0,10930.0,0.0
7234,7939.0,22251,1390,0.0,0.0,4979.0,32451.0,23971.0,11200.0,1805.0,29269.0,2782.0,3594,0.0,0.0,0.0,0.0,2293.0,8818.0,8888.0,2640.0,10250,0.0,6455.0,0.0,5511,4447.0,0.0,5400.0,3186.0,80900,34461,1585.0,0.0,12255.0,31800,7150.0,5350.0,10800.0,0.0
7100,7850.0,22250,1399,0.0,0.0,4980.0,31700.0,24260.0,10800.0,1780.0,29680.0,2722.0,3668,0.0,0.0,0.0,0.0,2302.0,8875.0,8668.0,2612.0,10320,0.0,6463.0,0.0,5500,4299.0,0.0,5364.0,3140.0,81000,33480,1589.0,0.0,12285.0,31175,7075.0,5340.0,10550.0,0.0
6800,7465.0,22250,1395,0.0,0.0,4925.0,31005.0,24400.0,11096.0,1777.0,29291.0,2705.0,3612,0.0,0.0,0.0,0.0,2300.0,8885.0,8782.0,2655.0,10258,0.0,6515.0,0.0,5600,4389.0,0.0,5441.0,3156.0,80450,33400,1567.0,0.0,12100.0,31000,6925.0,5404.0,10800.0,0.0
6760,7369.0,21700,1415,0.0,0.0,4990.0,30960.0,24405.0,11279.0,1778.0,28981.0,2685.0,3605,0.0,0.0,0.0,0.0,2262.0,8981.0,8624.0,2650.0,10320,0.0,6515.0,0.0,5670,4432.0,0.0,5522.0,3180.0,77200,33250,1567.0,0.0,12110.0,30850,6885.0,5341.0,10750.0,0.0
6819,7600.0,21600,1411,0.0,0.0,5180.0,30050.0,24636.0,11095.0,1775.0,28981.0,2700.0,3661,0.0,0.0,0.0,0.0,2277.0,8875.0,8510.0,2609.0,10425,0.0,6584.0,0.0,5515,4400.0,0.0,5350.0,3238.0,79000,33175,1579.0,0.0,12015.0,30479,6890.0,5416.0,10899.0,0.0
6981,7560.0,21602,1413,0.0,0.0,5155.0,30370.0,24780.0,11350.0,1780.0,28282.0,2699.0,3677,0.0,0.0,0.0,0.0,2290.0,8970.0,8624.0,2675.0,10500,0.0,6550.0,0.0,5599,4400.0,0.0,5390.0,3185.0,81000,33970,1594.0,0.0,12100.0,30020,6869.0,5363.0,10750.0,0.0
7040,7600.0,21400,1411,0.0,0.0,5360.0,29830.0,25150.0,11331.0,1770.0,28480.0,2630.0,3759,0.0,0.0,0.0,0.0,2310.0,8940.0,8422.0,2690.0,10597,0.0,6700.0,0.0,5535,4480.0,0.0,5385.0,3192.0,80600,33835,1617.0,0.0,12188.0,29798,6900.0,5440.0,10748.0,0.0
6785,7700.0,21400,1403,0.0,0.0,5550.0,29285.0,25450.0,11360.0,1760.0,27772.0,2604.0,3710,0.0,0.0,0.0,0.0,2297.0,9038.0,8413.0,2661.0,10800,0.0,6677.0,0.0,5600,4550.0,0.0,5450.0,3199.0,78150,32621,1615.0,0.0,12150.0,29601,6940.0,5569.0,10710.0,0.0
6554,7780.0,20870,1400,0.0,0.0,5560.0,29300.0,25385.0,11000.0,1760.0,27281.0,2600.0,3670,0.0,0.0,0.0,0.0,2270.0,8995.0,8118.0,2600.0,10800,0.0,6719.0,0.0,5555,4536.0,0.0,5450.0,3200.0,75236,31000,1590.0,0.0,12095.0,29125,7125.0,5440.0,10750.0,0.0
6526,7700.0,20618,1396,0.0,0.0,5300.0,29200.0,25185.0,10693.0,1749.0,27931.0,2535.0,3647,0.0,0.0,0.0,0.0,2271.0,8850.0,8409.0,2539.0,10439,0.0,6832.0,0.0,5435,4450.0,0.0,5301.0,3110.0,76200,30771,1588.0,0.0,12087.0,28999,7035.0,5356.0,10750.0,0.0
6500,7700.0,20865,1386,0.0,0.0,5225.0,29360.0,24874.0,10605.0,1749.0,27482.0,2500.0,3548,0.0,0.0,0.0,0.0,2279.0,8887.0,8184.0,2548.0,10525,0.0,6800.0,0.0,5425,4480.0,0.0,5250.0,3115.0,73001,30450,1581.0,0.0,12085.0,28750,7000.0,5350.0,10925.0,0.0
6500,7700.0,20190,1372,0.0,0.0,5069.0,28701.0,24875.0,10414.0,1772.0,27919.0,2479.0,3587,0.0,0.0,0.0,0.0,2260.0,8944.0,8096.0,2526.0,10500,0.0,6820.0,0.0,5339,4300.0,0.0,5200.0,3060.0,74990,29801,1551.0,0.0,12060.0,28100,6950.0,5285.0,10639.0,0.0
6540,7650.0,20295,1360,0.0,0.0,4916.0,28601.0,25449.0,10696.0,1780.0,27777.0,2465.0,3633,0.0,0.0,0.0,0.0,2293.0,8875.0,8052.0,2581.0,10550,0.0,6952.0,0.0,5325,4350.0,0.0,5180.0,3090.0,73500,29550,1573.0,0.0,12120.0,28838,6898.0,5329.0,10653.0,0.0
6740,7700.0,19995,1369,0.0,0.0,4995.0,28496.0,25287.0,10600.0,1825.0,26982.0,2525.0,3680,0.0,0.0,0.0,0.0,2288.0,9000.0,7836.0,2625.0,10797,0.0,6985.0,0.0,5432,4385.0,0.0,5256.0,3107.0,72599,29075,1585.0,0.0,12200.0,28600,6900.0,5460.0,10675.0,0.0
6675,7700.0,19750,1370,0.0,0.0,5080.0,27895.0,25250.0,10600.0,1828.0,26972.0,2600.0,3647,0.0,0.0,0.0,0.0,2327.0,8995.0,7920.0,2594.0,10885,0.0,7045.0,0.0,5443,4361.0,0.0,5250.0,3105.0,70500,28400,1560.0,0.0,12200.0,28700,7100.0,5450.0,10945.0,0.0
6670,7700.0,18900,1378,0.0,0.0,4975.0,27410.0,24900.0,10200.0,1820.0,27532.0,2650.0,3690,0.0,0.0,0.0,0.0,2329.0,8941.0,7995.0,2620.0,10800,0.0,7032.0,0.0,5450,4260.0,0.0,5310.0,3051.0,73210,28040,1560.0,0.0,12212.0,29001,7100.0,5474.0,10925.0,0.0
6800,7650.0,19950,1380,0.0,0.0,4820.0,28095.0,24610.0,10500.0,1822.0,27980.0,2578.0,3703,0.0,0.0,0.0,0.0,2330.0,8950.0,7832.0,2642.0,10701,0.0,7091.0,0.0,5480,4288.0,0.0,5300.0,3080.0,73500,29167,1563.0,0.0,12150.0,29000,7040.0,5441.0,10935.0,0.0
6838,7780.0,20251,1373,0.0,0.0,4865.0,28100.0,24775.0,10500.0,1880.0,27381.0,2575.0,3729,0.0,0.0,0.0,0.0,2280.0,8980.0,7330.0,2627.0,10670,0.0,7200.0,0.0,5471,4250.0,0.0,5300.0,3119.0,70000,29250,1531.0,0.0,12305.0,29299,7166.0,5450.0,10901.0,0.0
6550,7600.0,19115,1370,0.0,0.0,4975.0,26912.0,25190.0,10111.0,1924.0,26483.0,2650.0,3647,0.0,0.0,0.0,0.0,2275.0,8960.0,7603.0,2594.0,10600,0.0,7160.0,0.0,5530,4200.0,0.0,5300.0,3094.0,68800,27670,1509.0,0.0,12181.0,28000,7249.0,5460.0,10850.0,0.0
6700,7561.0,18329,1366,0.0,0.0,4899.0,27325.0,24870.0,9880.0,1885.0,25883.0,2710.0,3668,0.0,0.0,0.0,0.0,2246.0,8825.0,7770.0,2500.0,10219,0.0,7200.0,0.0,5300,4150.0,0.0,5079.0,3050.0,73300,27246,1505.0,0.0,11725.0,27089,7300.0,5325.0,10700.0,0.0
6650,7561.0,18350,1380,0.0,0.0,4715.0,28100.0,25365.0,10075.0,1913.0,26482.0,2645.0,3709,0.0,0.0,0.0,0.0,2285.0,8870.0,7704.0,2494.0,10339,0.0,7181.0,0.0,5345,4095.0,0.0,5080.0,3050.0,71900,27641,1551.0,0.0,12060.0,27175,7260.0,5335.0,10925.0,0.0
6590,7456.0,19005,1375,0.0,0.0,4850.0,28600.0,24950.0,10100.0,1945.0,26633.0,2600.0,3709,0.0,0.0,0.0,0.0,2265.0,8900.0,7814.0,2570.0,10700,0.0,7203.0,0.0,5357,4107.0,0.0,5100.0,3030.0,72575,28650,1535.0,0.0,12170.0,27800,7286.0,5550.0,11100.0,0.0
6700,7549.0,18751,1380,0.0,0.0,4900.0,28515.0,25000.0,10100.0,1971.0,27427.0,2623.0,3747,0.0,0.0,0.0,0.0,2275.0,8905.0,7788.0,2562.0,10515,0.0,7215.0,0.0,5303,4100.0,0.0,5114.0,3140.0,71885,28375,1536.0,0.0,12140.0,27700,7139.0,5460.0,11080.0,0.0
7000,7575.0,18600,1380,0.0,0.0,4855.0,28725.0,25180.0,10100.0,1968.0,27481.0,2610.0,3701,0.0,0.0,0.0,0.0,2260.0,8900.0,7962.0,2530.0,10420,0.0,7296.0,0.0,5380,4100.0,0.0,5119.0,3090.0,70801,28076,1499.0,0.0,11900.0,27305,7079.0,5450.0,11275.0,0.0
6950,7755.0,18450,1385,0.0,0.0,4815.0,28900.0,26095.0,10100.0,1955.0,27632.0,2620.0,3758,0.0,0.0,0.0,0.0,2300.0,8900.0,8213.0,2518.0,10370,0.0,7400.0,0.0,5380,4087.0,0.0,5150.0,3130.0,73300,27750,1555.0,0.0,11883.0,26800,7006.0,5385.0,11050.0,0.0
6970,7830.0,18500,1399,0.0,0.0,4735.0,29100.0,26020.0,10380.0,1983.0,27989.0,2612.0,3731,0.0,0.0,0.0,0.0,2320.0,9025.0,8325.0,2545.0,10600,0.0,7475.0,0.0,5520,4156.0,0.0,5277.0,3155.0,73400,28500,1529.0,0.0,12052.0,27180,7050.0,5410.0,11147.0,0.0
7025,7940.0,18800,1400,0.0,0.0,4850.0,29760.0,25650.0,10721.0,1967.0,28381.0,2620.0,3709,0.0,0.0,0.0,0.0,2338.0,9175.0,8259.0,2532.0,10697,0.0,7451.0,0.0,5550,4185.0,0.0,5304.0,3198.0,73500,29150,1556.0,0.0,12382.0,28175,7115.0,5350.0,10920.0,0.0
6939,7800.0,19620,1396,0.0,0.0,4700.0,29500.0,25652.0,10855.0,1982.0,27911.0,2650.0,3754,0.0,0.0,0.0,0.0,2365.0,9170.0,8202.0,2540.0,10900,0.0,7485.0,0.0,5700,4230.0,0.0,5458.0,3212.0,74600,29588,1550.0,0.0,12468.0,27900,7070.0,5360.0,10880.0,0.0
6940,8000.0,19622,1406,0.0,0.0,4900.0,28610.0,25950.0,10970.0,1970.0,27970.0,2669.0,3724,0.0,0.0,0.0,0.0,2355.0,9190.0,8074.0,2595.0,10855,0.0,7506.0,0.0,5708,4228.0,0.0,5520.0,3202.0,74013,29690,1530.0,0.0,12310.0,28150,7179.0,5400.0,11175.0,0.0
6915,8100.0,19450,1405,0.0,0.0,4875.0,28100.0,26210.0,10995.0,1964.0,28481.0,2670.0,3703,0.0,0.0,0.0,0.0,2399.0,9028.0,8008.0,2596.0,10801,0.0,7695.0,0.0,5610,4239.0,0.0,5445.0,3200.0,72199,28900,1534.0,0.0,12123.0,28275,7189.0,5425.0,11150.0,0.0
6780,8100.0,19200,1420,0.0,0.0,4860.0,28090.0,26250.0,10900.0,2050.0,28488.0,2725.0,3661,0.0,0.0,0.0,0.0,2402.0,9130.0,7868.0,2627.0,10674,0.0,7647.0,0.0,5670,4380.0,0.0,5530.0,3230.0,69800,29300,1543.0,0.0,12300.0,28642,7202.0,5505.0,11050.0,0.0
6750,8075.0,18600,1449,0.0,0.0,4850.0,27450.0,26300.0,10890.0,2038.0,28671.0,2790.0,3636,0.0,0.0,0.0,0.0,2405.0,8957.0,7730.0,2598.0,10550,0.0,7455.0,0.0,5630,4610.0,0.0,5440.0,3330.0,68610,28720,1533.0,0.0,12040.0,28425,7224.0,5425.0,11050.0,0.0
6935,8025.0,18348,1463,0.0,0.0,4736.0,27225.0,26700.0,10900.0,2045.0,28681.0,2789.0,3641,0.0,0.0,0.0,0.0,2410.0,8840.0,7734.0,2576.0,10580,0.0,7470.0,0.0,5525,4479.0,0.0,5365.0,3295.0,68850,28600,1539.0,0.0,12200.0,28160,7372.0,5500.0,11051.0,0.0
7100,8249.0,18300,1455,0.0,0.0,4645.0,27268.0,26100.0,10810.0,2039.0,28781.0,2790.0,3703,0.0,0.0,0.0,0.0,2443.0,8875.0,7819.0,2588.0,10625,0.0,7490.0,0.0,5505,4432.0,0.0,5274.0,3300.0,71450,27610,1546.0,0.0,12150.0,27710,7150.0,5369.0,11100.0,0.0
7489,8210.0,18785,1450,0.0,0.0,4490.0,27699.0,26000.0,11500.0,2061.0,29231.0,2755.0,3752,0.0,0.0,0.0,0.0,2430.0,9000.0,7704.0,2555.0,10746,0.0,7500.0,0.0,5445,4420.0,0.0,5219.0,3361.0,69999,27650,1577.0,0.0,12000.0,28195,7280.0,5375.0,11190.0,0.0
7700,8200.0,18650,1461,0.0,0.0,4454.0,27360.0,26025.0,11400.0,2120.0,29681.0,2760.0,3799,0.0,0.0,0.0,0.0,2495.0,9100.0,7918.0,2630.0,10950,0.0,7450.0,0.0,5470,4420.0,0.0,5175.0,3351.0,68750,27915,1590.0,0.0,12320.0,28600,7300.0,5450.0,11399.0,0.0
7652,8201.0,18650,1489,0.0,0.0,4500.0,27800.0,25941.0,11550.0,2100.0,29680.0,2819.0,3928,0.0,0.0,0.0,0.0,2525.0,9050.0,8078.0,2740.0,11100,0.0,7510.0,0.0,5650,4614.0,0.0,5369.0,3361.0,69290,28449,1607.0,0.0,12470.0,28399,7290.0,5440.0,11600.0,0.0
7684,8199.0,19310,1489,0.0,0.0,4500.0,28100.0,25975.0,11600.0,2200.0,29638.0,2829.0,3914,0.0,0.0,0.0,0.0,2546.0,9165.0,8061.0,2738.0,11090,0.0,7600.0,0.0,5820,4819.0,0.0,5550.0,3350.0,69349,29394,1624.0,0.0,12500.0,28600,7338.0,5400.0,11510.0,0.0
7627,8200.0,19200,1479,0.0,0.0,4650.0,28199.0,26062.0,11600.0,2200.0,29381.0,2905.0,3844,0.0,0.0,0.0,0.0,2520.0,9306.0,8136.0,2705.0,11194,0.0,7600.0,0.0,5928,4880.0,0.0,5710.0,3370.0,69145,29600,1664.0,0.0,12655.0,28455,7350.0,5465.0,11769.0,0.0
7725,8348.0,19300,1478,0.0,0.0,4840.0,28315.0,26029.0,11739.0,2150.0,29381.0,2900.0,3940,0.0,0.0,0.0,0.0,2532.0,9350.0,8096.0,2696.0,11265,0.0,7697.0,0.0,5940,4900.0,0.0,5730.0,3420.0,70450,29940,1662.0,0.0,12650.0,28400,7331.0,5450.0,11820.0,0.0
7640,8500.0,19310,1475,0.0,0.0,4845.0,27880.0,25205.0,11750.0,2196.0,29730.0,2900.0,3886,0.0,0.0,0.0,0.0,2515.0,9599.0,7964.0,2721.0,11440,0.0,7800.0,0.0,6035,4840.0,0.0,5797.0,3385.0,69680,29850,1645.0,0.0,12965.0,29100,7403.0,5490.0,11775.0,0.0
7701,8710.0,19200,1490,0.0,0.0,4835.0,27719.0,24764.0,11550.0,2185.0,29975.0,2910.0,3944,0.0,0.0,0.0,0.0,2540.0,9550.0,7920.0,2700.0,11201,0.0,7790.0,0.0,5992,4849.0,0.0,5824.0,3422.0,70200,29300,1674.0,0.0,12701.0,28905,7447.0,5550.0,11890.0,0.0
7800,8850.0,19426,1485,0.0,0.0,4675.0,27805.0,24650.0,11750.0,2229.0,29979.0,2920.0,3872,0.0,0.0,0.0,0.0,2505.0,9600.0,7744.0,2751.0,11293,0.0,7798.0,0.0,6070,5025.0,0.0,5920.0,3406.0,69200,29654,1662.0,0.0,12900.0,28700,7470.0,5550.0,11795.0,0.0
7800,9000.0,19310,1485,0.0,0.0,4750.0,27500.0,25095.0,11462.0,2200.0,30130.0,3000.0,3914,0.0,0.0,0.0,0.0,2510.0,9700.0,7951.0,2790.0,11239,0.0,7849.0,0.0,6060,5058.0,0.0,5900.0,3440.0,69900,29600,1670.0,0.0,12800.0,28238,7470.0,5430.0,11550.0,0.0
7713,9250.0,19801,1425,0.0,0.0,4740.0,28000.0,25035.0,11525.0,2216.0,30385.0,2997.0,3899,0.0,0.0,0.0,0.0,2500.0,9695.0,7784.0,2823.0,11450,0.0,7720.0,0.0,6089,5100.0,0.0,5929.0,3427.0,70001,30490,1671.0,0.0,12800.0,28500,7599.0,5460.0,11806.0,0.0
7655,9300.0,19700,1440,0.0,0.0,4648.0,27800.0,24601.0,11831.0,2250.0,30979.0,2970.0,3893,0.0,0.0,0.0,0.0,2505.0,9610.0,7964.0,2829.0,11255,0.0,7790.0,0.0,5999,5135.0,0.0,5885.0,3430.0,70000,29835,1683.0,0.0,12861.0,28350,7690.0,5470.0,11960.0,0.0
7780,9300.0,19649,1450,0.0,0.0,4499.0,28100.0,24980.0,11751.0,2270.0,31549.0,2960.0,3991,0.0,0.0,0.0,0.0,2503.0,9650.0,7964.0,2848.0,11400,0.0,7851.0,0.0,6094,5348.0,0.0,5920.0,3400.0,72300,30066,1700.0,0.0,12971.0,28400,7600.0,5480.0,12020.0,0.0
8184,9500.0,19723,1453,0.0,0.0,4500.0,28480.0,25051.0,12100.0,2325.0,32279.0,2960.0,4054,0.0,0.0,0.0,0.0,2507.0,9888.0,8065.0,2855.0,11700,0.0,7975.0,0.0,6285,5399.0,0.0,5995.0,3430.0,74499,30560,1748.0,0.0,13350.0,28400,7681.0,5509.0,12000.0,0.0
7989,9505.0,20600,1475,0.0,0.0,4545.0,28499.0,25120.0,12600.0,2390.0,31729.0,3100.0,3970,0.0,0.0,0.0,0.0,2468.0,10052.0,8026.0,2888.0,11800,0.0,7790.0,0.0,6272,5380.0,0.0,5985.0,3440.0,73883,30592,1738.0,0.0,13550.0,28530,7670.0,5651.0,12450.0,0.0
7989,9440.0,20389,1475,0.0,0.0,4470.0,28250.0,24801.0,12605.0,2270.0,31729.0,3183.0,3970,0.0,0.0,0.0,0.0,2468.0,10165.0,8026.0,2886.0,11680,0.0,7790.0,0.0,6350,5201.0,0.0,6110.0,3480.0,73883,29850,1738.0,0.0,13213.0,28450,7825.0,5710.0,12415.0,0.0
7971,9330.0,20500,1477,0.0,0.0,4600.0,28350.0,24801.0,12651.0,2270.0,32159.0,3114.0,3852,0.0,0.0,0.0,0.0,2475.0,10250.0,8077.0,2886.0,11680,0.0,7850.0,0.0,6350,5201.0,0.0,6110.0,3480.0,71560,29850,1734.0,0.0,13213.0,28450,7682.0,5710.0,12415.0,0.0
8013,9330.0,20000,1490,0.0,0.0,4600.0,28150.0,24850.0,12600.0,2258.0,31649.0,3114.0,3802,0.0,0.0,0.0,0.0,2466.0,10015.0,8008.0,2868.0,11612,0.0,7790.0,0.0,6400,5205.0,0.0,6121.0,3460.0,71900,29990,1734.0,0.0,13455.0,28200,7682.0,5601.0,12210.0,0.0
8075,9065.0,20150,1502,0.0,0.0,4532.0,27700.0,24834.0,12600.0,2240.0,31679.0,3050.0,3830,0.0,0.0,0.0,0.0,2454.0,9845.0,7999.0,2862.0,11573,0.0,7890.0,0.0,6460,5208.0,0.0,6130.0,3460.0,72080,30050,1740.0,0.0,13440.0,28250,7770.0,5650.0,12156.0,0.0
7905,9151.0,20300,1497,0.0,0.0,4550.0,27500.0,25220.0,12700.0,2300.0,31729.0,3000.0,3799,0.0,0.0,0.0,0.0,2450.0,9845.0,7876.0,2872.0,11580,0.0,7820.0,0.0,6480,5180.0,0.0,6150.0,3435.0,72500,30644,1691.0,0.0,13700.0,28801,7689.0,5615.0,11520.0,0.0
7965,9130.0,20250,1492,0.0,0.0,4531.0,27485.0,25210.0,12500.0,2276.0,31504.0,2988.0,3780,0.0,0.0,0.0,0.0,2475.0,9812.0,8096.0,2860.0,11480,0.0,7550.0,0.0,6540,5145.0,0.0,6248.0,3435.0,71850,30990,1698.0,0.0,13640.0,29389,7620.0,5630.0,11600.0,0.0
7880,9315.0,21001,1485,0.0,0.0,4600.0,28149.0,25380.0,12450.0,2285.0,31859.0,3000.0,3782,0.0,0.0,0.0,0.0,2451.0,9947.0,7994.0,2849.0,11390,0.0,7375.0,0.0,6520,5175.0,0.0,6238.0,3420.0,72400,31382,1704.0,0.0,13850.0,30162,7600.0,5550.0,11255.0,0.0
7955,9200.0,21350,1475,0.0,0.0,4750.0,27661.0,25420.0,12611.0,2233.0,31629.0,3000.0,3823,0.0,0.0,0.0,0.0,2487.0,9720.0,8114.0,2820.0,11375,0.0,7270.0,0.0,6285,5225.0,0.0,6001.0,3415.0,74000,31750,1717.0,0.0,14190.0,30540,7561.0,5520.0,11190.0,0.0
7990,9250.0,21400,1491,0.0,0.0,4785.0,27795.0,25360.0,12590.0,2253.0,32089.0,2975.0,3808,0.0,0.0,0.0,0.0,2453.0,9800.0,8175.0,2840.0,11460,0.0,7430.0,0.0,6249,5150.0,0.0,5945.0,3450.0,74000,31895,1717.0,0.0,14000.0,30273,7480.0,5560.0,11200.0,0.0
7990,9455.0,21500,1491,0.0,0.0,4800.0,28360.0,25250.0,12684.0,2260.0,32089.0,2964.0,3808,0.0,0.0,0.0,0.0,2453.0,9795.0,8175.0,2890.0,11475,0.0,7430.0,0.0,6318,5187.0,0.0,6000.0,3400.0,74000,32743,1717.0,0.0,13900.0,30420,7450.0,5653.0,11176.0,0.0
7990,9740.0,21500,1491,0.0,0.0,4868.0,28360.0,25250.0,12684.0,2260.0,32089.0,2950.0,3808,0.0,0.0,0.0,0.0,2453.0,9795.0,8175.0,2890.0,11475,0.0,7430.0,0.0,6318,5187.0,0.0,6000.0,3400.0,74000,32743,1717.0,0.0,13900.0,30420,7510.0,5653.0,11176.0,0.0
8160,9740.0,21500,1505,0.0,0.0,4868.0,28360.0,25250.0,12684.0,2260.0,31879.0,2950.0,3875,0.0,0.0,0.0,0.0,2458.0,9795.0,8373.0,2890.0,11475,0.0,7725.0,0.0,6318,5187.0,0.0,6000.0,3400.0,75850,32743,1722.0,0.0,13900.0,30420,7510.0,5653.0,11176.0,0.0
8465,9740.0,21875,1515,0.0,0.0,4868.0,29500.0,25165.0,12815.0,2350.0,31379.0,2950.0,3974,0.0,0.0,0.0,0.0,2473.0,9869.0,8362.0,2868.0,11735,0.0,7933.0,0.0,6430,5175.0,0.0,6124.0,3400.0,77810,33129,1742.0,0.0,14000.0,31100,7510.0,5623.0,11300.0,0.0
8120,10300.0,22200,1525,0.0,0.0,4945.0,29675.0,25132.0,12918.0,2330.0,31079.0,2972.0,3873,0.0,0.0,0.0,0.0,2435.0,9845.0,8448.0,2791.0,11699,0.0,7886.0,0.0,6450,5175.0,0.0,6099.0,3426.0,77850,32796,1672.0,0.0,13950.0,31150,7715.0,5555.0,11320.0,0.0
8160,10500.0,22000,1528,0.0,0.0,5155.0,29699.0,24910.0,12982.0,2240.0,31489.0,3089.0,3882,0.0,0.0,0.0,0.0,2464.0,9720.0,8540.0,2766.0,11525,0.0,8000.0,0.0,6350,5125.0,0.0,6091.0,3425.0,80350,32377,1696.0,0.0,13522.0,31551,7776.0,5530.0,11210.0,0.0
8050,10600.0,22005,1520,0.0,0.0,5100.0,30120.0,24856.0,13180.0,2279.0,31129.0,3028.0,3788,0.0,0.0,0.0,0.0,2477.0,9810.0,8404.0,2825.0,11700,0.0,7999.0,0.0,6380,5150.0,0.0,6030.0,3402.0,79800,33228,1680.0,0.0,13544.0,31050,7580.0,5570.0,11175.0,0.0
8098,10699.0,22200,1528,0.0,0.0,5219.0,29725.0,25084.0,13200.0,2304.0,30880.0,3050.0,3760,0.0,0.0,0.0,0.0,2480.0,9705.0,8206.0,2870.0,11455,0.0,7970.0,0.0,6377,5125.0,0.0,6050.0,3437.0,77001,32850,1683.0,0.0,13430.0,30700,7671.0,5530.0,11225.0,0.0
8289,10200.0,21000,1527,0.0,0.0,5215.0,28800.0,25255.0,13150.0,2322.0,30580.0,3056.0,3788,0.0,0.0,0.0,0.0,2505.0,9790.0,8447.0,2873.0,11420,0.0,8000.0,0.0,6424,5050.0,0.0,6083.0,3430.0,80700,32766,1713.0,0.0,13350.0,30055,7732.0,5550.0,11180.0,0.0
8315,10100.0,21587,1523,0.0,0.0,5219.0,29444.0,25302.0,13374.0,2345.0,30680.0,3117.0,3785,0.0,0.0,0.0,0.0,2540.0,9821.0,8449.0,2890.0,11550,0.0,7931.0,0.0,6495,5220.0,0.0,6155.0,3526.0,82600,33999,1710.0,0.0,13467.0,30800,7690.0,5500.0,11271.0,0.0
8156,10020.0,21850,1517,0.0,0.0,5200.0,29400.0,24914.0,13450.0,2350.0,30555.0,3132.0,3748,0.0,0.0,0.0,0.0,2515.0,9725.0,8238.0,2905.0,11700,0.0,7786.0,0.0,6550,5220.0,0.0,6190.0,3498.0,81435,33871,1700.0,0.0,13707.0,30900,7700.0,5505.0,11375.0,0.0
8250,10001.0,21171,1515,0.0,0.0,5250.0,28700.0,24520.0,13423.0,2280.0,30480.0,3150.0,3738,0.0,0.0,0.0,0.0,2390.0,9740.0,8272.0,2848.0,11525,0.0,7750.0,0.0,6490,5132.0,0.0,6128.0,3490.0,78501,33000,1691.0,0.0,13400.0,30100,7814.0,5410.0,11150.0,0.0
8240,10100.0,20600,1515,0.0,0.0,5175.0,29030.0,24699.0,13001.0,2291.0,30527.0,3100.0,3798,0.0,0.0,0.0,0.0,2375.0,9781.0,8294.0,2805.0,11201,0.0,7816.0,0.0,6360,5120.0,0.0,5992.0,3480.0,80400,32464,1720.0,0.0,13350.0,29500,7700.0,5435.0,11080.0,0.0
8155,9950.0,21350,1515,0.0,0.0,5191.0,29050.0,25155.0,13120.0,2371.0,30335.0,3090.0,3809,0.0,0.0,0.0,0.0,2360.0,9720.0,8316.0,2810.0,11360,0.0,7785.0,0.0,6426,5135.0,0.0,6115.0,3530.0,81800,32740,1713.0,0.0,13466.0,29650,7700.0,5450.0,11080.0,0.0
8075,9910.0,21420,1511,0.0,0.0,5400.0,28850.0,25051.0,13070.0,2395.0,30480.0,3135.0,3771,0.0,0.0,0.0,0.0,2354.0,9761.0,8404.0,2787.0,11304,0.0,7800.0,0.0,6390,5265.0,0.0,6100.0,3592.0,81500,32407,1692.0,0.0,13468.0,29810,7720.0,5520.0,11038.0,0.0
8097,9960.0,20590,1520,0.0,0.0,5360.0,28900.0,25050.0,12900.0,2350.0,30880.0,3160.0,3813,0.0,0.0,0.0,0.0,2350.0,9705.0,8554.0,2779.0,11300,0.0,7869.0,0.0,6360,5200.0,0.0,6015.0,3600.0,80900,32470,1700.0,0.0,13338.0,29890,7840.0,5575.0,10751.0,0.0
8170,10100.0,20790,1520,0.0,0.0,5293.0,29250.0,25050.0,12700.0,2350.0,30703.0,3105.0,3830,0.0,0.0,0.0,0.0,2394.0,9792.0,8449.0,2861.0,11125,0.0,7900.0,0.0,6400,5225.0,0.0,6069.0,3551.0,82200,32593,1768.0,0.0,13300.0,30060,7727.0,5535.0,11000.0,0.0
8170,10275.0,21248,1520,0.0,0.0,5210.0,29686.0,24999.0,12725.0,2347.0,30703.0,3198.0,3830,0.0,0.0,0.0,0.0,2394.0,9970.0,8449.0,2876.0,11548,0.0,7900.0,0.0,6475,5262.0,0.0,6131.0,3555.0,82200,33250,1768.0,0.0,13700.0,30635,7723.0,5629.0,10950.0,0.0
8035,10400.0,21248,1518,0.0,0.0,5305.0,29686.0,24999.0,12725.0,2347.0,30280.0,3180.0,3748,0.0,0.0,0.0,0.0,2361.0,9970.0,8496.0,2876.0,11548,0.0,7861.0,0.0,6475,5262.0,0.0,6131.0,3555.0,80664,33250,1700.0,0.0,13700.0,30635,7800.0,5629.0,10950.0,0.0
8200,10400.0,20625,1511,0.0,0.0,5305.0,30285.0,24100.0,12550.0,2330.0,29930.0,3180.0,3816,0.0,0.0,0.0,0.0,2416.0,9721.0,8667.0,2735.0,11145,0.0,7805.0,0.0,6179,5020.0,0.0,5800.0,3550.0,80800,32000,1730.0,0.0,13275.0,30100,7800.0,5555.0,10678.0,0.0
8350,10200.0,20680,1522,0.0,0.0,5250.0,30695.0,23405.0,12470.0,2330.0,29980.0,3150.0,3872,0.0,0.0,0.0,0.0,2426.0,9900.0,8684.0,2735.0,11250,0.0,7900.0,0.0,6245,5090.0,0.0,5849.0,3540.0,80959,32334,1737.0,0.0,13410.0,29980,7685.0,5674.0,10840.0,0.0
8390,10210.0,21080,1532,0.0,0.0,5250.0,31149.0,23281.0,12350.0,2345.0,30380.0,3121.0,3866,0.0,0.0,0.0,0.0,2430.0,9850.0,8662.0,2725.0,11469,0.0,8126.0,0.0,6240,5000.0,0.0,5889.0,3590.0,81780,31745,1731.0,0.0,13387.0,30100,7666.0,5670.0,10932.0,0.0
8250,10170.0,21200,1522,0.0,0.0,5275.0,30812.0,23507.0,12370.0,2363.0,29800.0,3095.0,3787,0.0,0.0,0.0,0.0,2390.0,9850.0,8749.0,2733.0,11550,0.0,7991.0,0.0,6227,4995.0,0.0,5930.0,3592.0,78600,31800,1699.0,0.0,13625.0,30220,7662.0,5660.0,10914.0,0.0
8047,10300.0,20090,1517,0.0,0.0,5300.0,31020.0,23875.0,11700.0,2340.0,28831.0,3130.0,3745,0.0,0.0,0.0,0.0,2372.0,9875.0,8712.0,2685.0,11300,0.0,7865.0,0.0,6059,4937.0,0.0,5750.0,3592.0,75475,30110,1661.0,0.0,13433.0,29650,7830.0,5500.0,10700.0,0.0
8201,10290.0,19590,1515,0.0,0.0,5150.0,31300.0,23732.0,11590.0,2286.0,29324.0,3120.0,3703,0.0,0.0,0.0,0.0,2347.0,9651.0,8800.0,2617.0,11000,0.0,7851.0,0.0,6025,4970.0,0.0,5652.0,3595.0,72301,29800,1687.0,0.0,13000.0,29000,7790.0,5530.0,10626.0,0.0
7810,10000.0,19397,1480,0.0,0.0,4889.0,31150.0,23700.0,11500.0,2275.0,28181.0,3035.0,3640,0.0,0.0,0.0,0.0,2299.0,9630.0,8666.0,2637.0,11100,0.0,7559.0,0.0,5900,4901.0,0.0,5610.0,3572.0,71000,29525,1594.0,0.0,13350.0,28800,7625.0,5501.0,10501.0,0.0
8250,10027.0,18600,1520,0.0,0.0,4720.0,32000.0,22947.0,10900.0,2187.0,29280.0,3000.0,3781,0.0,0.0,0.0,0.0,2400.0,9395.0,8535.0,2515.0,10400,0.0,7730.0,0.0,5535,4500.0,0.0,5200.0,3530.0,75750,28378,1687.0,0.0,12600.0,27810,7569.0,5339.0,10260.0,0.0
8260,9700.0,20000,1490,0.0,0.0,4495.0,31080.0,23000.0,11300.0,2284.0,28981.0,2940.0,3731,0.0,0.0,0.0,0.0,2371.0,9550.0,9042.0,2663.0,10935,0.0,7880.0,0.0,5904,4839.0,0.0,5640.0,3680.0,74000,30468,1717.0,0.0,13350.0,28570,7400.0,5410.0,10400.0,0.0
8300,10000.0,19537,1515,0.0,0.0,4700.0,32494.0,22993.0,11078.0,2360.0,29930.0,3020.0,3766,0.0,0.0,0.0,0.0,2454.0,9600.0,9192.0,2685.0,11020,0.0,8090.0,0.0,5711,4800.0,0.0,5435.0,3680.0,78855,29637,1768.0,0.0,13530.0,28225,7534.0,5450.0,10400.0,0.0
8295,9989.0,20800,1501,0.0,0.0,4551.0,32899.0,23091.0,11400.0,2390.0,30860.0,3120.0,3745,0.0,0.0,0.0,0.0,2450.0,9725.0,9151.0,2801.0,11377,0.0,8051.0,0.0,5970,5000.0,0.0,5744.0,3700.0,77995,30050,1743.0,0.0,14205.0,28599,7570.0,5591.0,10675.0,0.0
8132,9900.0,20580,1505,0.0,0.0,4845.0,32599.0,22843.0,11475.0,2350.0,30780.0,3178.0,3647,0.0,0.0,0.0,0.0,2376.0,9580.0,9086.0,2740.0,11349,0.0,7870.0,0.0,5900,4910.0,0.0,5660.0,3637.0,74785,30180,1692.0,0.0,13999.0,28522,7735.0,5585.0,10340.0,0.0
8074,10000.0,19400,1510,0.0,0.0,4800.0,31845.0,22541.0,10911.0,2314.0,29980.0,3174.0,3668,0.0,0.0,0.0,0.0,2400.0,9350.0,9108.0,2709.0,10981,0.0,7780.0,0.0,5727,4659.0,0.0,5460.0,3550.0,76331,28881,1676.0,0.0,13786.0,28150,7600.0,5550.0,10250.0,0.0
8090,9999.0,19675,1511,0.0,0.0,4650.0,32290.0,22390.0,11100.0,2289.0,30780.0,3150.0,3691,0.0,0.0,0.0,0.0,2455.0,9272.0,8905.0,2697.0,10999,0.0,7800.0,0.0,5725,4700.0,0.0,5405.0,3541.0,76700,28815,1713.0,0.0,13800.0,28199,7650.0,5800.0,10321.0,0.0
8019,9795.0,19520,1497,0.0,0.0,4570.0,32159.0,22229.0,11100.0,2325.0,29980.0,3200.0,3687,0.0,0.0,0.0,0.0,2390.0,9413.0,8800.0,2739.0,11135,0.0,7745.0,0.0,5733,4846.0,0.0,5530.0,3555.0,75841,28905,1700.0,0.0,14050.0,28500,7605.0,5955.0,10500.0,0.0
7656,9836.0,18720,1475,0.0,0.0,4700.0,31820.0,22650.0,10700.0,2300.0,28781.0,3225.0,3507,0.0,0.0,0.0,0.0,2335.0,9250.0,8958.0,2651.0,11000,0.0,7510.0,0.0,5699,4850.0,0.0,5471.0,3530.0,70000,28125,1615.0,0.0,13830.0,28010,7570.0,6050.0,10330.0,0.0
7400,9770.0,18000,1470,0.0,0.0,4550.0,31400.0,22599.0,10650.0,2230.0,28381.0,3250.0,3441,0.0,0.0,0.0,0.0,2306.0,9100.0,8752.0,2590.0,10415,0.0,7350.0,0.0,5600,4573.0,0.0,5345.0,3480.0,70300,27336,1628.0,0.0,13511.0,27300,7554.0,5881.0,9935.0,0.0
7700,9698.0,17800,1494,0.0,0.0,4400.0,30810.0,22500.0,10897.0,2170.0,29382.0,3134.0,3518,0.0,0.0,0.0,0.0,2385.0,9182.0,8802.0,2541.0,10504,0.0,7573.0,0.0,5542,4509.0,0.0,5241.0,3478.0,73990,28135,1666.0,0.0,13436.0,27270,7430.0,5940.0,9860.0,0.0
7590,9700.0,18600,1474,0.0,0.0,4460.0,30875.0,22700.0,10899.0,2220.0,28006.0,3055.0,3431,0.0,0.0,0.0,0.0,2300.0,9375.0,9030.0,2599.0,10924,0.0,7500.0,0.0,5665,4495.0,0.0,5350.0,3458.0,71500,28542,1615.0,0.0,13657.0,27504,7280.0,6068.0,10450.0,0.0
7881,9800.0,17930,1510,0.0,0.0,4603.0,31861.0,22425.0,10599.0,2180.0,29980.0,3083.0,3675,0.0,0.0,0.0,0.0,2290.0,9160.0,9284.0,2500.0,10415,0.0,7858.0,0.0,5435,4349.0,0.0,5170.0,3400.0,76450,28155,1663.0,0.0,13270.0,26872,7523.0,5970.0,10171.0,0.0
8100,9725.0,18701,1499,0.0,0.0,4312.0,33699.0,22374.0,11097.0,2255.0,29930.0,3030.0,3667,0.0,0.0,0.0,0.0,2368.0,9749.0,9240.0,2588.0,10752,0.0,7890.0,0.0,5700,4501.0,0.0,5350.0,3480.0,77500,28919,1675.0,0.0,13308.0,27449,7501.0,6035.0,11000.0,0.0
7995,9750.0,19625,1509,0.0,0.0,4425.0,32689.0,22540.0,11000.0,2270.0,29980.0,3105.0,3669,0.0,0.0,0.0,0.0,2365.0,9700.0,9196.0,2565.0,10708,0.0,7900.0,0.0,5750,4662.0,0.0,5489.0,3496.0,76900,29861,1666.0,0.0,13475.0,27700,7850.0,6211.0,10880.0,0.0
7920,9799.0,19270,1515,0.0,0.0,4750.0,31994.0,22519.0,11000.0,2315.0,30110.0,3200.0,3713,0.0,0.0,0.0,0.0,2361.0,9640.0,9481.0,2504.0,10695,0.0,7821.0,0.0,5700,4624.0,0.0,5400.0,3500.0,76900,29400,1652.0,0.0,13500.0,27550,7839.0,6250.0,10655.0,0.0
8000,9950.0,19152,1540,0.0,0.0,4700.0,32799.0,22598.0,11110.0,2315.0,29913.0,3275.0,3661,0.0,0.0,0.0,0.0,2305.0,9615.0,9531.0,2536.0,10560,0.0,7954.0,0.0,5604,4590.0,0.0,5320.0,3500.0,77699,29100,1652.0,0.0,13309.0,27978,7777.0,6210.0,10795.0,0.0
7839,9860.0,19200,1530,0.0,0.0,4730.0,32778.0,23602.0,11080.0,2290.0,29731.0,3254.0,3756,0.0,0.0,0.0,0.0,2330.0,9501.0,9328.0,2547.0,10605,0.0,8000.0,0.0,5700,4640.0,0.0,5476.0,3470.0,78600,29784,1697.0,0.0,13250.0,27625,7805.0,6168.0,10699.0,0.0
7848,9925.0,19385,1530,0.0,0.0,4771.0,32472.0,23799.0,11293.0,2360.0,29472.0,3303.0,3661,0.0,0.0,0.0,0.0,2326.0,9619.0,9280.0,2594.0,10776,0.0,7950.0,0.0,5798,4510.0,0.0,5510.0,3469.0,78300,29041,1646.0,0.0,13155.0,27874,7679.0,6150.0,10552.0,0.0
7580,10050.0,19170,1510,0.0,0.0,4670.0,32510.0,24015.0,11160.0,2400.0,28681.0,3314.0,3549,0.0,0.0,0.0,0.0,2300.0,9450.0,9170.0,2632.0,10632,0.0,7882.0,0.0,5828,4500.0,0.0,5600.0,3455.0,75515,29337,1620.0,0.0,13025.0,28046,7759.0,6000.0,10279.0,0.0
7570,10100.0,18250,1495,0.0,0.0,4545.0,32210.0,23959.0,10900.0,2361.0,28856.0,3275.0,3479,0.0,0.0,0.0,0.0,2241.0,9348.0,9240.0,2575.0,10400,0.0,7852.0,0.0,5681,4450.0,0.0,5384.0,3400.0,73000,28321,1581.0,0.0,12917.0,27300,7800.0,5950.0,10150.0,0.0
7600,10200.0,17800,1495,0.0,0.0,4390.0,32900.0,24070.0,10700.0,2357.0,27966.0,3187.0,3479,0.0,0.0,0.0,0.0,2200.0,9180.0,9244.0,2600.0,10299,0.0,7800.0,0.0,5594,4400.0,0.0,5326.0,3350.0,72600,27657,1535.0,0.0,12735.0,26981,7770.0,5970.0,10000.0,0.0
7885,10200.0,17907,1510,0.0,0.0,4275.0,33280.0,23750.0,10638.0,2371.0,28031.0,3200.0,3520,0.0,0.0,0.0,0.0,2270.0,9150.0,9196.0,2622.0,10170,0.0,7790.0,0.0,5400,4280.0,0.0,5200.0,3320.0,76300,27430,1585.0,0.0,12450.0,26900,7680.0,5900.0,9822.0,0.0
7970,10100.0,18600,1525,0.0,0.0,4300.0,32800.0,24115.0,11149.0,2430.0,26902.0,3225.0,3575,0.0,0.0,0.0,0.0,2300.0,9377.0,9152.0,2745.0,10300,0.0,7900.0,0.0,5665,4380.0,0.0,5371.0,3350.0,78200,28457,1614.0,0.0,12744.0,27500,7550.0,6007.0,10140.0,0.0
7883,10150.0,18595,1510,0.0,0.0,4405.0,32670.0,24296.0,11420.0,2466.0,26922.0,3249.0,3515,0.0,0.0,0.0,0.0,2281.0,9459.0,9068.0,2827.0,10395,0.0,8082.0,0.0,5700,4530.0,0.0,5480.0,3370.0,75196,29542,1578.0,0.0,12660.0,27789,7620.0,6125.0,10499.0,0.0
7991,10225.0,18450,1515,0.0,0.0,4579.0,32418.0,24196.0,11100.0,2495.0,27282.0,3325.0,3591,0.0,0.0,0.0,0.0,2320.0,9349.0,9091.0,2815.0,10300,0.0,8300.0,0.0,5400,4599.0,0.0,5426.0,3344.0,77900,28769,1615.0,0.0,12500.0,27425,7719.0,6062.0,10520.0,0.0
8194,10150.0,18940,1535,0.0,0.0,4473.0,32695.0,24530.0,11590.0,2500.0,27132.0,3361.0,3647,0.0,0.0,0.0,0.0,2377.0,9540.0,9124.0,2828.0,10500,0.0,8370.0,0.0,5700,4651.0,0.0,5510.0,3357.0,78100,29979,1649.0,0.0,12705.0,28548,7825.0,6200.0,10800.0,0.0
8194,10150.0,19520,1535,0.0,0.0,4569.0,32905.0,24600.0,11800.0,2500.0,27132.0,3420.0,3647,0.0,0.0,0.0,0.0,2377.0,9776.0,9124.0,2817.0,10550,0.0,8370.0,0.0,5740,4640.0,0.0,5585.0,3399.0,78100,30376,1649.0,0.0,12800.0,28750,7922.0,6320.0,10950.0,0.0
8158,10300.0,19520,1534,0.0,0.0,4589.0,32905.0,24600.0,11800.0,2500.0,27207.0,3480.0,3663,0.0,0.0,0.0,0.0,2401.0,9776.0,9381.0,2817.0,10550,0.0,8459.0,0.0,5740,4640.0,0.0,5585.0,3399.0,80990,30376,1672.0,0.0,12800.0,28750,7950.0,6320.0,10950.0,0.0
8195,10300.0,19800,1545,0.0,0.0,4589.0,33700.0,24583.0,11999.0,2590.0,27981.0,3480.0,3683,0.0,0.0,0.0,0.0,2380.0,9754.0,9270.0,2800.0,10500,0.0,8390.0,0.0,5700,4700.0,0.0,5472.0,3400.0,79800,30078,1611.0,0.0,12670.0,29000,7950.0,6380.0,11319.0,0.0
8080,10500.0,19216,1557,0.0,0.0,4653.0,33900.0,24180.0,11861.0,2525.0,27832.0,3500.0,3686,0.0,0.0,0.0,0.0,2394.0,9881.0,9086.0,2810.0,10646,0.0,8400.0,0.0,5751,4740.0,0.0,5550.0,3450.0,81600,29683,1613.0,0.0,12650.0,28570,8149.0,6349.0,11325.0,0.0
7887,10700.0,19900,1557,0.0,0.0,4679.0,33575.0,24000.0,11890.0,2568.0,26278.0,3550.0,3619,0.0,0.0,0.0,0.0,2400.0,9850.0,9020.0,2898.0,10625,0.0,8454.0,0.0,5790,4810.0,0.0,5550.0,3479.0,80400,30120,1647.0,0.0,12855.0,29600,8180.0,6390.0,11150.0,0.0
7850,10860.0,19640,1560,0.0,0.0,4785.0,33580.0,24230.0,11705.0,2556.0,26482.0,3530.0,3611,0.0,0.0,0.0,0.0,2410.0,9805.0,9020.0,2851.0,10784,0.0,8406.0,0.0,5763,4785.0,0.0,5550.0,3450.0,78999,30070,1615.0,0.0,12808.0,29050,8085.0,6340.0,11350.0,0.0
7798,11498.0,19170,1556,0.0,0.0,4700.0,33200.0,24260.0,11525.0,2552.0,26383.0,3500.0,3593,0.0,0.0,0.0,0.0,2397.0,9690.0,9065.0,2788.0,10670,0.0,8300.0,0.0,5635,4660.0,0.0,5410.0,3498.0,77300,29533,1615.0,0.0,12790.0,28749,8118.0,6219.0,11175.0,0.0
7840,11323.0,18730,1560,0.0,0.0,4695.0,33594.0,24221.0,11680.0,2530.0,26183.0,3519.0,3604,0.0,0.0,0.0,0.0,2400.0,9753.0,9196.0,2761.0,10550,0.0,8465.0,0.0,5626,4680.0,0.0,5460.0,3499.0,76700,29050,1603.0,0.0,12509.0,28250,8100.0,6100.0,10720.0,0.0
7740,11500.0,18790,1565,0.0,0.0,4648.0,33685.0,24281.0,11547.0,2520.0,26172.0,3490.0,3586,0.0,0.0,0.0,0.0,2400.0,9830.0,9332.0,2755.0,10450,0.0,8333.0,0.0,5644,4555.0,0.0,5424.0,3500.0,76950,28381,1615.0,0.0,12602.0,28260,8000.0,6179.0,10749.0,0.0
7638,11800.0,18940,1560,0.0,0.0,4653.0,33700.0,24380.0,11525.0,2490.0,25773.0,3505.0,3507,0.0,0.0,0.0,0.0,2340.0,9790.0,9168.0,2815.0,10400,0.0,8340.0,0.0,5653,4600.0,0.0,5405.0,3525.0,74500,28806,1590.0,0.0,12700.0,28350,8013.0,5915.0,10444.0,0.0
7610,12200.0,18400,1552,0.0,0.0,4670.0,33100.0,24185.0,11100.0,2429.0,25973.0,3454.0,3420,0.0,0.0,0.0,0.0,2286.0,9620.0,9134.0,2719.0,10466,0.0,8285.0,0.0,5545,4400.0,0.0,5270.0,3509.0,72900,27700,1535.0,0.0,12301.0,28000,8075.0,5870.0,10325.0,0.0
7443,11900.0,18000,1550,0.0,0.0,4600.0,33195.0,24410.0,11035.0,2395.0,24983.0,3420.0,3458,0.0,0.0,0.0,0.0,2320.0,9466.0,8787.0,2685.0,10239,0.0,8297.0,0.0,5385,4450.0,0.0,5189.0,3505.0,70950,26899,1544.0,0.0,12000.0,27460,8049.0,5850.0,10100.0,0.0
7500,11801.0,18000,1558,0.0,0.0,4550.0,32100.0,24412.0,10600.0,2407.0,25283.0,3395.0,3512,0.0,0.0,0.0,0.0,2343.0,9450.0,8848.0,2602.0,10200,0.0,8273.0,0.0,5255,4330.0,0.0,5000.0,3490.0,72360,26701,1582.0,0.0,12074.0,27150,7980.0,5830.0,10001.0,0.0
7495,11850.0,18534,1554,0.0,0.0,4490.0,31900.0,24754.0,10957.0,2422.0,26323.0,3438.0,3497,0.0,0.0,0.0,0.0,2315.0,9449.0,8932.0,2662.0,10325,0.0,8300.0,0.0,5347,4395.0,0.0,5059.0,3490.0,72213,27050,1581.0,0.0,12280.0,27675,8060.0,5840.0,10290.0,0.0
7622,12100.0,18600,1567,0.0,0.0,4640.0,31425.0,24750.0,10590.0,2450.0,26407.0,3501.0,3591,0.0,0.0,0.0,0.0,2395.0,9440.0,8593.0,2691.0,10400,0.0,8549.0,0.0,5368,4290.0,0.0,5040.0,3456.0,74000,26399,1622.0,0.0,12350.0,27620,7950.0,5900.0,10300.0,0.0
7650,12075.0,18650,1575,0.0,0.0,4445.0,31184.0,24905.0,10910.0,2431.0,27092.0,3501.0,3577,0.0,0.0,0.0,0.0,2400.0,9665.0,8730.0,2779.0,10700,0.0,8470.0,0.0,5400,4411.0,0.0,5127.0,3440.0,72300,27231,1641.0,0.0,12900.0,28160,8014.0,6000.0,10620.0,0.0
7685,11925.0,18500,1589,0.0,0.0,4465.0,30995.0,24979.0,10916.0,2447.0,27382.0,3580.0,3555,0.0,0.0,0.0,0.0,2400.0,9723.0,8580.0,2754.0,10920,0.0,8540.0,0.0,5500,4475.0,0.0,5239.0,3460.0,72000,27345,1670.0,0.0,12712.0,27840,8100.0,5950.0,10750.0,0.0
7720,12047.0,18500,1595,0.0,0.0,4448.0,30670.0,25165.0,11000.0,2480.0,27612.0,3550.0,3532,0.0,0.0,0.0,0.0,2408.0,9700.0,8756.0,2771.0,11000,0.0,8585.0,0.0,5515,4620.0,0.0,5309.0,3460.0,72100,27700,1675.0,0.0,13205.0,28030,8136.0,5959.0,10825.0,0.0
7560,12050.0,18600,1575,0.0,0.0,4399.0,31218.0,25239.0,11160.0,2470.0,27632.0,3631.0,3532,0.0,0.0,0.0,0.0,2394.0,9671.0,8835.0,2808.0,11087,0.0,8650.0,0.0,5552,4700.0,0.0,5350.0,3485.0,72051,27915,1666.0,0.0,13205.0,28140,8150.0,6000.0,11100.0,0.0
7720,12050.0,18900,1578,0.0,0.0,4370.0,31333.0,25350.0,11128.0,2525.0,28282.0,3635.0,3500,0.0,0.0,0.0,0.0,2416.0,9600.0,8890.0,2807.0,11017,0.0,8850.0,0.0,5650,4639.0,0.0,5430.0,3510.0,73650,27538,1704.0,0.0,13150.0,28000,8140.0,5980.0,10985.0,0.0
7730,12050.0,19100,1574,0.0,0.0,4381.0,31590.0,25950.0,11280.0,2525.0,28681.0,3660.0,3549,0.0,0.0,0.0,0.0,2427.0,9735.0,8844.0,2876.0,11200,0.0,8825.0,0.0,5700,4725.0,0.0,5515.0,3520.0,71525,27887,1686.0,0.0,13292.0,28350,8150.0,6000.0,11084.0,0.0
7749,11975.0,18890,1590,0.0,0.0,4441.0,31351.0,26000.0,11150.0,2500.0,28578.0,3650.0,3613,0.0,0.0,0.0,0.0,2406.0,9723.0,8888.0,2840.0,11100,0.0,8912.0,0.0,5704,4700.0,0.0,5500.0,3525.0,71300,27700,1661.0,0.0,13270.0,28635,8177.0,6076.0,11000.0,0.0
7740,11500.0,18775,1588,0.0,0.0,4420.0,31100.0,26344.0,11075.0,2491.0,29331.0,3623.0,3583,0.0,0.0,0.0,0.0,2410.0,9770.0,8758.0,2874.0,11010,0.0,9025.0,0.0,5755,4750.0,0.0,5525.0,3519.0,71300,27465,1683.0,0.0,13200.0,28600,8175.0,6090.0,11305.0,0.0
7721,11600.0,18500,1591,0.0,0.0,4423.0,30964.0,26300.0,11200.0,2500.0,28656.0,3633.0,3611,0.0,0.0,0.0,0.0,2387.0,9789.0,8448.0,2832.0,11157,0.0,9000.0,0.0,5739,4718.0,0.0,5533.0,3535.0,69700,27493,1666.0,0.0,13140.0,28000,8215.0,6200.0,11696.0,0.0
7685,11551.0,18500,1593,0.0,0.0,4395.0,30200.0,25940.0,11000.0,2499.0,28681.0,3680.0,3624,0.0,0.0,0.0,0.0,2419.0,9708.0,8448.0,2795.0,11050,0.0,8860.0,0.0,5689,4653.0,0.0,5450.0,3520.0,69800,27500,1675.0,0.0,13184.0,28020,8302.0,6174.0,11422.0,0.0
7994,11700.0,18655,1620,0.0,0.0,4395.0,30040.0,25860.0,11165.0,2490.0,29680.0,3653.0,3675,0.0,0.0,0.0,0.0,2438.0,9825.0,8518.0,2810.0,10990,0.0,8865.0,0.0,5600,4570.0,0.0,5365.0,3520.0,71000,27401,1713.0,0.0,13126.0,28040,8309.0,6140.0,11525.0,0.0
8039,11920.0,19100,1633,0.0,0.0,4360.0,30150.0,25600.0,11525.0,2485.0,30220.0,3653.0,3745,0.0,0.0,0.0,0.0,2502.0,9998.0,8573.0,2855.0,11300,0.0,9050.0,0.0,5800,4835.0,0.0,5537.0,3541.0,73400,27800,1744.0,0.0,13318.0,28798,8270.0,6280.0,11790.0,0.0
8057,11950.0,19951,1640,0.0,0.0,4375.0,30199.0,25704.0,12100.0,2550.0,30380.0,3730.0,3731,0.0,0.0,0.0,0.0,2515.0,10220.0,8611.0,2928.0,11495,0.0,9100.0,0.0,5969,4950.0,0.0,5706.0,3599.0,73500,28350,1753.0,0.0,13634.0,29300,8375.0,6210.0,11824.0,0.0
8219,11950.0,20350,1639,0.0,0.0,4450.0,29700.0,25852.0,12195.0,2535.0,30380.0,3720.0,3759,0.0,0.0,0.0,0.0,2501.0,10071.0,8474.0,2945.0,11621,0.0,9190.0,0.0,5930,5120.0,0.0,5691.0,3600.0,73800,28837,1768.0,0.0,13726.0,29200,8533.0,6239.0,11850.0,0.0
8250,12149.0,20540,1630,0.0,0.0,4549.0,29599.0,25950.0,12305.0,2570.0,30330.0,3750.0,3795,0.0,0.0,0.0,0.0,2538.0,10249.0,8351.0,2950.0,11700,0.0,9290.0,0.0,6003,5125.0,0.0,5751.0,3620.0,71600,28850,1734.0,0.0,13891.0,29449,8500.0,6250.0,11795.0,0.0
8175,12203.0,20380,1650,0.0,0.0,4550.0,28900.0,25601.0,12502.0,2535.0,31124.0,3753.0,3759,0.0,0.0,0.0,0.0,2508.0,10298.0,8474.0,2925.0,11700,0.0,9145.0,0.0,6051,5100.0,0.0,5808.0,3611.0,71100,29000,1730.0,0.0,13736.0,29450,8570.0,6318.0,11790.0,0.0
8150,12200.0,19600,1652,0.0,0.0,4539.0,29162.0,25710.0,12300.0,2551.0,31419.0,3650.0,3808,0.0,0.0,0.0,0.0,2500.0,10150.0,8518.0,2884.0,11441,0.0,9226.0,0.0,5929,5120.0,0.0,5755.0,3610.0,71000,29177,1734.0,0.0,13520.0,28850,8615.0,6200.0,11550.0,0.0
8150,12500.0,19703,1660,0.0,0.0,4509.0,29100.0,25261.0,12338.0,2594.0,31079.0,3590.0,3717,0.0,0.0,0.0,0.0,2502.0,10090.0,8655.0,2890.0,11518,0.0,9140.0,0.0,6100,5135.0,0.0,5849.0,3612.0,70300,29580,1721.0,0.0,13611.0,29400,8622.0,6250.0,11576.0,0.0
8118,12800.0,19749,1685,0.0,0.0,4469.0,29480.0,25202.0,12100.0,2599.0,31379.0,3650.0,3731,0.0,0.0,0.0,0.0,2512.0,10000.0,8624.0,2860.0,11350,0.0,9225.0,0.0,5951,5180.0,0.0,5689.0,3625.0,72800,29345,1751.0,0.0,13521.0,28900,8600.0,6200.0,11695.0,0.0
8130,12900.0,20200,1675,0.0,0.0,4400.0,29350.0,25250.0,12428.0,2620.0,31401.0,3615.0,3673,0.0,0.0,0.0,0.0,2515.0,10249.0,8956.0,2902.0,11450,0.0,9010.0,0.0,5950,5300.0,0.0,5772.0,3680.0,72785,30299,1693.0,0.0,13684.0,29750,8550.0,6325.0,11999.0,0.0
8119,12910.0,19981,1677,0.0,0.0,4510.0,30098.0,25689.0,11965.0,2563.0,30924.0,3725.0,3694,0.0,0.0,0.0,0.0,2492.0,10137.0,9107.0,2850.0,11100,0.0,8790.0,0.0,5700,5320.0,0.0,5515.0,3710.0,72800,30100,1665.0,0.0,13070.0,29000,8565.0,6225.0,11830.0,0.0
8150,12950.0,20382,1670,0.0,0.0,4433.0,30400.0,25900.0,11800.0,2499.0,30952.0,3600.0,3731,0.0,0.0,0.0,0.0,2502.0,10040.0,9002.0,2877.0,11000,0.0,8713.0,0.0,5710,5355.0,0.0,5515.0,3710.0,72600,29960,1659.0,0.0,12860.0,29300,8410.0,6240.0,11630.0,0.0
8036,12940.0,20495,1660,0.0,0.0,4388.0,30500.0,25470.0,12085.0,2470.0,30755.0,3620.0,3710,0.0,0.0,0.0,0.0,2488.0,10175.0,8922.0,2908.0,10960,0.0,8771.0,0.0,5730,5425.0,0.0,5526.0,3715.0,70300,29720,1652.0,0.0,13149.0,29500,8380.0,6225.0,11680.0,0.0
8036,12900.0,19800,1660,0.0,0.0,4387.0,30861.0,25432.0,11830.0,2455.0,30755.0,3555.0,3710,0.0,0.0,0.0,0.0,2488.0,10200.0,8922.0,2883.0,10750,0.0,8771.0,0.0,5684,5402.0,0.0,5480.0,3665.0,70300,29040,1652.0,0.0,12880.0,29450,8417.0,6335.0,11650.0,0.0
7912,12900.0,19800,1670,0.0,0.0,4373.0,30861.0,25432.0,11830.0,2455.0,30480.0,3500.0,3650,0.0,0.0,0.0,0.0,2440.0,10200.0,8910.0,2883.0,10750,0.0,8748.0,0.0,5684,5402.0,0.0,5480.0,3665.0,69700,29040,1619.0,0.0,12880.0,29450,8434.0,6335.0,11650.0,0.0
7925,12900.0,19400,1670,0.0,0.0,4373.0,30959.0,25355.0,11526.0,2470.0,30309.0,3500.0,3640,0.0,0.0,0.0,0.0,2367.0,10131.0,9201.0,2820.0,10694,0.0,8673.0,0.0,5574,5350.0,0.0,5420.0,3635.0,67675,28130,1577.0,0.0,12728.0,29037,8434.0,6300.0,11564.0,0.0
7984,12800.0,18800,1670,0.0,0.0,4320.0,31420.0,25307.0,11350.0,2445.0,29381.0,3518.0,3661,0.0,0.0,0.0,0.0,2375.0,9845.0,9172.0,2745.0,10550,0.0,8576.0,0.0,5488,5239.0,0.0,5325.0,3624.0,67265,27100,1591.0,0.0,12700.0,28800,8271.0,6190.0,11426.0,0.0
7973,12580.0,18890,1664,0.0,0.0,4287.0,31500.0,25281.0,11450.0,2440.0,29621.0,3483.0,3673,0.0,0.0,0.0,0.0,2382.0,9914.0,8996.0,2750.0,10694,0.0,8550.0,0.0,5410,5180.0,0.0,5210.0,3581.0,67000,27100,1586.0,0.0,12950.0,28565,8228.0,6200.0,11463.0,0.0
8093,12500.0,19000,1638,0.0,0.0,4244.0,31323.0,25643.0,11750.0,2445.0,29855.0,3450.0,3695,0.0,0.0,0.0,0.0,2356.0,9855.0,9042.0,2778.0,10350,0.0,8515.0,0.0,5486,5280.0,0.0,5315.0,3596.0,67800,27050,1595.0,0.0,12925.0,28950,8140.0,6195.0,11650.0,0.0
8332,12800.0,18521,1654,0.0,0.0,4250.0,31800.0,25257.0,11655.0,2420.0,30620.0,3474.0,3654,0.0,0.0,0.0,0.0,2389.0,9753.0,9104.0,2785.0,10499,0.0,8440.0,0.0,5436,5300.0,0.0,5299.0,3580.0,67700,27299,1619.0,0.0,13100.0,29025,8195.0,6191.0,11800.0,0.0
8240,12700.0,18900,1657,0.0,0.0,4250.0,31900.0,25446.0,11850.0,2410.0,29979.0,3480.0,3647,0.0,0.0,0.0,0.0,2335.0,9900.0,8970.0,2829.0,10401,0.0,8220.0,0.0,5588,5500.0,0.0,5372.0,3599.0,67000,27562,1581.0,0.0,13260.0,29050,8172.0,6180.0,11920.0,0.0
8150,12800.0,18770,1659,0.0,0.0,4325.0,31680.0,25345.0,11770.0,2365.0,30027.0,3511.0,3628,0.0,0.0,0.0,0.0,2330.0,9700.0,9090.0,2834.0,10130,0.0,8229.0,0.0,5505,5510.0,0.0,5348.0,3580.0,65500,27456,1585.0,0.0,13025.0,28815,8175.0,6118.0,11749.0,0.0
8065,12803.0,18344,1656,0.0,0.0,4210.0,31931.0,24770.0,11410.0,2377.0,29331.0,3472.0,3622,0.0,0.0,0.0,0.0,2319.0,9850.0,9014.0,2853.0,10293,0.0,8150.0,0.0,5511,5490.0,0.0,5280.0,3595.0,64550,26960,1568.0,0.0,13200.0,28445,8040.0,6020.0,11900.0,0.0
8041,13050.0,18028,1660,0.0,0.0,4190.0,31765.0,24707.0,11328.0,2330.0,29730.0,3438.0,3648,0.0,0.0,0.0,0.0,2333.0,9680.0,8994.0,2850.0,10285,0.0,8232.0,0.0,5414,5315.0,0.0,5214.0,3555.0,65500,26721,1618.0,0.0,13110.0,28150,7950.0,5900.0,12025.0,0.0
8098,13245.0,18400,1660,0.0,0.0,4170.0,31748.0,24907.0,11420.0,2331.0,29321.0,3370.0,3661,0.0,0.0,0.0,0.0,2311.0,9925.0,8995.0,2877.0,10400,0.0,8560.0,0.0,5585,5375.0,0.0,5385.0,3569.0,62694,27080,1602.0,0.0,13901.0,28810,7900.0,6050.0,12290.0,0.0
8100,13602.0,17980,1657,0.0,0.0,4231.0,31329.0,24980.0,11260.0,2325.0,28391.0,3426.0,3591,0.0,0.0,0.0,0.0,2293.0,9800.0,8901.0,2864.0,10370,0.0,8565.0,0.0,5480,5160.0,0.0,5324.0,3537.0,60601,26550,1579.0,0.0,13900.0,28463,7932.0,6033.0,12097.0,0.0
8040,13201.0,17050,1657,0.0,0.0,4111.0,31000.0,24850.0,10795.0,2344.0,29420.0,3500.0,3626,0.0,0.0,0.0,0.0,2299.0,9560.0,9107.0,2783.0,10075,0.0,8575.0,0.0,5380,5090.0,0.0,5240.0,3500.0,63025,25502,1594.0,0.0,13706.0,27705,8000.0,5925.0,11700.0,0.0
8038,13250.0,17700,1665,0.0,0.0,4095.0,31382.0,25237.0,11100.0,2371.0,29180.0,3505.0,3619,0.0,0.0,0.0,0.0,2301.0,9761.0,9170.0,2795.0,10200,0.0,8660.0,0.0,5501,5090.0,0.0,5320.0,3410.0,61800,26225,1578.0,0.0,13860.0,27802,7961.0,5990.0,11830.0,0.0
8220,13250.0,17250,1684,0.0,0.0,4080.0,31000.0,25156.0,11046.0,2421.0,29480.0,3599.0,3682,0.0,0.0,0.0,0.0,2357.0,9698.0,9192.0,2790.0,10154,0.0,8900.0,0.0,5446,5180.0,0.0,5285.0,3435.0,63000,25880,1602.0,0.0,13820.0,27700,7995.0,6000.0,11853.0,0.0
8410,13280.0,17700,1685,0.0,0.0,4050.0,31268.0,25208.0,11237.0,2400.0,29758.0,3657.0,3821,0.0,0.0,0.0,0.0,2328.0,9900.0,9328.0,2823.0,10350,0.0,9040.0,0.0,5550,5250.0,0.0,5360.0,3480.0,61050,26599,1643.0,0.0,13919.0,28000,8060.0,6098.0,11936.0,0.0
8618,13300.0,17400,1695,0.0,0.0,4069.0,31640.0,25190.0,11444.0,2460.0,30480.0,3680.0,3858,0.0,0.0,0.0,0.0,2413.0,9950.0,9151.0,2846.0,10453,0.0,9150.0,0.0,5543,5300.0,0.0,5355.0,3503.0,64800,26500,1712.0,0.0,14036.0,28085,8231.0,6169.0,12050.0,0.0
8695,13350.0,18127,1695,0.0,0.0,4025.0,30840.0,25779.0,11890.0,2545.0,30591.0,3750.0,3869,0.0,0.0,0.0,0.0,2410.0,10298.0,9229.0,2955.0,10695,0.0,9150.0,0.0,5700,5499.0,0.0,5510.0,3557.0,64900,27680,1684.0,0.0,14340.0,28910,8405.0,6235.0,12382.0,0.0
8752,13410.0,18199,1690,0.0,0.0,4102.0,31401.0,25684.0,11803.0,2503.0,30626.0,3850.0,3875,0.0,0.0,0.0,0.0,2419.0,10192.0,9156.0,2969.0,10682,0.0,9215.0,0.0,5680,5552.0,0.0,5531.0,3615.0,64968,27550,1696.0,0.0,14313.0,28360,8419.0,6243.0,12225.0,0.0
8775,13397.0,17980,1699,0.0,0.0,4269.0,31290.0,25600.0,11800.0,2510.0,30625.0,3885.0,3872,0.0,0.0,0.0,0.0,2395.0,10120.0,9378.0,2964.0,10700,0.0,9250.0,0.0,5640,5510.0,0.0,5538.0,3575.0,65020,27691,1694.0,0.0,14376.0,28489,8481.0,6248.0,12475.0,0.0
8639,13350.0,17791,1697,0.0,0.0,4300.0,31785.0,25775.0,11865.0,2493.0,30587.0,3834.0,3802,0.0,0.0,0.0,0.0,2400.0,10186.0,9429.0,3028.0,10512,0.0,9173.0,0.0,5697,5520.0,0.0,5560.0,3570.0,64605,27863,1658.0,0.0,14180.0,28948,8337.0,6299.0,12450.0,0.0
8768,13250.0,17551,1699,0.0,0.0,4368.0,32050.0,25765.0,11629.0,2485.0,30580.0,3830.0,3797,0.0,0.0,0.0,0.0,2424.0,10061.0,9517.0,2995.0,10260,0.0,9311.0,0.0,5599,5450.0,0.0,5470.0,3600.0,64900,27408,1680.0,0.0,14000.0,28381,8480.0,6200.0,12250.0,0.0
8806,13250.0,17700,1702,0.0,0.0,4439.0,32207.0,25979.0,11760.0,2470.0,30570.0,3800.0,3796,0.0,0.0,0.0,0.0,2400.0,10001.0,9363.0,3020.0,10361,0.0,9599.0,0.0,5598,5480.0,0.0,5477.0,3612.0,65300,28150,1697.0,0.0,14041.0,28700,8374.0,6282.0,12320.0,0.0
8900,13295.0,17510,1705,0.0,0.0,4418.0,31615.0,25893.0,11775.0,2510.0,31024.0,3823.0,3830,0.0,0.0,0.0,0.0,2400.0,10040.0,9374.0,3030.0,10260,0.0,9630.0,0.0,5575,5475.0,0.0,5492.0,3649.0,65200,28100,1716.0,0.0,13900.0,28990,8351.0,6300.0,12400.0,0.0
9010,13500.0,17767,1655,0.0,0.0,4494.0,32100.0,26043.0,11799.0,2574.0,31827.0,3880.0,3954,0.0,0.0,0.0,0.0,2475.0,10290.0,9460.0,3092.0,10340,0.0,9700.0,0.0,5590,5520.0,0.0,5520.0,3670.0,67084,27760,1747.0,0.0,13922.0,28940,8520.0,6320.0,12566.0,0.0
8900,13495.0,18056,1670,0.0,0.0,4446.0,32190.0,26213.0,11950.0,2525.0,31774.0,3875.0,3956,0.0,0.0,0.0,0.0,2519.0,10551.0,9855.0,3110.0,10590,0.0,9650.0,0.0,5735,5590.0,0.0,5600.0,3685.0,67800,28487,1714.0,0.0,14020.0,30000,8536.0,6300.0,12520.0,0.0
9100,13550.0,18136,1672,0.0,0.0,4424.0,33220.0,25925.0,11960.0,2498.0,31929.0,3914.0,3955,0.0,0.0,0.0,0.0,2497.0,10550.0,9676.0,3114.0,10400,0.0,9840.0,0.0,5700,5580.0,0.0,5582.0,3704.0,67147,28300,1718.0,0.0,13850.0,30350,8635.0,6345.0,12249.0,0.0
9103,13550.0,18090,1677,0.0,0.0,4325.0,31600.0,26140.0,11980.0,2497.0,31929.0,3916.0,3924,0.0,0.0,0.0,0.0,2496.0,10436.0,9601.0,3094.0,10631,0.0,9764.0,0.0,5749,5635.0,0.0,5630.0,3726.0,67400,28399,1709.0,0.0,14030.0,29865,8597.0,6328.0,12016.0,0.0
9203,13450.0,17955,1664,0.0,0.0,4450.0,32150.0,26335.0,12030.0,2455.0,30754.0,3930.0,3914,0.0,0.0,0.0,0.0,2440.0,10280.0,9380.0,3051.0,10410,0.0,9849.0,0.0,5740,5720.0,0.0,5572.0,3731.0,67350,28050,1700.0,0.0,13850.0,30230,8609.0,6365.0,12177.0,0.0
9398,13551.0,18265,1666,0.0,0.0,4400.0,31700.0,26400.0,12000.0,2464.0,31277.0,3870.0,3942,0.0,0.0,0.0,0.0,2498.0,10126.0,9427.0,3102.0,10490,0.0,9801.0,0.0,5527,5720.0,0.0,5470.0,3735.0,68120,28255,1726.0,0.0,13881.0,30480,8589.0,6390.0,12125.0,0.0
9550,13900.0,18350,1667,0.0,0.0,4450.0,31599.0,26646.0,12000.0,2504.0,31702.0,3904.0,3988,0.0,0.0,0.0,0.0,2527.0,10495.0,9328.0,3190.0,10737,0.0,9700.0,0.0,5687,5670.0,0.0,5559.0,3750.0,67696,28309,1743.0,0.0,14020.0,31100,8700.0,6500.0,12449.0,0.0
9550,14200.0,18200,1675,0.0,0.0,4508.0,31490.0,26665.0,12180.0,2495.0,31855.0,3950.0,3977,0.0,0.0,0.0,0.0,2528.0,10690.0,9469.0,3225.0,10700,0.0,9615.0,0.0,5714,5555.0,0.0,5543.0,3754.0,67500,28137,1743.0,0.0,14200.0,30750,8707.0,6570.0,12434.0,0.0
9460,14300.0,18125,1672,0.0,0.0,4589.0,31868.0,26380.0,12100.0,2497.0,31734.0,3990.0,4006,0.0,0.0,0.0,0.0,2516.0,10565.0,9416.0,3230.0,10590,0.0,9654.0,0.0,5600,5501.0,0.0,5450.0,3778.0,67500,28250,1753.0,0.0,14297.0,30551,8770.0,6653.0,12400.0,0.0
9460,14325.0,17950,1672,0.0,0.0,4550.0,32348.0,26461.0,12010.0,2512.0,31734.0,3970.0,4006,0.0,0.0,0.0,0.0,2516.0,10719.0,9416.0,3185.0,10555,0.0,9654.0,0.0,5620,5566.0,0.0,5465.0,3750.0,67500,28101,1753.0,0.0,14545.0,30600,8700.0,6647.0,12501.0,0.0
9459,14302.0,17950,1670,0.0,0.0,4511.0,32348.0,26461.0,12010.0,2512.0,32478.0,3960.0,4123,0.0,0.0,0.0,0.0,2549.0,10719.0,9183.0,3185.0,10555,0.0,9590.0,0.0,5620,5566.0,0.0,5465.0,3750.0,67090,28101,1786.0,0.0,14545.0,30600,8696.0,6647.0,12501.0,0.0
9367,14302.0,17857,1674,0.0,0.0,4511.0,31792.0,26670.0,12070.0,2545.0,33233.0,3960.0,4124,0.0,0.0,0.0,0.0,2585.0,10785.0,9182.0,3223.0,10834,0.0,9650.0,0.0,5698,5600.0,0.0,5560.0,3799.0,66500,28280,1778.0,0.0,14780.0,31189,8696.0,6674.0,12164.0,0.0
9395,14750.0,17600,1690,0.0,0.0,4632.0,32195.0,26254.0,11900.0,2570.0,33278.0,3990.0,4109,0.0,0.0,0.0,0.0,2583.0,10877.0,9222.0,3266.0,10900,0.0,9750.0,0.0,5722,5610.0,0.0,5545.0,3855.0,65800,28150,1800.0,0.0,14923.0,31080,8782.0,6720.0,12168.0,0.0
9400,14800.0,17650,1715,0.0,0.0,4577.0,32199.0,26165.0,12100.0,2641.0,34057.0,3989.0,4129,0.0,0.0,0.0,0.0,2630.0,10800.0,9293.0,3335.0,10889,0.0,9895.0,0.0,5810,5680.0,0.0,5590.0,3870.0,66100,27800,1824.0,0.0,14605.0,31250,8879.0,6869.0,12418.0,0.0
9330,14700.0,18000,1715,0.0,0.0,4625.0,32335.0,26450.0,12040.0,2704.0,33278.0,4233.0,4110,0.0,0.0,0.0,0.0,2600.0,10908.0,9332.0,3401.0,11100,0.0,9780.0,0.0,5947,5680.0,0.0,5660.0,3912.0,65800,28325,1792.0,0.0,14749.0,31288,8950.0,6925.0,12600.0,0.0
9300,14899.0,18225,1702,0.0,0.0,4599.0,32700.0,25858.0,12030.0,2650.0,33478.0,4420.0,4076,0.0,0.0,0.0,0.0,2602.0,10769.0,9337.0,3284.0,10865,0.0,9700.0,0.0,5842,5750.0,0.0,5583.0,3895.0,65901,28200,1798.0,0.0,14711.0,31175,9290.0,6950.0,12648.0,0.0
9202,14950.0,18327,1705,0.0,0.0,4754.0,32250.0,26145.0,12000.0,2594.0,33673.0,4272.0,4096,0.0,0.0,0.0,0.0,2605.0,10743.0,9662.0,3359.0,10891,0.0,9799.0,0.0,5810,5680.0,0.0,5550.0,3889.0,67400,28400,1811.0,0.0,14587.0,31700,9095.0,6700.0,12638.0,0.0
9100,15000.0,18375,1702,0.0,0.0,4780.0,32720.0,26122.0,12061.0,2620.0,33533.0,4097.0,4057,0.0,0.0,0.0,0.0,2618.0,10760.0,9522.0,3335.0,10969,0.0,9820.0,0.0,5896,5839.0,0.0,5644.0,3857.0,68899,29170,1799.0,0.0,14700.0,32350,8913.0,6800.0,12645.0,0.0
8990,15100.0,19140,1700,0.0,0.0,4789.0,32350.0,25927.0,12299.0,2617.0,33373.0,4088.0,4012,0.0,0.0,0.0,0.0,2569.0,10790.0,9383.0,3315.0,10911,0.0,9801.0,0.0,5896,5850.0,0.0,5594.0,3950.0,68974,29927,1770.0,0.0,14745.0,32690,8941.0,6750.0,12671.0,0.0
9035,15000.0,19148,1700,0.0,0.0,4798.0,31985.0,26004.0,12261.0,2608.0,33128.0,4079.0,4026,0.0,0.0,0.0,0.0,2550.0,10700.0,9354.0,3315.0,10838,0.0,9700.0,0.0,5900,5870.0,0.0,5605.0,3909.0,68700,29210,1783.0,0.0,14598.0,32460,8900.0,6750.0,12546.0,0.0
9125,14900.0,19350,1701,0.0,0.0,4700.0,32173.0,26025.0,12375.0,2605.0,33528.0,4107.0,4043,0.0,0.0,0.0,0.0,2590.0,10587.0,9392.0,3319.0,10875,0.0,9835.0,0.0,5824,5800.0,0.0,5575.0,3930.0,70100,29850,1746.0,0.0,14684.0,32025,8892.0,6803.0,12849.0,0.0
9249,14750.0,19390,1703,0.0,0.0,4666.0,31970.0,26141.0,12500.0,2600.0,35526.0,4090.0,4102,0.0,0.0,0.0,0.0,2610.0,10540.0,9548.0,3426.0,10800,0.0,9929.0,0.0,5851,5910.0,0.0,5609.0,3885.0,69798,29999,1759.0,0.0,14599.0,31775,8910.0,6755.0,12880.0,0.0
9315,14699.0,19050,1710,0.0,0.0,4712.0,32000.0,26309.0,12540.0,2638.0,35726.0,4117.0,4152,0.0,0.0,0.0,0.0,2620.0,10610.0,9720.0,3470.0,10729,0.0,10000.0,0.0,5865,5862.0,0.0,5569.0,3886.0,71600,29899,1794.0,0.0,14750.0,31710,8950.0,6850.0,12775.0,0.0
9130,14730.0,19403,1710,0.0,0.0,4680.0,32490.0,26366.0,12835.0,2660.0,36087.0,4207.0,4178,0.0,0.0,0.0,0.0,2620.0,10790.0,9608.0,3450.0,11098,0.0,10017.0,0.0,5880,5872.0,0.0,5600.0,3919.0,71600,31126,1772.0,0.0,14900.0,32100,8920.0,6925.0,12800.0,0.0
8900,14900.0,19500,1725,0.0,0.0,4709.0,32275.0,26251.0,12945.0,2663.0,36276.0,4250.0,4173,0.0,0.0,0.0,0.0,2611.0,10712.0,9416.0,3413.0,11049,0.0,10025.0,0.0,5872,5910.0,0.0,5585.0,3920.0,69909,31050,1760.0,0.0,14680.0,31725,8980.0,6840.0,12885.0,0.0
9020,14950.0,19478,1737,0.0,0.0,4689.0,32200.0,26444.0,12828.0,2640.0,37075.0,4306.0,4158,0.0,0.0,0.0,0.0,2615.0,10600.0,9460.0,3406.0,10920,0.0,10140.0,0.0,5870,5960.0,0.0,5572.0,3902.0,69501,31166,1756.0,0.0,13780.0,31470,8915.0,6730.0,12700.0,0.0
9070,14900.0,19500,1733,0.0,0.0,4651.0,32492.0,26677.0,12960.0,2681.0,36701.0,4369.0,4208,0.0,0.0,0.0,0.0,2608.0,10871.0,9328.0,3431.0,10922,0.0,10031.0,0.0,5820,5975.0,0.0,5605.0,3918.0,68700,31050,1761.0,0.0,13690.0,31750,8845.0,6765.0,12728.0,0.0
9182,14780.0,19300,1724,0.0,0.0,4650.0,31949.0,26900.0,12950.0,2698.0,36729.0,4428.0,4243,0.0,0.0,0.0,0.0,2600.0,10705.0,9404.0,3367.0,10741,0.0,10105.0,0.0,5848,5935.0,0.0,5562.0,3895.0,69467,30700,1760.0,0.0,13650.0,31925,9000.0,6790.0,12501.0,0.0
9370,14800.0,19140,1745,0.0,0.0,4678.0,32110.0,26964.0,13010.0,2680.0,37655.0,4552.0,4250,0.0,0.0,0.0,0.0,2640.0,10713.0,9302.0,3369.0,10700,0.0,10408.0,0.0,5800,5997.0,0.0,5579.0,3875.0,70400,31350,1774.0,0.0,13708.0,31700,9050.0,6780.0,12155.0,0.0
9192,14820.0,19231,1743,0.0,0.0,4710.0,31950.0,26811.0,13300.0,2699.0,37175.0,4500.0,4214,0.0,0.0,0.0,0.0,2599.0,10801.0,9240.0,3470.0,10715,0.0,10186.0,0.0,5810,6070.0,0.0,5575.0,3920.0,69051,32198,1755.0,0.0,13700.0,32000,9161.0,6780.0,12540.0,0.0
9040,15100.0,19250,1734,0.0,0.0,4770.0,31578.0,26690.0,13151.0,2663.0,37005.0,4460.0,4172,0.0,0.0,0.0,0.0,2600.0,10572.0,9372.0,3447.0,10531,0.0,10020.0,0.0,5730,5909.0,0.0,5490.0,3890.0,70300,31750,1732.0,0.0,13494.0,31999,9300.0,6649.0,12400.0,0.0
9076,15000.0,19495,1745,0.0,0.0,4790.0,32179.0,26500.0,13370.0,2662.0,37025.0,4384.0,4139,0.0,0.0,0.0,0.0,2610.0,10600.0,9322.0,3525.0,10550,0.0,9965.0,0.0,5742,5889.0,0.0,5490.0,3900.0,68690,32390,1734.0,0.0,13300.0,31510,9240.0,6716.0,12310.0,0.0
9281,14990.0,19250,1744,0.0,0.0,4890.0,32160.0,26785.0,13311.0,2628.0,35800.0,4416.0,4180,0.0,0.0,0.0,0.0,2588.0,10585.0,9297.0,3450.0,10460,0.0,9900.0,0.0,5765,5900.0,0.0,5540.0,3912.0,67501,32191,1713.0,0.0,13215.0,31583,9160.0,6700.0,12490.0,0.0
9235,14895.0,19215,1737,0.0,0.0,4850.0,31540.0,26750.0,13150.0,2667.0,36196.0,4505.0,4179,0.0,0.0,0.0,0.0,2605.0,10590.0,9415.0,3462.0,10375,0.0,9916.0,0.0,5700,5870.0,0.0,5500.0,3873.0,67000,31900,1736.0,0.0,13168.0,31500,9235.0,6650.0,12385.0,0.0
9350,14820.0,19400,1735,0.0,0.0,4723.0,32225.0,26708.0,13200.0,2670.0,36758.0,4525.0,4192,0.0,0.0,0.0,0.0,2626.0,10625.0,9647.0,3473.0,10323,0.0,9902.0,0.0,5690,5784.0,0.0,5500.0,3890.0,69300,32150,1752.0,0.0,13150.0,31769,9258.0,6684.0,12398.0,0.0
9400,14700.0,19800,1730,0.0,0.0,4752.0,32649.0,26558.0,13200.0,2745.0,36746.0,4520.0,4189,0.0,0.0,0.0,0.0,2669.0,10868.0,9645.0,3482.0,10330,0.0,10100.0,0.0,5765,5806.0,0.0,5575.0,3948.0,69500,32377,1779.0,0.0,13102.0,31541,9300.0,6730.0,12600.0,0.0
9310,14580.0,19949,1721,0.0,0.0,4845.0,32657.0,26879.0,13250.0,2768.0,36576.0,4570.0,4206,0.0,0.0,0.0,0.0,2690.0,10770.0,9573.0,3480.0,10450,0.0,10000.0,0.0,5800,5850.0,0.0,5600.0,3949.0,69000,32350,1781.0,0.0,13300.0,32000,9525.0,6720.0,12480.0,0.0
9444,14400.0,19900,1735,0.0,0.0,4850.0,32350.0,27066.0,13300.0,2805.0,37225.0,4620.0,4236,0.0,0.0,0.0,0.0,2723.0,10830.0,9500.0,3515.0,10418,0.0,10282.0,0.0,5761,5799.0,0.0,5612.0,4029.0,68600,32300,1819.0,0.0,13100.0,31899,9646.0,6640.0,12675.0,0.0
9408,14496.0,19500,1737,0.0,0.0,4820.0,32318.0,27167.0,13750.0,2855.0,36975.0,4630.0,4232,0.0,0.0,0.0,0.0,2701.0,11000.0,9768.0,3617.0,10420,0.0,10413.0,0.0,5815,5800.0,0.0,5635.0,4095.0,70438,32315,1870.0,0.0,13164.0,32192,9560.0,6715.0,12980.0,0.0
9435,14500.0,20510,1749,0.0,0.0,4840.0,33000.0,27000.0,13900.0,2860.0,36521.0,4650.0,4250,0.0,0.0,0.0,0.0,2704.0,10900.0,10204.0,3723.0,10550,0.0,10280.0,0.0,5858,5750.0,0.0,5700.0,4068.0,70950,33001,1896.0,0.0,13280.0,32548,9790.0,6790.0,12738.0,0.0
9400,14500.0,20999,1751,0.0,0.0,4863.0,33780.0,26802.0,13899.0,2869.0,35876.0,4655.0,4300,0.0,0.0,0.0,0.0,2700.0,10900.0,10210.0,3749.0,10490,0.0,10239.0,0.0,5901,5620.0,0.0,5690.0,4026.0,70800,33349,1879.0,0.0,13310.0,32910,9764.0,6780.0,12866.0,0.0
9490,14450.0,20900,1750,0.0,0.0,4879.0,33799.0,27100.0,13949.0,2820.0,36143.0,4580.0,4280,0.0,0.0,0.0,0.0,2705.0,10800.0,10626.0,3765.0,10525,0.0,10311.0,0.0,5905,5680.0,0.0,5695.0,4055.0,72000,32864,1896.0,0.0,13310.0,33401,9774.0,6849.0,12720.0,0.0
9785,14303.0,21569,1780,0.0,0.0,4840.0,35010.0,26903.0,13900.0,2790.0,35476.0,4460.0,4289,0.0,0.0,0.0,0.0,2732.0,10964.0,10547.0,3726.0,10592,0.0,10395.0,0.0,5977,5800.0,0.0,5740.0,4077.0,70850,33098,1866.0,0.0,13352.0,33725,9800.0,6950.0,12770.0,0.0
9599,14302.0,21300,1800,0.0,0.0,5000.0,34987.0,26768.0,13765.0,2825.0,35127.0,4470.0,4236,0.0,0.0,0.0,0.0,2685.0,11075.0,10824.0,3651.0,10505,0.0,10310.0,0.0,5988,5706.0,0.0,5720.0,4050.0,71500,32760,1867.0,0.0,13230.0,33760,9800.0,7069.0,12950.0,0.0
9616,14450.0,21198,1780,0.0,0.0,4985.0,35700.0,26831.0,13800.0,2823.0,36286.0,4549.0,4278,0.0,0.0,0.0,0.0,2690.0,10842.0,10873.0,3655.0,10321,0.0,10254.0,0.0,5919,5600.0,0.0,5652.0,4000.0,71525,33580,1915.0,0.0,13193.0,33780,9700.0,7020.0,13045.0,0.0
9626,14500.0,21400,1780,0.0,0.0,5000.0,34800.0,26950.0,13850.0,2856.0,36524.0,4541.0,4229,0.0,0.0,0.0,0.0,2690.0,10950.0,10706.0,3819.0,10518,0.0,10370.0,0.0,5954,5600.0,0.0,5714.0,4015.0,70880,33699,1910.0,0.0,13349.0,33700,9800.0,6960.0,13100.0,0.0
9697,14500.0,21525,1784,0.0,0.0,4989.0,34525.0,27148.0,13790.0,2860.0,35776.0,4550.0,4228,0.0,0.0,0.0,0.0,2668.0,10928.0,10471.0,3887.0,10500,0.0,10320.0,0.0,5920,5745.0,0.0,5744.0,4025.0,70000,33940,1895.0,0.0,13195.0,33715,9850.0,6973.0,13245.0,0.0
9767,14560.0,21260,1787,0.0,0.0,5100.0,33750.0,26890.0,13650.0,2862.0,34977.0,4560.0,4295,0.0,0.0,0.0,0.0,2669.0,10950.0,10384.0,3891.0,10400,0.0,10265.0,0.0,5935,5635.0,0.0,5660.0,4000.0,69224,32900,1887.0,0.0,13050.0,33250,9879.0,6930.0,13128.0,0.0
9759,14600.0,21140,1800,0.0,0.0,4900.0,33519.0,26537.0,13510.0,2846.0,36978.0,4570.0,4405,0.0,0.0,0.0,0.0,2675.0,11075.0,10384.0,3836.0,10771,0.0,10250.0,0.0,5888,5660.0,0.0,5612.0,3999.0,69350,32225,1833.0,0.0,13197.0,33464,9900.0,7000.0,13240.0,0.0
9701,14500.0,21360,1810,0.0,0.0,5050.0,33749.0,26816.0,13550.0,2800.0,36814.0,4525.0,4349,0.0,0.0,0.0,0.0,2683.0,11029.0,10340.0,3810.0,10614,0.0,10250.0,0.0,5915,5597.0,0.0,5665.0,4000.0,69800,32699,1805.0,0.0,13240.0,33430,9890.0,7200.0,12950.0,0.0
9760,14600.0,21300,1812,0.0,0.0,4990.0,33439.0,26825.0,13331.0,2770.0,37275.0,4529.0,4398,0.0,0.0,0.0,0.0,2674.0,11050.0,10318.0,3798.0,10556,0.0,10090.0,0.0,5956,5549.0,0.0,5701.0,3996.0,69000,32516,1806.0,0.0,13010.0,33446,10000.0,7068.0,13000.0,0.0
9711,14492.0,21156,1812,0.0,0.0,4965.0,33484.0,26981.0,13385.0,2731.0,36168.0,4555.0,4298,0.0,0.0,0.0,0.0,2623.0,11019.0,10410.0,3839.0,10525,0.0,10005.0,0.0,5959,5500.0,0.0,5679.0,4005.0,67600,32450,1769.0,0.0,12752.0,33300,9950.0,7100.0,13055.0,0.0
9545,14925.0,20950,1815,0.0,0.0,4945.0,33685.0,26822.0,13000.0,2669.0,37030.0,4560.0,4321,0.0,0.0,0.0,0.0,2646.0,10700.0,10472.0,3805.0,10469,0.0,10001.0,0.0,5843,5325.0,0.0,5630.0,3997.0,68746,31900,1801.0,0.0,12770.0,32260,10003.0,6950.0,12450.0,0.0
9500,14750.0,21100,1815,0.0,0.0,4800.0,33249.0,26690.0,13050.0,2644.0,36975.0,4420.0,4349,0.0,0.0,0.0,0.0,2632.0,10820.0,10322.0,3871.0,10480,0.0,10078.0,0.0,5852,5315.0,0.0,5625.0,4020.0,69314,32395,1798.0,0.0,12975.0,32800,9899.0,7060.0,12551.0,0.0
9400,14900.0,21382,1812,0.0,0.0,4791.0,33445.0,26475.0,13292.0,2675.0,37173.0,4429.0,4312,0.0,0.0,0.0,0.0,2630.0,10974.0,10254.0,3898.0,10495,0.0,10000.0,0.0,5888,5434.0,0.0,5650.0,4045.0,68557,32950,1787.0,0.0,12990.0,32994,10045.0,7075.0,12507.0,0.0
9432,15050.0,20875,1775,0.0,0.0,4800.0,32999.0,26692.0,13250.0,2659.0,36479.0,4415.0,4250,0.0,0.0,0.0,0.0,2616.0,10869.0,10296.0,3950.0,10529,0.0,9873.0,0.0,5905,5431.0,0.0,5668.0,4049.0,67700,32500,1743.0,0.0,12900.0,32650,10149.0,7005.0,12556.0,0.0
9300,14900.0,20401,1750,0.0,0.0,4749.0,33050.0,26200.0,12924.0,2616.0,35377.0,4355.0,4231,0.0,0.0,0.0,0.0,2596.0,10710.0,10178.0,3925.0,10380,0.0,9649.0,0.0,5797,5360.0,0.0,5620.0,3970.0,66150,31510,1704.0,0.0,12750.0,32011,10040.0,6809.0,12321.0,0.0
9427,14800.0,20242,1768,0.0,0.0,4651.0,32837.0,25832.0,12600.0,2642.0,35978.0,4350.0,4320,0.0,0.0,0.0,0.0,2623.0,10367.0,10347.0,3871.0,10203,0.0,9822.0,0.0,5600,5223.0,0.0,5497.0,3896.0,67566,30999,1725.0,0.0,12450.0,31530,10075.0,6650.0,12110.0,0.0
9470,14850.0,21075,1762,0.0,0.0,4450.0,32990.0,25900.0,12850.0,2739.0,37100.0,4345.0,4415,0.0,0.0,0.0,0.0,2670.0,10600.0,10647.0,3894.0,10351,0.0,9978.0,0.0,5640,5240.0,0.0,5540.0,3920.0,69600,31879,1737.0,0.0,12570.0,31900,10115.0,6861.0,12302.0,0.0
9668,14600.0,21848,1762,0.0,0.0,4585.0,33699.0,25654.0,13084.0,2773.0,37917.0,4390.0,4406,0.0,0.0,0.0,0.0,2685.0,10850.0,10736.0,3910.0,10188,0.0,10148.0,0.0,5590,5351.0,0.0,5468.0,3940.0,70491,32000,1771.0,0.0,12689.0,32199,10050.0,7029.0,12642.0,0.0
9650,14680.0,22347,1755,0.0,0.0,4605.0,33940.0,25611.0,13308.0,2760.0,39073.0,4370.0,4437,0.0,0.0,0.0,0.0,2677.0,10739.0,10974.0,3997.0,10128,0.0,10280.0,0.0,5660,5400.0,0.0,5550.0,3940.0,71090,32750,1864.0,0.0,12700.0,32302,10000.0,7091.0,12683.0,0.0
9452,14850.0,22250,1795,0.0,0.0,4830.0,34479.0,25669.0,13400.0,2781.0,38959.0,4450.0,4363,0.0,0.0,0.0,0.0,2660.0,10910.0,10969.0,3939.0,10145,0.0,10274.0,0.0,5525,5385.0,0.0,5410.0,3939.0,71495,33199,1860.0,0.0,12600.0,33272,10000.0,7320.0,12903.0,0.0
9500,14850.0,22360,1795,0.0,0.0,4775.0,33990.0,25751.0,13400.0,2731.0,39021.0,4470.0,4382,0.0,0.0,0.0,0.0,2683.0,10836.0,10811.0,4003.0,10116,0.0,10280.0,0.0,5542,5400.0,0.0,5439.0,3900.0,71087,33500,1843.0,0.0,12640.0,33185,9770.0,7255.0,12754.0,0.0
9350,14945.0,22500,1785,0.0,0.0,4850.0,33749.0,26049.0,13487.0,2720.0,39174.0,4440.0,4375,0.0,0.0,0.0,0.0,2711.0,10750.0,10811.0,4010.0,10155,0.0,10120.0,0.0,5560,5395.0,0.0,5451.0,3930.0,69276,33349,1875.0,0.0,12790.0,32950,9751.0,7263.0,13003.0,0.0
9350,15365.0,22125,1773,0.0,0.0,4779.0,33435.0,25750.0,13350.0,2720.0,39174.0,4380.0,4346,0.0,0.0,0.0,0.0,2711.0,10870.0,10701.0,3920.0,10200,0.0,9989.0,0.0,5540,5390.0,0.0,5415.0,3944.0,68167,32615,1842.0,0.0,12824.0,33010,9793.0,7223.0,13000.0,0.0
9250,15400.0,21693,1772,0.0,0.0,4760.0,33234.0,25713.0,13300.0,2705.0,38734.0,4370.0,4349,0.0,0.0,0.0,0.0,2695.0,10853.0,10911.0,3899.0,10271,0.0,9988.0,0.0,5425,5371.0,0.0,5390.0,3915.0,68499,32899,1830.0,0.0,12800.0,32800,9750.0,7300.0,12757.0,0.0
9450,15500.0,22100,1800,0.0,0.0,4620.0,34029.0,25772.0,13400.0,2687.0,39362.0,4415.0,4377,0.0,0.0,0.0,0.0,2713.0,10850.0,11040.0,3902.0,10250,0.0,9950.0,0.0,5435,5315.0,0.0,5355.0,3915.0,67571,32875,1865.0,0.0,12800.0,32968,9788.0,7250.0,12610.0,0.0
9530,15615.0,22066,1791,0.0,0.0,4601.0,34600.0,25764.0,13534.0,2626.0,39372.0,4411.0,4377,0.0,0.0,0.0,0.0,2729.0,10853.0,11079.0,3964.0,10250,0.0,9980.0,0.0,5470,5350.0,0.0,5400.0,3926.0,67850,32949,1880.0,0.0,12913.0,32950,9880.0,7210.0,12550.0,0.0
9530,15900.0,22479,1791,0.0,0.0,4611.0,34600.0,25650.0,13400.0,2580.0,39372.0,4400.0,4377,0.0,0.0,0.0,0.0,2729.0,10921.0,11079.0,3911.0,10543,0.0,9980.0,0.0,5440,5277.0,0.0,5370.0,3866.0,67850,33020,1880.0,0.0,12805.0,33178,9699.0,7352.0,12600.0,0.0
9546,16000.0,22479,1798,0.0,0.0,4593.0,34600.0,25650.0,13400.0,2580.0,38476.0,4239.0,4412,0.0,0.0,0.0,0.0,2746.0,10921.0,10711.0,3911.0,10543,0.0,9800.0,0.0,5440,5277.0,0.0,5370.0,3866.0,66550,33020,1857.0,0.0,12805.0,33178,9549.0,7352.0,12600.0,0.0
9502,16000.0,22500,1798,0.0,0.0,4593.0,32932.0,25962.0,13231.0,2565.0,38275.0,4239.0,4433,0.0,0.0,0.0,0.0,2765.0,11050.0,10806.0,3920.0,10500,0.0,9870.0,0.0,5609,5165.0,0.0,5429.0,3889.0,66801,33333,1870.0,0.0,12864.0,33150,9549.0,7545.0,12700.0,0.0
9420,16400.0,23200,1780,0.0,0.0,4580.0,33282.0,26006.0,13450.0,2575.0,38859.0,4220.0,4377,0.0,0.0,0.0,0.0,2795.0,11050.0,10538.0,3910.0,10407,0.0,10030.0,0.0,5500,5200.0,0.0,5420.0,3875.0,67900,33385,1899.0,0.0,12802.0,33371,9377.0,7540.0,12736.0,0.0
9350,16550.0,23550,1797,0.0,0.0,4600.0,32849.0,26245.0,13750.0,2620.0,38759.0,4269.0,4465,0.0,0.0,0.0,0.0,2785.0,11158.0,10475.0,3972.0,10590,0.0,9924.0,0.0,5527,5336.0,0.0,5468.0,3905.0,67993,34248,1910.0,0.0,12973.0,33600,9435.0,7530.0,13129.0,0.0
9300,16869.0,23115,1800,0.0,0.0,4565.0,32600.0,26255.0,13700.0,2629.0,39224.0,4290.0,4461,0.0,0.0,0.0,0.0,2758.0,11270.0,10429.0,4003.0,10610,0.0,10000.0,0.0,5520,5412.0,0.0,5438.0,3945.0,68350,34378,1921.0,0.0,12850.0,33215,9560.0,7490.0,13148.0,0.0
9314,16900.0,23500,1810,0.0,0.0,4582.0,32290.0,26232.0,13790.0,2650.0,39070.0,4368.0,4433,0.0,0.0,0.0,0.0,2734.0,11220.0,10508.0,4005.0,10685,0.0,9900.0,0.0,5581,5355.0,0.0,5466.0,3955.0,68478,34250,1911.0,0.0,12950.0,33600,9617.0,7420.0,13225.0,0.0
9314,17000.0,23215,1810,0.0,0.0,4509.0,32680.0,26250.0,13753.0,2650.0,39070.0,4369.0,4433,0.0,0.0,0.0,0.0,2734.0,11150.0,10508.0,4010.0,10650,0.0,9900.0,0.0,5574,5300.0,0.0,5462.0,3930.0,68478,34200,1911.0,0.0,12850.0,33900,9795.0,7275.0,13094.0,0.0
9220,17050.0,23215,1800,0.0,0.0,4599.0,32680.0,26250.0,13753.0,2650.0,38864.0,4360.0,4433,0.0,0.0,0.0,0.0,2764.0,11150.0,10490.0,4010.0,10650,0.0,10020.0,0.0,5574,5300.0,0.0,5462.0,3930.0,68297,34200,1930.0,0.0,12850.0,33900,9745.0,7275.0,13094.0,0.0
9290,17050.0,22850,1840,0.0,0.0,4599.0,32550.0,26199.0,13734.0,2670.0,38974.0,4360.0,4461,0.0,0.0,0.0,0.0,2750.0,11180.0,10557.0,3960.0,10615,0.0,10080.0,0.0,5591,5390.0,0.0,5485.0,3945.0,68200,34099,1935.0,0.0,12890.0,33900,9745.0,7445.0,13198.0,0.0
9214,17510.0,23100,1821,0.0,0.0,4510.0,33040.0,25846.0,13825.0,2685.0,38425.0,4360.0,4405,0.0,0.0,0.0,0.0,2775.0,11285.0,10578.0,3927.0,10630,0.0,9930.0,0.0,5575,5352.0,0.0,5490.0,3932.0,69100,34650,1949.0,0.0,12942.0,34197,9589.0,7460.0,13184.0,0.0
9201,17450.0,23295,1833,0.0,0.0,4500.0,32772.0,25730.0,13700.0,2668.0,38769.0,4360.0,4398,0.0,0.0,0.0,0.0,2792.0,11290.0,10613.0,3925.0,10750,0.0,9965.0,0.0,5615,5396.0,0.0,5494.0,3940.0,69413,34899,1951.0,0.0,13065.0,34455,9719.0,7637.0,13441.0,0.0
9300,17200.0,23296,1840,0.0,0.0,4486.0,32690.0,25682.0,13624.0,2694.0,39066.0,4360.0,4405,0.0,0.0,0.0,0.0,2799.0,11295.0,10692.0,3903.0,10755,0.0,10000.0,0.0,5616,5375.0,0.0,5489.0,3942.0,70100,34300,1971.0,0.0,13035.0,34628,9729.0,7648.0,13442.0,0.0
9135,17160.0,23650,1843,0.0,0.0,4530.0,32900.0,25715.0,14050.0,2678.0,39934.0,4334.0,4420,0.0,0.0,0.0,0.0,2800.0,11296.0,10384.0,3916.0,10950,0.0,9978.0,0.0,5650,5315.0,0.0,5524.0,3990.0,70392,34750,1989.0,0.0,13200.0,34500,9779.0,7690.0,13400.0,0.0
8985,16950.0,23550,1843,0.0,0.0,4520.0,31500.0,26129.0,14500.0,2700.0,39094.0,4308.0,4415,0.0,0.0,0.0,0.0,2800.0,11336.0,10208.0,3868.0,10932,0.0,9752.0,0.0,5690,5500.0,0.0,5574.0,4000.0,69500,35900,2000.0,0.0,13228.0,34594,9800.0,7826.0,13225.0,0.0
8950,16950.0,22711,1870,0.0,0.0,4530.0,31400.0,25921.0,14430.0,2685.0,38445.0,4430.0,4399,0.0,0.0,0.0,0.0,2805.0,11300.0,10208.0,3762.0,10931,0.0,9775.0,0.0,5727,5518.0,0.0,5590.0,4039.0,68700,34775,2015.0,0.0,13235.0,34258,9730.0,7755.0,13090.0,0.0
8790,16700.0,22500,1850,0.0,0.0,4450.0,31250.0,26170.0,14650.0,2685.0,38220.0,4390.0,4447,0.0,0.0,0.0,0.0,2795.0,11400.0,10212.0,3833.0,11000,0.0,9617.0,0.0,5729,5520.0,0.0,5620.0,4069.0,68195,34991,1998.0,0.0,13250.0,34000,9683.0,7635.0,12990.0,0.0
8610,16780.0,22700,1850,0.0,0.0,4450.0,30690.0,25770.0,14600.0,2692.0,37370.0,4370.0,4377,0.0,0.0,0.0,0.0,2765.0,11475.0,10234.0,3806.0,10790,0.0,9500.0,0.0,5750,5455.0,0.0,5632.0,4022.0,69000,34490,1996.0,0.0,13287.0,33810,9760.0,7560.0,13000.0,0.0
8785,16850.0,22658,1850,0.0,0.0,4480.0,30489.0,25842.0,14522.0,2638.0,38629.0,4399.0,4370,0.0,0.0,0.0,0.0,2804.0,11190.0,10427.0,3757.0,10638,0.0,9495.0,0.0,5686,5405.0,0.0,5575.0,3970.0,70655,34501,2059.0,0.0,13001.0,33901,9780.0,7409.0,12937.0,0.0
8890,16900.0,23389,1855,0.0,0.0,4500.0,31048.0,26179.0,14700.0,2634.0,39074.0,4294.0,4444,0.0,0.0,0.0,0.0,2818.0,11250.0,10384.0,3921.0,10800,0.0,9590.0,0.0,5730,5519.0,0.0,5600.0,3975.0,72300,34950,2090.0,0.0,13212.0,34200,9540.0,7500.0,13032.0,0.0
8837,16875.0,23610,1850,0.0,0.0,4780.0,30979.0,25900.0,15000.0,2625.0,38844.0,4290.0,4469,0.0,0.0,0.0,0.0,2798.0,11300.0,10266.0,3999.0,10843,0.0,9499.0,0.0,5773,5560.0,0.0,5687.0,3975.0,75000,35949,2105.0,0.0,13498.0,34968,9500.0,7397.0,13035.0,0.0
8950,16850.0,23805,1820,0.0,0.0,4720.0,30999.0,25378.0,15650.0,2635.0,39923.0,4360.0,4510,0.0,0.0,0.0,0.0,2796.0,11240.0,10243.0,4040.0,10856,0.0,9489.0,0.0,5780,5675.0,0.0,5675.0,4000.0,75898,36750,2081.0,0.0,13540.0,35400,9530.0,7345.0,13021.0,0.0
8975,16950.0,23620,1785,0.0,0.0,4719.0,30800.0,25808.0,15400.0,2640.0,39730.0,4320.0,4433,0.0,0.0,0.0,0.0,2790.0,11336.0,10120.0,4033.0,10700,0.0,9411.0,0.0,5800,5820.0,0.0,5725.0,4080.0,74393,36375,2037.0,0.0,13500.0,35700,9501.0,7544.0,13326.0,0.0
8900,17150.0,23250,1770,0.0,0.0,4699.0,31100.0,25829.0,15300.0,2635.0,40348.0,4350.0,4428,0.0,0.0,0.0,0.0,2806.0,11097.0,10177.0,3925.0,10660,0.0,9383.0,0.0,5734,5800.0,0.0,5691.0,4018.0,75201,36030,2031.0,0.0,13310.0,35111,9590.0,7510.0,13012.0,0.0
8825,16919.0,23500,1754,0.0,0.0,4600.0,31000.0,26010.0,15600.0,2529.0,39774.0,4335.0,4409,0.0,0.0,0.0,0.0,2785.0,11223.0,10265.0,3957.0,10699,0.0,9297.0,0.0,5749,5773.0,0.0,5734.0,3976.0,74500,36499,2000.0,0.0,13425.0,35600,9600.0,7355.0,13000.0,0.0
8772,16800.0,23250,1750,0.0,0.0,4640.0,31430.0,26377.0,15550.0,2485.0,38624.0,4199.0,4370,0.0,0.0,0.0,0.0,2737.0,11200.0,10190.0,3842.0,10550,0.0,9100.0,0.0,5735,5720.0,0.0,5701.0,4000.0,72200,36181,1995.0,0.0,13310.0,36160,9520.0,7222.0,12679.0,0.0
8880,16650.0,22735,1752,0.0,0.0,4624.0,31150.0,25860.0,15326.0,2410.0,38395.0,4119.0,4377,0.0,0.0,0.0,0.0,2770.0,11080.0,10230.0,3860.0,10400,0.0,9046.0,0.0,5690,5678.0,0.0,5615.0,3970.0,73107,34850,1995.0,0.0,13161.0,36101,9320.0,7222.0,12453.0,0.0
8943,16690.0,22178,1750,0.0,0.0,4550.0,31700.0,25933.0,15300.0,2436.0,38473.0,4050.0,4361,0.0,0.0,0.0,0.0,2765.0,11100.0,10138.0,3902.0,10633,0.0,8890.0,0.0,5705,5586.0,0.0,5634.0,3983.0,72000,35250,1984.0,0.0,13200.0,36560,9110.0,7200.0,12830.0,0.0
8845,16305.0,21860,1740,0.0,0.0,4506.0,31450.0,26527.0,14910.0,2440.0,37825.0,4075.0,4347,0.0,0.0,0.0,0.0,2768.0,11145.0,9804.0,3877.0,10580,0.0,9050.0,0.0,5608,5470.0,0.0,5574.0,3971.0,71400,34850,1992.0,0.0,13200.0,35935,9230.0,7174.0,12872.0,0.0
9000,15850.0,21301,1735,0.0,0.0,4443.0,30765.0,26318.0,14782.0,2439.0,38350.0,3990.0,4355,0.0,0.0,0.0,0.0,2765.0,11170.0,9900.0,4006.0,10554,0.0,9330.0,0.0,5500,5500.0,0.0,5476.0,3966.0,71800,34375,1986.0,0.0,13240.0,35700,9175.0,7220.0,12744.0,0.0
8883,15600.0,21451,1755,0.0,0.0,4342.0,30815.0,26801.0,14853.0,2425.0,38330.0,3971.0,4376,0.0,0.0,0.0,0.0,2800.0,11310.0,10001.0,4008.0,10560,0.0,9348.0,0.0,5519,5604.0,0.0,5510.0,4020.0,72451,35300,2000.0,0.0,13020.0,35520,9155.0,7200.0,12799.0,0.0
8650,15500.0,20804,1723,0.0,0.0,4423.0,31195.0,26650.0,14900.0,2431.0,37185.0,4050.0,4307,0.0,0.0,0.0,0.0,2753.0,11365.0,9840.0,4030.0,10785,0.0,9176.0,0.0,5656,5865.0,0.0,5610.0,3959.0,70500,35651,1955.0,0.0,13323.0,35298,9425.0,7300.0,12793.0,0.0
8520,15700.0,20211,1721,0.0,0.0,4422.0,30970.0,26214.0,14471.0,2398.0,37275.0,4100.0,4307,0.0,0.0,0.0,0.0,2720.0,11180.0,9930.0,3946.0,10560,0.0,8910.0,0.0,5525,5725.0,0.0,5500.0,3862.0,70300,34600,1949.0,0.0,12903.0,34900,9500.0,7114.0,12598.0,0.0
8500,15600.0,20388,1700,0.0,0.0,4317.0,30637.0,26151.0,14350.0,2350.0,37975.0,4087.0,4322,0.0,0.0,0.0,0.0,2835.0,10950.0,9988.0,3903.0,10522,0.0,9001.0,0.0,5407,5785.0,0.0,5425.0,3767.0,70405,34760,1963.0,0.0,12725.0,34710,9249.0,7000.0,12300.0,0.0
8501,15300.0,20650,1690,0.0,0.0,4291.0,31069.0,26636.0,14600.0,2368.0,38574.0,3965.0,4424,0.0,0.0,0.0,0.0,2785.0,11040.0,10185.0,3912.0,10450,0.0,9168.0,0.0,5528,5881.0,0.0,5573.0,3875.0,72035,35950,1990.0,0.0,13047.0,35100,9081.0,7128.0,12595.0,0.0
8448,15701.0,21200,1670,0.0,0.0,4375.0,31949.0,27166.0,14990.0,2400.0,40068.0,4000.0,4408,0.0,0.0,0.0,0.0,2735.0,11100.0,10120.0,3949.0,10625,0.0,9312.0,0.0,5607,6000.0,0.0,5635.0,3876.0,73000,37550,2002.0,0.0,13253.0,35265,9106.0,7450.0,12940.0,0.0
8435,15999.0,21298,1671,0.0,0.0,4375.0,32100.0,27851.0,15100.0,2397.0,40272.0,4007.0,4370,0.0,0.0,0.0,0.0,2735.0,11068.0,10383.0,3965.0,10725,0.0,9450.0,0.0,5645,6055.0,0.0,5691.0,3860.0,72801,38151,1963.0,0.0,13120.0,36095,9230.0,7699.0,13183.0,0.0
8310,16550.0,21283,1675,0.0,0.0,4427.0,32875.0,27942.0,15183.0,2380.0,40072.0,4032.0,4349,0.0,0.0,0.0,0.0,2722.0,11175.0,10212.0,3920.0,10642,0.0,9300.0,0.0,5613,6005.0,0.0,5639.0,3820.0,71405,38725,1935.0,0.0,13065.0,38100,9311.0,7723.0,13057.0,0.0
8310,16700.0,21025,1678,0.0,0.0,4450.0,32624.0,28254.0,15195.0,2360.0,39574.0,3998.0,4354,0.0,0.0,0.0,0.0,2690.0,11191.0,10382.0,4035.0,10399,0.0,9320.0,0.0,5525,6153.0,0.0,5600.0,3855.0,72894,39300,1930.0,0.0,12915.0,37115,9403.0,7500.0,12745.0,0.0
8420,16800.0,21150,1680,0.0,0.0,4500.0,32750.0,28074.0,15450.0,2336.0,39473.0,3875.0,4335,0.0,0.0,0.0,0.0,2699.0,11253.0,10306.0,4153.0,10300,0.0,9225.0,0.0,5520,5949.0,0.0,5595.0,3865.0,71300,38974,1912.0,0.0,12948.0,36850,9354.0,7350.0,12881.0,0.0
8225,17401.0,21210,1672,0.0,0.0,4550.0,32802.0,27825.0,15350.0,2301.0,38702.0,3860.0,4298,0.0,0.0,0.0,0.0,2671.0,11255.0,10062.0,4149.0,10300,0.0,9080.0,0.0,5555,5970.0,0.0,5575.0,3865.0,70500,38800,1893.0,0.0,13014.0,36617,9365.0,7339.0,12600.0,0.0
8260,17001.0,21250,1685,0.0,0.0,4490.0,32251.0,27951.0,15420.0,2304.0,39724.0,3850.0,4384,0.0,0.0,0.0,0.0,2716.0,11239.0,10234.0,4164.0,10119,0.0,9300.0,0.0,5515,6100.0,0.0,5520.0,3850.0,72860,38179,1945.0,0.0,12800.0,36981,9247.0,7255.0,12351.0,0.0
8270,17099.0,21940,1718,0.0,0.0,4434.0,32825.0,28055.0,15699.0,2350.0,38932.0,3775.0,4448,0.0,0.0,0.0,0.0,2722.0,11439.0,10152.0,4176.0,10369,0.0,9385.0,0.0,5538,6126.0,0.0,5490.0,3900.0,72500,39300,1973.0,0.0,13198.0,38250,9080.0,7525.0,12599.0,0.0
8368,16900.0,21569,1701,0.0,0.0,4521.0,32924.0,28375.0,15850.0,2405.0,39333.0,3840.0,4396,0.0,0.0,0.0,0.0,2709.0,11450.0,10383.0,4226.0,10287,0.0,9400.0,0.0,5500,6176.0,0.0,5519.0,3860.0,72500,39570,1975.0,0.0,13229.0,37705,9191.0,7579.0,12710.0,0.0
8265,16550.0,21527,1700,0.0,0.0,4560.0,33300.0,28470.0,15970.0,2461.0,39177.0,3903.0,4419,0.0,0.0,0.0,0.0,2729.0,11450.0,10455.0,4175.0,10185,0.0,9370.0,0.0,5563,6350.0,0.0,5598.0,3878.0,71150,39499,2001.0,0.0,13300.0,37300,9125.0,7402.0,12500.0,0.0
8250,16300.0,21350,1692,0.0,0.0,4650.0,33230.0,28238.0,15850.0,2460.0,39374.0,3942.0,4447,0.0,0.0,0.0,0.0,2725.0,11365.0,10607.0,4154.0,10175,0.0,9410.0,0.0,5561,6261.0,0.0,5599.0,3893.0,71200,38595,2005.0,0.0,13219.0,36590,9250.0,7400.0,12500.0,0.0
8335,15900.0,21300,1685,0.0,0.0,4805.0,33595.0,28450.0,15700.0,2551.0,39949.0,3990.0,4405,0.0,0.0,0.0,0.0,2731.0,11330.0,10889.0,4170.0,10185,0.0,9456.0,0.0,5610,6245.0,0.0,5601.0,3938.0,70961,38107,1990.0,0.0,13160.0,36500,9200.0,7300.0,12569.0,0.0
8467,16000.0,21600,1700,0.0,0.0,4800.0,34000.0,28550.0,15550.0,2560.0,40363.0,4030.0,4459,0.0,0.0,0.0,0.0,2785.0,11409.0,11299.0,4140.0,10193,0.0,9650.0,0.0,5589,6199.0,0.0,5559.0,3956.0,71600,37149,2005.0,0.0,13100.0,36450,9369.0,7455.0,12560.0,0.0
8300,16100.0,21800,1685,0.0,0.0,4800.0,35174.0,28666.0,15650.0,2645.0,39639.0,4039.0,4340,0.0,0.0,0.0,0.0,2762.0,11539.0,11088.0,4145.0,10265,0.0,9675.0,0.0,5593,6310.0,0.0,5559.0,3978.0,70381,37355,1970.0,0.0,13290.0,37483,9365.0,7430.0,12635.0,0.0
8171,16500.0,21455,1697,0.0,0.0,4820.0,34655.0,28101.0,15311.0,2599.0,38075.0,4080.0,4349,0.0,0.0,0.0,0.0,2677.0,11350.0,11018.0,4104.0,10140,0.0,9400.0,0.0,5440,6200.0,0.0,5461.0,3940.0,69000,37100,1937.0,0.0,13140.0,37250,9500.0,7350.0,12397.0,0.0
7925,16352.0,20978,1670,0.0,0.0,4999.0,34700.0,28050.0,15100.0,2540.0,38574.0,3950.0,4314,0.0,0.0,0.0,0.0,2652.0,11150.0,10899.0,4078.0,9950,0.0,9380.0,0.0,5366,6250.0,0.0,5352.0,3905.0,67000,36307,1901.0,0.0,12760.0,37380,9500.0,7300.0,12055.0,0.0
7950,15999.0,20400,1683,0.0,0.0,4944.0,34377.0,27292.0,14750.0,2500.0,39472.0,3801.0,4405,0.0,0.0,0.0,0.0,2710.0,10966.0,10737.0,3983.0,9870,0.0,9625.0,0.0,5270,6092.0,0.0,5302.0,3855.0,68000,36555,1951.0,0.0,12525.0,38125,9235.0,7157.0,11969.0,0.0
8150,16055.0,20225,1697,0.0,0.0,4900.0,33845.0,27575.0,14925.0,2583.0,39968.0,3675.0,4377,0.0,0.0,0.0,0.0,2705.0,11325.0,10982.0,3988.0,10000,0.0,9640.0,0.0,5345,6140.0,0.0,5355.0,3861.0,67700,36850,1959.0,0.0,12802.0,38231,9265.0,7359.0,12075.0,0.0
8125,16025.0,20550,1708,0.0,0.0,4938.0,33949.0,28006.0,15245.0,2670.0,39674.0,3785.0,4312,0.0,0.0,0.0,0.0,2668.0,11195.0,10934.0,3985.0,9985,0.0,9575.0,0.0,5430,6248.0,0.0,5385.0,3950.0,68200,37700,1930.0,0.0,12780.0,38097,9366.0,7490.0,12290.0,0.0
7950,15901.0,20200,1715,0.0,0.0,4950.0,34000.0,27916.0,15081.0,2660.0,39893.0,3850.0,4346,0.0,0.0,0.0,0.0,2732.0,10920.0,10956.0,4050.0,9885,0.0,9665.0,0.0,5450,6235.0,0.0,5379.0,3949.0,68200,37303,1929.0,0.0,13000.0,36925,9499.0,7400.0,12282.0,0.0
7920,15880.0,20100,1715,0.0,0.0,4850.0,33840.0,27700.0,15311.0,2660.0,39624.0,3810.0,4324,0.0,0.0,0.0,0.0,2757.0,11060.0,10911.0,4015.0,9924,0.0,9810.0,0.0,5400,6034.0,0.0,5312.0,3890.0,69400,36948,1936.0,0.0,12970.0,37650,9495.0,7380.0,12380.0,0.0
7930,15705.0,20550,1719,0.0,0.0,4705.0,34190.0,28090.0,15566.0,2702.0,40724.0,3825.0,4330,0.0,0.0,0.0,0.0,2738.0,11000.0,10733.0,4039.0,9880,0.0,9974.0,0.0,5350,6290.0,0.0,5269.0,3875.0,70290,37799,1942.0,0.0,13200.0,38999,9450.0,7510.0,12579.0,0.0
7800,15550.0,20300,1730,0.0,0.0,4690.0,33400.0,28116.0,15525.0,2775.0,40473.0,3960.0,4335,0.0,0.0,0.0,0.0,2776.0,11078.0,10648.0,4025.0,9870,0.0,9886.0,0.0,5400,6297.0,0.0,5261.0,3890.0,69146,37400,1906.0,0.0,13665.0,38450,9500.0,7492.0,12400.0,0.0
7600,15724.0,20099,1719,0.0,0.0,4680.0,32900.0,26900.0,15704.0,2688.0,40123.0,4030.0,4295,0.0,0.0,0.0,0.0,2785.0,11000.0,10661.0,4100.0,9918,0.0,9800.0,0.0,5456,6370.0,0.0,5341.0,3850.0,67900,37350,1930.0,0.0,13405.0,38699,9599.0,7500.0,12650.0,0.0
7725,15860.0,19825,1730,0.0,0.0,4600.0,32550.0,26780.0,15400.0,2640.0,40083.0,3852.0,4208,0.0,0.0,0.0,0.0,2750.0,10851.0,10736.0,4047.0,9775,0.0,9849.0,0.0,5439,6300.0,0.0,5293.0,3845.0,68000,36119,1934.0,0.0,13491.0,38360,9534.0,7405.0,12575.0,0.0
7600,15759.0,19950,1710,0.0,0.0,4451.0,32788.0,27000.0,15300.0,2650.0,38762.0,3705.0,4064,0.0,0.0,0.0,0.0,2663.0,10900.0,10406.0,4041.0,9750,0.0,9617.0,0.0,5388,6261.0,0.0,5276.0,3942.0,65001,35905,1890.0,0.0,13576.0,37200,9400.0,7532.0,13189.0,0.0
7550,15680.0,19200,1730,0.0,0.0,4470.0,31452.0,26724.0,14834.0,2643.0,40558.0,3740.0,4073,0.0,0.0,0.0,0.0,2703.0,10500.0,10472.0,3930.0,9610,0.0,9793.0,0.0,5210,6101.0,0.0,5188.0,3865.0,66701,34500,1903.0,0.0,13251.0,35698,9321.0,7370.0,12728.0,0.0
7547,15100.0,19612,1650,0.0,0.0,4399.0,32199.0,26509.0,14675.0,2652.0,40073.0,3732.0,4124,0.0,0.0,0.0,0.0,2709.0,10833.0,10525.0,3906.0,9733,0.0,9500.0,0.0,5227,6150.0,0.0,5130.0,3850.0,66000,34720,1898.0,0.0,13633.0,36150,9342.0,7450.0,13138.0,0.0
7330,14700.0,19250,1610,0.0,0.0,4242.0,31901.0,26284.0,14700.0,2675.0,38474.0,3805.0,3984,0.0,0.0,0.0,0.0,2656.0,10605.0,10318.0,3774.0,9765,0.0,9355.0,0.0,5160,6150.0,0.0,5110.0,3805.0,63010,34260,1828.0,0.0,13450.0,35993,9332.0,7400.0,13140.0,0.0
7499,14550.0,18769,1641,0.0,0.0,4205.0,31550.0,25950.0,14100.0,2620.0,38245.0,3760.0,4054,0.0,0.0,0.0,0.0,2651.0,10400.0,10383.0,3673.0,9497,0.0,9500.0,0.0,4949,6024.0,0.0,4960.0,3745.0,64700,33750,1857.0,0.0,13100.0,35295,9250.0,7204.0,12455.0,0.0
7546,14200.0,19150,1640,0.0,0.0,4090.0,31650.0,26001.0,14500.0,2635.0,36577.0,3640.0,3993,0.0,0.0,0.0,0.0,2649.0,10435.0,10177.0,3725.0,9650,0.0,9412.0,0.0,5111,6140.0,0.0,5060.0,3703.0,65500,33905,1911.0,0.0,13317.0,36599,9001.0,7271.0,12800.0,0.0
7600,15300.0,19098,1640,0.0,0.0,4134.0,31050.0,26200.0,14885.0,2666.0,35172.0,3750.0,3943,0.0,0.0,0.0,0.0,2642.0,10500.0,10120.0,3764.0,9734,0.0,9400.0,0.0,5100,6349.0,0.0,5053.0,3700.0,64900,33970,1870.0,0.0,13550.0,36850,8950.0,7448.0,12978.0,0.0
7600,15249.0,18943,1640,0.0,0.0,4100.0,31200.0,26451.0,15025.0,2651.0,35172.0,3747.0,3943,0.0,0.0,0.0,0.0,2642.0,10300.0,10120.0,3785.0,9737,0.0,9400.0,0.0,5132,6231.0,0.0,5111.0,3736.0,64900,34442,1870.0,0.0,13450.0,36551,8950.0,7310.0,12846.0,0.0
7700,15440.0,18943,1679,0.0,0.0,4075.0,31200.0,26451.0,15025.0,2651.0,37020.0,3790.0,3990,0.0,0.0,0.0,0.0,2691.0,10300.0,9944.0,3785.0,9737,0.0,9426.0,0.0,5132,6231.0,0.0,5111.0,3736.0,65000,34442,1868.0,0.0,13450.0,36551,9000.0,7310.0,12846.0,0.0
7790,15440.0,19555,1670,0.0,0.0,4075.0,31150.0,26425.0,15364.0,2710.0,36923.0,3790.0,4062,0.0,0.0,0.0,0.0,2692.0,10503.0,10186.0,3953.0,9837,0.0,9600.0,0.0,5100,6270.0,0.0,5136.0,3750.0,67200,34388,1919.0,0.0,13580.0,37150,9000.0,7400.0,12910.0,0.0
7800,15600.0,19702,1671,0.0,0.0,4189.0,31899.0,26600.0,15249.0,2751.0,37575.0,3883.0,4153,0.0,0.0,0.0,0.0,2720.0,10697.0,10534.0,3928.0,9880,0.0,9680.0,0.0,5085,6270.0,0.0,5134.0,3750.0,67900,35051,1945.0,0.0,13599.0,37296,9026.0,7375.0,13150.0,0.0
7850,15600.0,20000,1675,0.0,0.0,4250.0,32600.0,26681.0,15776.0,2730.0,38873.0,4040.0,4206,0.0,0.0,0.0,0.0,2730.0,10797.0,10252.0,3952.0,9900,0.0,9738.0,0.0,5160,6335.0,0.0,5165.0,3795.0,67937,35583,1928.0,0.0,13700.0,37795,9240.0,7568.0,13530.0,0.0
8024,16000.0,19758,1670,0.0,0.0,4360.0,32150.0,26653.0,15776.0,2767.0,38244.0,4101.0,4112,0.0,0.0,0.0,0.0,2740.0,10853.0,10062.0,3913.0,9930,0.0,9700.0,0.0,5200,6400.0,0.0,5200.0,3747.0,66300,35500,1890.0,0.0,13705.0,37625,9399.0,7504.0,13423.0,0.0
7970,16150.0,19200,1705,0.0,0.0,4410.0,31610.0,26505.0,15820.0,2720.0,37775.0,4105.0,4152,0.0,0.0,0.0,0.0,2725.0,10826.0,10318.0,3899.0,9980,0.0,9878.0,0.0,5160,6368.0,0.0,5153.0,3740.0,66900,34900,1929.0,0.0,13640.0,37455,9430.0,7680.0,13119.0,0.0
7985,16899.0,19120,1732,0.0,0.0,4400.0,32000.0,26832.0,15770.0,2688.0,37775.0,4130.0,4204,0.0,0.0,0.0,0.0,2750.0,11101.0,10362.0,3885.0,10236,0.0,10325.0,0.0,5182,6400.0,0.0,5195.0,3736.0,68307,35200,1990.0,0.0,13911.0,37890,9378.0,7740.0,13600.0,0.0
7900,17000.0,19098,1729,0.0,0.0,4251.0,32400.0,27524.0,16225.0,2770.0,36376.0,4182.0,4171,0.0,0.0,0.0,0.0,2760.0,11339.0,10424.0,3935.0,10475,0.0,10377.0,0.0,5274,6511.0,0.0,5260.0,3770.0,69700,35610,2010.0,0.0,14298.0,38699,9415.0,7995.0,14055.0,0.0
7866,16710.0,19574,1716,0.0,0.0,4399.0,32450.0,27525.0,16546.0,2795.0,37575.0,4330.0,4264,0.0,0.0,0.0,0.0,2788.0,11131.0,10452.0,3962.0,10400,0.0,10500.0,0.0,5280,6540.0,0.0,5245.0,3811.0,69790,35175,2038.0,0.0,14154.0,39149,9542.0,7938.0,13657.0,0.0
7870,16800.0,20086,1724,0.0,0.0,4400.0,33050.0,27328.0,17000.0,2834.0,37325.0,4256.0,4220,0.0,0.0,0.0,0.0,2761.0,11265.0,10494.0,3876.0,10551,0.0,10576.0,0.0,5350,6549.0,0.0,5269.0,3855.0,68700,35120,2035.0,0.0,14300.0,38725,9500.0,7900.0,13889.0,0.0
7791,16730.0,19974,1735,0.0,0.0,4530.0,32870.0,27403.0,16914.0,2867.0,37370.0,4315.0,4245,0.0,0.0,0.0,0.0,2768.0,11256.0,10626.0,3868.0,10390,0.0,10501.0,0.0,5367,6505.0,0.0,5275.0,3870.0,69234,35600,2052.0,0.0,14196.0,38500,9750.0,7910.0,13950.0,0.0
7915,17001.0,19802,1755,0.0,0.0,4475.0,33124.0,27925.0,17330.0,2850.0,38075.0,4368.0,4227,0.0,0.0,0.0,0.0,2806.0,11246.0,10868.0,3870.0,10418,0.0,10460.0,0.0,5417,6536.0,0.0,5340.0,3866.0,69100,35710,2065.0,0.0,14305.0,39385,9700.0,7805.0,13800.0,0.0
7890,16950.0,20171,1770,0.0,0.0,4475.0,33800.0,27820.0,17225.0,2830.0,38175.0,4335.0,4208,0.0,0.0,0.0,0.0,2789.0,11300.0,10780.0,3924.0,10420,0.0,10458.0,0.0,5512,6601.0,0.0,5430.0,3870.0,68800,35877,2045.0,0.0,14382.0,40201,9700.0,7860.0,13881.0,0.0
7904,16925.0,19880,1765,0.0,0.0,4526.0,33210.0,27200.0,16858.0,2800.0,38462.0,4330.0,4220,0.0,0.0,0.0,0.0,2785.0,11224.0,10798.0,3865.0,10437,0.0,10400.0,0.0,5450,6550.0,0.0,5397.0,3838.0,68000,35300,2028.0,0.0,14592.0,39800,9700.0,7900.0,13700.0,0.0
7929,16900.0,19920,1770,0.0,0.0,4449.0,33700.0,27246.0,17276.0,2844.0,37608.0,4300.0,4236,0.0,0.0,0.0,0.0,2779.0,11150.0,10727.0,3849.0,10199,0.0,10255.0,0.0,5378,6640.0,0.0,5364.0,3811.0,68340,36285,2030.0,0.0,14925.0,39700,9719.0,7832.0,13600.0,0.0
7925,16923.0,19900,1766,0.0,0.0,4368.0,33050.0,27100.0,17530.0,2806.0,36426.0,4363.0,4167,0.0,0.0,0.0,0.0,2765.0,10995.0,10670.0,3867.0,10130,0.0,10180.0,0.0,5351,6460.0,0.0,5348.0,3785.0,66722,36550,2018.0,0.0,15151.0,38695,9698.0,7843.0,13725.0,0.0
7950,16834.0,19700,1760,0.0,0.0,4400.0,32700.0,27298.0,17100.0,2760.0,36176.0,4416.0,4115,0.0,0.0,0.0,0.0,2775.0,10900.0,10702.0,3841.0,10103,0.0,10001.0,0.0,5335,6345.0,0.0,5312.0,3750.0,66303,34881,2027.0,0.0,14750.0,37400,9545.0,7830.0,13570.0,0.0
7953,16855.0,19400,1756,0.0,0.0,4430.0,33200.0,27858.0,17190.0,2777.0,36047.0,4427.0,4166,0.0,0.0,0.0,0.0,2797.0,10961.0,10798.0,3883.0,10048,0.0,10165.0,0.0,5306,6370.0,0.0,5322.0,3741.0,66000,35000,1986.0,0.0,14300.0,38200,9525.0,7819.0,13600.0,0.0
7950,16950.0,19375,1733,0.0,0.0,4483.0,33700.0,28355.0,17251.0,2812.0,36126.0,4430.0,4093,0.0,0.0,0.0,0.0,2782.0,11115.0,10736.0,3938.0,10050,0.0,10007.0,0.0,5321,6404.0,0.0,5352.0,3735.0,65400,35249,1939.0,0.0,14110.0,37950,9487.0,7776.0,13450.0,0.0
7798,16700.0,19324,1730,0.0,0.0,4525.0,33450.0,28585.0,17248.0,2860.0,35077.0,4310.0,3961,0.0,0.0,0.0,0.0,2736.0,10950.0,10544.0,3949.0,9900,0.0,9734.0,0.0,5263,6349.0,0.0,5290.0,3710.0,63597,34900,1902.0,0.0,13834.0,37350,9606.0,7610.0,13430.0,0.0
7830,16917.0,18520,1735,0.0,0.0,4345.0,32990.0,28149.0,16524.0,2827.0,36375.0,4283.0,3998,0.0,0.0,0.0,0.0,2775.0,10511.0,10516.0,3853.0,9623,0.0,9723.0,0.0,5069,6218.0,0.0,5090.0,3698.0,64001,33300,1935.0,0.0,13550.0,36020,9643.0,7506.0,13050.0,0.0
7864,16750.0,18600,1770,0.0,0.0,4199.0,33165.0,28380.0,16725.0,2826.0,38325.0,4200.0,4201,0.0,0.0,0.0,0.0,2748.0,10714.0,10816.0,3990.0,9754,0.0,10100.0,0.0,5105,6380.0,0.0,5139.0,3710.0,65400,34270,1995.0,0.0,13867.0,36649,9498.0,7550.0,13346.0,0.0
7800,17050.0,19495,1777,0.0,0.0,4180.0,34050.0,28850.0,16790.0,2900.0,38375.0,4200.0,4200,0.0,0.0,0.0,0.0,2710.0,11050.0,10670.0,4137.0,10020,0.0,9990.0,0.0,5140,6401.0,0.0,5199.0,3746.0,65790,35200,2010.0,0.0,14042.0,37478,9505.0,7750.0,13969.0,0.0
7800,17200.0,19852,1777,0.0,0.0,4250.0,33701.0,28730.0,17109.0,2889.0,38375.0,4310.0,4200,0.0,0.0,0.0,0.0,2710.0,11149.0,10670.0,4176.0,10055,0.0,9990.0,0.0,5196,6526.0,0.0,5264.0,3760.0,65790,35250,2010.0,0.0,14054.0,37899,9720.0,7889.0,14023.0,0.0
7800,17165.0,19852,1777,0.0,0.0,4200.0,33701.0,28730.0,17109.0,2889.0,38375.0,4345.0,4200,0.0,0.0,0.0,0.0,2710.0,11149.0,10670.0,4176.0,10055,0.0,9990.0,0.0,5196,6526.0,0.0,5264.0,3760.0,65790,35250,2010.0,0.0,14054.0,37899,9650.0,7889.0,14023.0,0.0
7900,17165.0,19852,1784,0.0,0.0,4200.0,33701.0,28730.0,17109.0,2889.0,38772.0,4345.0,4225,0.0,0.0,0.0,0.0,2759.0,11149.0,10463.0,4176.0,10055,0.0,10020.0,0.0,5196,6526.0,0.0,5264.0,3760.0,65700,35250,2050.0,0.0,14054.0,37899,9650.0,7889.0,14023.0,0.0
7900,17165.0,19800,1784,0.0,0.0,4200.0,33300.0,29000.0,17299.0,2922.0,38772.0,4345.0,4225,0.0,0.0,0.0,0.0,2759.0,11130.0,10463.0,4202.0,10225,0.0,10020.0,0.0,5219,6456.0,0.0,5263.0,3765.0,65700,34600,2050.0,0.0,14287.0,38545,9650.0,7850.0,14099.0,0.0
7990,17100.0,19800,1799,0.0,0.0,4200.0,33300.0,29000.0,17299.0,2922.0,38774.0,4199.0,4288,0.0,0.0,0.0,0.0,2765.0,11130.0,10278.0,4202.0,10225,0.0,10128.0,0.0,5219,6456.0,0.0,5263.0,3765.0,65800,34600,2060.0,0.0,14287.0,38545,9745.0,7850.0,14099.0,0.0
8100,17100.0,20350,1822,0.0,0.0,4200.0,32900.0,28808.0,17618.0,2993.0,39474.0,4199.0,4250,0.0,0.0,0.0,0.0,2816.0,11000.0,10321.0,4173.0,10176,0.0,10350.0,0.0,5265,6520.0,0.0,5297.0,3790.0,66700,34450,2066.0,0.0,14555.0,37820,9745.0,8000.0,14305.0,0.0
8100,17200.0,20503,1822,0.0,0.0,4260.0,33278.0,28750.0,17740.0,2995.0,39474.0,4345.0,4250,0.0,0.0,0.0,0.0,2816.0,11388.0,10321.0,4238.0,10303,0.0,10350.0,0.0,5310,6488.0,0.0,5322.0,3787.0,66700,34550,2066.0,0.0,14624.0,37900,9750.0,8030.0,14599.0,0.0
8176,17420.0,20503,1790,0.0,0.0,4330.0,33278.0,28750.0,17740.0,2995.0,38630.0,4390.0,4241,0.0,0.0,0.0,0.0,2703.0,11388.0,9954.0,4238.0,10303,0.0,10186.0,0.0,5310,6488.0,0.0,5322.0,3787.0,64799,34550,2008.0,0.0,14624.0,37900,9750.0,8030.0,14599.0,0.0
8180,17420.0,19727,1759,0.0,0.0,4330.0,32200.0,28958.0,17481.0,2980.0,37484.0,4390.0,4222,0.0,0.0,0.0,0.0,2676.0,11110.0,9680.0,4230.0,10223,0.0,10010.0,0.0,5200,6451.0,0.0,5260.0,3765.0,63350,33805,1972.0,0.0,14290.0,36852,9750.0,7910.0,14296.0,0.0
8158,17700.0,18920,1735,0.0,0.0,4350.0,31420.0,29120.0,16800.0,2900.0,37125.0,4451.0,4215,0.0,0.0,0.0,0.0,2688.0,10950.0,9548.0,4188.0,10051,0.0,9990.0,0.0,5170,6400.0,0.0,5254.0,3730.0,62000,33150,1970.0,0.0,14265.0,36140,9700.0,7900.0,14289.0,0.0
8089,17500.0,18415,1742,0.0,0.0,4440.0,31250.0,29711.0,16300.0,2870.0,38325.0,4345.0,4172,0.0,0.0,0.0,0.0,2720.0,10855.0,9592.0,4170.0,9834,0.0,10100.0,0.0,5155,6571.0,0.0,5225.0,3720.0,63280,32700,2009.0,0.0,14090.0,35450,9700.0,7900.0,14340.0,0.0
8110,17500.0,19000,1733,0.0,0.0,4430.0,31090.0,29415.0,16648.0,2933.0,38075.0,4302.0,4216,0.0,0.0,0.0,0.0,2693.0,11010.0,9491.0,4192.0,10049,0.0,10075.0,0.0,5188,6601.0,0.0,5250.0,3717.0,62000,33400,1993.0,0.0,14145.0,36100,9544.0,7920.0,14200.0,0.0
8151,17401.0,18560,1732,0.0,0.0,4526.0,30800.0,29351.0,16625.0,2890.0,38724.0,4369.0,4244,0.0,0.0,0.0,0.0,2741.0,10884.0,9593.0,4160.0,9915,0.0,10135.0,0.0,5175,6575.0,0.0,5252.0,3720.0,63100,33220,2008.0,0.0,14125.0,35100,9589.0,7950.0,14190.0,0.0
8269,17590.0,18600,1715,0.0,0.0,4440.0,31100.0,29975.0,17000.0,2928.0,38793.0,4340.0,4236,0.0,0.0,0.0,0.0,2750.0,10975.0,9444.0,4236.0,10129,0.0,10020.0,0.0,5284,6761.0,0.0,5375.0,3728.0,63000,33999,1999.0,0.0,14175.0,36000,9550.0,8000.0,14150.0,0.0
8196,17580.0,18473,1713,0.0,0.0,4390.0,30999.0,30400.0,17150.0,2920.0,38468.0,4328.0,4207,0.0,0.0,0.0,0.0,2736.0,11090.0,9381.0,4362.0,9963,0.0,9975.0,0.0,5274,6796.0,0.0,5400.0,3730.0,61997,33500,1970.0,0.0,14010.0,36050,9600.0,7930.0,14040.0,0.0
8240,17550.0,18400,1711,0.0,0.0,4400.0,30470.0,30345.0,16626.0,2921.0,38550.0,4230.0,4230,0.0,0.0,0.0,0.0,2718.0,11000.0,9591.0,4345.0,9864,0.0,10065.0,0.0,5246,6760.0,0.0,5344.0,3715.0,61800,32850,1980.0,0.0,13999.0,35494,9350.0,7900.0,13900.0,0.0
8330,17500.0,18500,1730,0.0,0.0,4380.0,31040.0,30559.0,16600.0,2935.0,39374.0,4230.0,4213,0.0,0.0,0.0,0.0,2738.0,11127.0,9614.0,4425.0,9980,0.0,10158.0,0.0,5217,6898.0,0.0,5305.0,3736.0,62500,33300,2008.0,0.0,14134.0,36019,9150.0,7990.0,13950.0,0.0
8326,17890.0,18801,1729,0.0,0.0,4425.0,30901.0,30251.0,16575.0,2920.0,38565.0,4349.0,4183,0.0,0.0,0.0,0.0,2707.0,11100.0,9393.0,4429.0,10035,0.0,10090.0,0.0,5267,6790.0,0.0,5320.0,3736.0,61207,33760,1985.0,0.0,14103.0,36069,9199.0,8170.0,14100.0,0.0
8326,17825.0,18390,1729,0.0,0.0,4415.0,30880.0,30303.0,16400.0,2885.0,38565.0,4280.0,4183,0.0,0.0,0.0,0.0,2707.0,11063.0,9393.0,4415.0,9959,0.0,10090.0,0.0,5275,6735.0,0.0,5307.0,3749.0,61207,33250,1985.0,0.0,14262.0,35353,9130.0,8100.0,13910.0,0.0
8330,18200.0,18400,1727,0.0,0.0,4380.0,31183.0,30350.0,16395.0,2900.0,39028.0,4249.0,4220,0.0,0.0,0.0,0.0,2738.0,11100.0,9398.0,4312.0,9989,0.0,10024.0,0.0,5399,6750.0,0.0,5445.0,3749.0,61700,33155,2001.0,0.0,14390.0,35747,9150.0,8149.0,14090.0,0.0
8295,19500.0,18300,1728,0.0,0.0,4425.0,31100.0,30695.0,16300.0,2895.0,39274.0,4298.0,4236,0.0,0.0,0.0,0.0,2731.0,11100.0,9420.0,4388.0,9986,0.0,9919.0,0.0,5525,6720.0,0.0,5550.0,3827.0,62200,32900,1981.0,0.0,14317.0,35500,9240.0,8117.0,13991.0,0.0
8225,18915.0,17930,1717,0.0,0.0,4500.0,31300.0,30825.0,15450.0,2852.0,37913.0,4228.0,4118,0.0,0.0,0.0,0.0,2691.0,10940.0,9636.0,4290.0,9835,0.0,9751.0,0.0,5425,6631.0,0.0,5445.0,3856.0,61000,32245,1941.0,0.0,14040.0,34684,9200.0,8000.0,13850.0,0.0
8319,18800.0,18110,1740,0.0,0.0,4410.0,31380.0,30801.0,15600.0,2920.0,38075.0,4130.0,4206,0.0,0.0,0.0,0.0,2694.0,11185.0,9715.0,4300.0,10020,0.0,10048.0,0.0,5448,6690.0,0.0,5512.0,3835.0,62500,32501,2000.0,0.0,14330.0,35170,9075.0,8201.0,14175.0,0.0
8360,18900.0,18605,1736,0.0,0.0,4440.0,31480.0,30769.0,15478.0,2876.0,38425.0,4299.0,4166,0.0,0.0,0.0,0.0,2698.0,11028.0,9858.0,4286.0,9920,0.0,9833.0,0.0,5507,6700.0,0.0,5594.0,3840.0,64100,33001,1975.0,0.0,14206.0,35450,9260.0,8200.0,14040.0,0.0
8351,18822.0,18321,1749,0.0,0.0,4440.0,30910.0,30926.0,15600.0,2895.0,38774.0,4249.0,4173,0.0,0.0,0.0,0.0,2705.0,11231.0,9764.0,4240.0,10050,0.0,9737.0,0.0,5570,6762.0,0.0,5625.0,3832.0,64027,33617,2000.0,0.0,14485.0,35800,9120.0,8250.0,14115.0,0.0
8485,19000.0,18650,1771,0.0,0.0,4470.0,31340.0,30914.0,16195.0,2935.0,39474.0,4250.0,4264,0.0,0.0,0.0,0.0,2754.0,11254.0,9693.0,4402.0,10225,0.0,9850.0,0.0,5665,6820.0,0.0,5690.0,3866.0,64400,34110,2021.0,0.0,14638.0,36495,9050.0,8290.0,14285.0,0.0
8600,18800.0,18689,1795,0.0,0.0,4450.0,31600.0,30915.0,16199.0,2935.0,39374.0,4323.0,4241,0.0,0.0,0.0,0.0,2770.0,11265.0,9900.0,4420.0,10190,0.0,9857.0,0.0,5629,6801.0,0.0,5642.0,3880.0,64399,34020,2025.0,0.0,14600.0,36295,9149.0,8250.0,14200.0,0.0
8725,18800.0,18900,1810,0.0,0.0,4462.0,31400.0,30625.0,16150.0,2974.0,40348.0,4290.0,4339,0.0,0.0,0.0,0.0,2782.0,11280.0,9944.0,4458.0,10250,0.0,9960.0,0.0,5732,6900.0,0.0,5700.0,3893.0,65100,34150,2050.0,0.0,14943.0,36236,9201.0,8350.0,14475.0,0.0
8789,18900.0,18949,1811,0.0,0.0,4576.0,31275.0,30400.0,15800.0,2960.0,40023.0,4280.0,4339,0.0,0.0,0.0,0.0,2774.0,11274.0,9838.0,4450.0,10130,0.0,9949.0,0.0,5675,6858.0,0.0,5655.0,3937.0,64800,33525,2027.0,0.0,14635.0,36060,9266.0,8497.0,14400.0,0.0
8720,18871.0,18800,1806,0.0,0.0,4469.0,30550.0,30075.0,15375.0,3005.0,39953.0,4289.0,4321,0.0,0.0,0.0,0.0,2768.0,11190.0,9549.0,4400.0,9995,0.0,9738.0,0.0,5700,6765.0,0.0,5645.0,3885.0,63800,32880,2018.0,0.0,14500.0,35250,9225.0,8490.0,14369.0,0.0
8558,18782.0,18375,1795,0.0,0.0,4450.0,30382.0,29800.0,15395.0,2950.0,39774.0,4260.0,4215,0.0,0.0,0.0,0.0,2716.0,11053.0,9438.0,4397.0,9905,0.0,9620.0,0.0,5663,6615.0,0.0,5615.0,3860.0,63511,32459,1980.0,0.0,14250.0,34703,9190.0,8485.0,14180.0,0.0
8575,18650.0,18250,1805,0.0,0.0,4420.0,30330.0,30187.0,15700.0,2975.0,39973.0,4255.0,4152,0.0,0.0,0.0,0.0,2724.0,11290.0,9156.0,4350.0,9850,0.0,9716.0,0.0,5630,6650.0,0.0,5589.0,3844.0,63600,32801,1978.0,0.0,14150.0,34600,9050.0,8439.0,14080.0,0.0
8700,18400.0,18750,1833,0.0,0.0,4400.0,29930.0,30200.0,15996.0,2995.0,40579.0,4250.0,4276,0.0,0.0,0.0,0.0,2763.0,11305.0,8919.0,4310.0,9930,0.0,9800.0,0.0,5700,6800.0,0.0,5620.0,3836.0,64675,33000,1980.0,0.0,14105.0,35240,8925.0,8526.0,14150.0,0.0
8665,18405.0,18450,1835,0.0,0.0,4450.0,28999.0,29863.0,15900.0,3005.0,40648.0,4280.0,4214,0.0,0.0,0.0,0.0,2729.0,11200.0,8690.0,4271.0,9899,0.0,9787.0,0.0,5590,6761.0,0.0,5527.0,3840.0,63973,32525,1979.0,0.0,14182.0,35250,9005.0,8417.0,14230.0,0.0
8670,18590.0,18450,1828,0.0,0.0,4430.0,29640.0,30200.0,15934.0,2968.0,39499.0,4221.0,4207,0.0,0.0,0.0,0.0,2720.0,11244.0,8801.0,4287.0,9811,0.0,9700.0,0.0,5591,6930.0,0.0,5569.0,3865.0,64210,32950,1978.0,0.0,14225.0,35350,8975.0,8432.0,14106.0,0.0
8472,18800.0,17950,1801,0.0,0.0,4381.0,29105.0,29880.0,15854.0,2970.0,39307.0,4260.0,4183,0.0,0.0,0.0,0.0,2710.0,11100.0,8711.0,4187.0,9720,0.0,9590.0,0.0,5533,6729.0,0.0,5485.0,3890.0,63101,32015,1949.0,0.0,14150.0,34698,8950.0,8379.0,13942.0,0.0
8482,18800.0,18285,1830,0.0,0.0,4314.0,29050.0,29850.0,16070.0,2940.0,38667.0,4269.0,4166,0.0,0.0,0.0,0.0,2705.0,11060.0,8713.0,4196.0,9695,0.0,9567.0,0.0,5490,6673.0,0.0,5472.0,3851.0,63701,32135,1962.0,0.0,14073.0,34600,8951.0,8515.0,13854.0,0.0
8435,18700.0,18064,1810,0.0,0.0,4275.0,29215.0,29557.0,16660.0,2950.0,37875.0,4180.0,4124,0.0,0.0,0.0,0.0,2685.0,11001.0,8664.0,4191.0,9535,0.0,9541.0,0.0,5525,6720.0,0.0,5475.0,3861.0,63938,32301,1956.0,0.0,14186.0,35149,8926.0,8540.0,13795.0,0.0
8399,18765.0,17900,1820,0.0,0.0,4215.0,29250.0,29400.0,16693.0,2920.0,37545.0,4161.0,4167,0.0,0.0,0.0,0.0,2679.0,11085.0,8730.0,4171.0,9649,0.0,9580.0,0.0,5464,6707.0,0.0,5410.0,3888.0,62401,31876,1940.0,0.0,14171.0,35100,8880.0,8600.0,13626.0,0.0
8399,18700.0,17900,1820,0.0,0.0,4190.0,29250.0,29400.0,16693.0,2920.0,37545.0,4177.0,4167,0.0,0.0,0.0,0.0,2679.0,11085.0,8730.0,4171.0,9649,0.0,9580.0,0.0,5464,6707.0,0.0,5410.0,3895.0,62401,31876,1940.0,0.0,14171.0,35100,8854.0,8600.0,13626.0,0.0
8215,18700.0,17890,1805,0.0,0.0,4190.0,28727.0,29008.0,16482.0,2924.0,35976.0,4177.0,4069,0.0,0.0,0.0,0.0,2694.0,10815.0,8474.0,4080.0,9605,0.0,9705.0,0.0,5367,6625.0,0.0,5295.0,3895.0,61990,31307,1938.0,0.0,14000.0,34588,8854.0,8460.0,13595.0,0.0
8288,18654.0,17950,1787,0.0,0.0,4200.0,28801.0,28990.0,16350.0,2880.0,36939.0,4205.0,4054,0.0,0.0,0.0,0.0,2700.0,10920.0,8633.0,4109.0,9673,0.0,9760.0,0.0,5350,6475.0,0.0,5259.0,3882.0,63000,30870,1924.0,0.0,13974.0,34500,8870.0,8410.0,13615.0,0.0
8499,18155.0,18040,1790,0.0,0.0,4220.0,28836.0,29199.0,16576.0,2921.0,37375.0,4190.0,4133,0.0,0.0,0.0,0.0,2707.0,11059.0,8661.0,4235.0,9780,0.0,9790.0,0.0,5430,6601.0,0.0,5320.0,3848.0,63900,31800,1935.0,0.0,14057.0,35500,8959.0,8465.0,13680.0,0.0
8345,18450.0,17850,1791,0.0,0.0,4290.0,29143.0,29290.0,16614.0,2900.0,36776.0,4259.0,4075,0.0,0.0,0.0,0.0,2675.0,10875.0,8677.0,4274.0,9635,0.0,9811.0,0.0,5390,6545.0,0.0,5290.0,3894.0,61800,31889,1910.0,0.0,14050.0,34881,9000.0,8450.0,13410.0,0.0
8220,18422.0,17600,1790,0.0,0.0,4233.0,28213.0,29144.0,16450.0,2864.0,36076.0,4221.0,4019,0.0,0.0,0.0,0.0,2645.0,10849.0,8420.0,4205.0,9600,0.0,9711.0,0.0,5333,6481.0,0.0,5245.0,3895.0,60395,30949,1884.0,0.0,14011.0,33900,8890.0,8440.0,13540.0,0.0
8300,18299.0,17673,1800,0.0,0.0,4200.0,27849.0,29038.0,16886.0,2910.0,36796.0,4100.0,4095,0.0,0.0,0.0,0.0,2693.0,10970.0,8413.0,4312.0,9714,0.0,9702.0,0.0,5361,6471.0,0.0,5263.0,3855.0,60900,31540,1921.0,0.0,14214.0,34199,8782.0,8490.0,13710.0,0.0
8168,18200.0,17844,1814,0.0,0.0,4155.0,27700.0,29490.0,17150.0,2912.0,36886.0,4115.0,4082,0.0,0.0,0.0,0.0,2695.0,10949.0,8478.0,4307.0,9723,0.0,9962.0,0.0,5311,6485.0,0.0,5238.0,3769.0,62001,31850,1902.0,0.0,14271.0,34490,8778.0,8200.0,14133.0,0.0
8290,17889.0,18100,1828,0.0,0.0,4185.0,28100.0,29451.0,17425.0,2930.0,37075.0,4129.0,4166,0.0,0.0,0.0,0.0,2720.0,11072.0,8581.0,4409.0,9899,0.0,10025.0,0.0,5407,6568.0,0.0,5350.0,3785.0,63398,32521,1934.0,0.0,14450.0,34790,8805.0,8210.0,14050.0,0.0
8400,17850.0,18400,1834,0.0,0.0,4200.0,28799.0,29390.0,17695.0,2950.0,37523.0,4218.0,4249,0.0,0.0,0.0,0.0,2748.0,11080.0,8752.0,4449.0,9999,0.0,10092.0,0.0,5530,6640.0,0.0,5450.0,3830.0,62686,33150,1982.0,0.0,14591.0,35299,8969.0,8265.0,14280.0,0.0
8400,17968.0,18219,1831,0.0,0.0,4219.0,28550.0,29550.0,17847.0,2975.0,38170.0,4225.0,4222,0.0,0.0,0.0,0.0,2756.0,11160.0,8729.0,4407.0,9997,0.0,10180.0,0.0,5579,6710.0,0.0,5490.0,3860.0,62800,33485,1985.0,0.0,14650.0,35598,8998.0,8395.0,14390.0,0.0
8388,18100.0,18225,1835,0.0,0.0,4247.0,27880.0,29842.0,17725.0,2989.0,38007.0,4225.0,4293,0.0,0.0,0.0,0.0,2749.0,11180.0,8430.0,4377.0,10100,0.0,10289.0,0.0,5625,6909.0,0.0,5570.0,3855.0,62795,33600,1980.0,0.0,14672.0,35850,9024.0,8360.0,14429.0,0.0
8515,18500.0,18200,1840,0.0,0.0,4217.0,27840.0,30078.0,17500.0,3030.0,38624.0,4240.0,4319,0.0,0.0,0.0,0.0,2771.0,11277.0,8689.0,4400.0,10119,0.0,10350.0,0.0,5609,6955.0,0.0,5545.0,3919.0,62998,33625,1979.0,0.0,14742.0,36100,9290.0,8490.0,14480.0,0.0
8583,18428.0,18100,1870,0.0,0.0,4171.0,27935.0,30474.0,17800.0,3061.0,38325.0,4290.0,4336,0.0,0.0,0.0,0.0,2780.0,11425.0,8536.0,4512.0,10220,0.0,10475.0,0.0,5736,7086.0,0.0,5630.0,3906.0,62500,33825,2020.0,0.0,14825.0,36000,9294.0,8345.0,14694.0,0.0
8520,18400.0,17899,1875,0.0,0.0,4100.0,28695.0,30160.0,18168.0,3022.0,37775.0,4320.0,4545,0.0,0.0,0.0,0.0,2775.0,11320.0,8798.0,4528.0,10100,0.0,10500.0,0.0,5625,6970.0,0.0,5579.0,3965.0,62600,33599,2020.0,0.0,14650.0,35898,9374.0,8426.0,14398.0,0.0
8465,18380.0,17880,1890,0.0,0.0,4099.0,28675.0,30118.0,18475.0,3040.0,37875.0,4290.0,4559,0.0,0.0,0.0,0.0,2775.0,11200.0,8800.0,4535.0,10146,0.0,10395.0,0.0,5695,7020.0,0.0,5619.0,3910.0,62599,34000,2005.0,0.0,14750.0,36560,9320.0,8408.0,14400.0,0.0
8345,18530.0,17500,1885,0.0,0.0,4047.0,28500.0,30640.0,18000.0,3005.0,37605.0,4265.0,4573,0.0,0.0,0.0,0.0,2765.0,11226.0,8663.0,4555.0,10077,0.0,10200.0,0.0,5673,7029.0,0.0,5590.0,3958.0,61400,33650,1950.0,0.0,14610.0,35550,9238.0,8302.0,14040.0,0.0
8300,18450.0,17180,1872,0.0,0.0,4000.0,28650.0,30769.0,17850.0,3021.0,36776.0,4250.0,4607,0.0,0.0,0.0,0.0,2763.0,11289.0,8743.0,4525.0,10000,0.0,10045.0,0.0,5598,6886.0,0.0,5470.0,3970.0,60029,33139,1940.0,0.0,14643.0,35399,9158.0,8442.0,14075.0,0.0
8315,18450.0,17000,1870,0.0,0.0,3951.0,29035.0,30800.0,17626.0,3000.0,37275.0,4133.0,4657,0.0,0.0,0.0,0.0,2761.0,11240.0,9014.0,4535.0,10091,0.0,10148.0,0.0,5552,6930.0,0.0,5480.0,3980.0,60300,32931,1940.0,0.0,14638.0,35728,9185.0,8457.0,14220.0,0.0
8289,18450.0,17220,1840,0.0,0.0,3910.0,30200.0,30767.0,17850.0,3100.0,37525.0,4091.0,4694,0.0,0.0,0.0,0.0,2770.0,11316.0,9394.0,4595.0,10149,0.0,10245.0,0.0,5625,7120.0,0.0,5540.0,3980.0,59901,33471,1945.0,0.0,14700.0,35690,9214.0,8560.0,14411.0,0.0
8280,18500.0,17600,1820,0.0,0.0,3950.0,30140.0,30800.0,17792.0,3095.0,37473.0,4160.0,4652,0.0,0.0,0.0,0.0,2766.0,11375.0,9231.0,4560.0,10199,0.0,10300.0,0.0,5580,7142.0,0.0,5530.0,4008.0,61252,33250,1970.0,0.0,14717.0,35650,9370.0,8511.0,14533.0,0.0
8400,18600.0,17695,1832,0.0,0.0,4050.0,30650.0,31032.0,18200.0,3115.0,38548.0,4100.0,4692,0.0,0.0,0.0,0.0,2767.0,11453.0,9419.0,4535.0,10085,0.0,10415.0,0.0,5635,6948.0,0.0,5540.0,4038.0,60150,33100,1976.0,0.0,14783.0,35975,9370.0,8582.0,14650.0,0.0
8352,18749.0,17632,1833,0.0,0.0,4085.0,31400.0,31033.0,18025.0,3085.0,37490.0,4046.0,4618,0.0,0.0,0.0,0.0,2756.0,11200.0,9593.0,4444.0,9925,0.0,10226.0,0.0,5495,6840.0,0.0,5450.0,4022.0,59440,32600,1947.0,0.0,14647.0,35264,9413.0,8600.0,14280.0,0.0
8402,18450.0,17875,1821,0.0,0.0,3979.0,31276.0,30740.0,18650.0,3171.0,37375.0,3930.0,4570,0.0,0.0,0.0,0.0,2759.0,11243.0,9530.0,4414.0,9900,0.0,10200.0,0.0,5528,6850.0,0.0,5470.0,4000.0,60750,33220,1960.0,0.0,14625.0,35450,9400.0,8699.0,14401.0,0.0
8605,18800.0,17893,1840,0.0,0.0,3990.0,30522.0,30559.0,18570.0,3165.0,36974.0,3936.0,4489,0.0,0.0,0.0,0.0,2770.0,11400.0,9459.0,4447.0,9881,0.0,10190.0,0.0,5568,6872.0,0.0,5528.0,4000.0,60050,33000,1971.0,0.0,14675.0,35512,9406.0,8781.0,14390.0,0.0
8650,18562.0,17700,1840,0.0,0.0,3950.0,30100.0,30953.0,18700.0,3190.0,37008.0,3942.0,4556,0.0,0.0,0.0,0.0,2770.0,11230.0,9368.0,4446.0,10006,0.0,10317.0,0.0,5657,6785.0,0.0,5627.0,4000.0,60100,33212,1979.0,0.0,14739.0,35700,9424.0,8785.0,14470.0,0.0
8406,18368.0,17572,1835,0.0,0.0,3900.0,30320.0,31247.0,18650.0,3170.0,36376.0,4051.0,4517,0.0,0.0,0.0,0.0,2759.0,11200.0,9310.0,4419.0,9760,0.0,10268.0,0.0,5595,6841.0,0.0,5598.0,4010.0,60100,33546,1951.0,0.0,14616.0,35500,9521.0,8749.0,14400.0,0.0
8374,18300.0,17750,1860,0.0,0.0,3900.0,30275.0,31358.0,18688.0,3159.0,36476.0,4027.0,4531,0.0,0.0,0.0,0.0,2782.0,11400.0,9414.0,4427.0,9890,0.0,10345.0,0.0,5525,6815.0,0.0,5465.0,4000.0,60000,33436,1980.0,0.0,14640.0,35635,9411.0,8700.0,14550.0,0.0
8342,18200.0,17789,1850,0.0,0.0,3972.0,29327.0,31320.0,18702.0,3160.0,36578.0,4020.0,4509,0.0,0.0,0.0,0.0,2768.0,11306.0,9170.0,4354.0,9850,0.0,10450.0,0.0,5508,6810.0,0.0,5446.0,3997.0,59765,33606,1959.0,0.0,14440.0,35295,9596.0,8780.0,14450.0,0.0
8225,18200.0,17794,1839,0.0,0.0,3900.0,29008.0,31379.0,18350.0,3140.0,36576.0,4000.0,4433,0.0,0.0,0.0,0.0,2760.0,11121.0,9108.0,4355.0,9715,0.0,10413.0,0.0,5480,6840.0,0.0,5405.0,3998.0,59628,33075,1960.0,0.0,14387.0,34650,9547.0,8545.0,14117.0,0.0
8320,18200.0,17525,1830,0.0,0.0,3900.0,28111.0,31245.0,17975.0,3174.0,36081.0,3994.0,4419,0.0,0.0,0.0,0.0,2730.0,11228.0,9108.0,4367.0,9705,0.0,10460.0,0.0,5400,6665.0,0.0,5313.0,3955.0,58651,32740,1950.0,0.0,14180.0,34000,9440.0,8501.0,14431.0,0.0
8331,18150.0,17140,1840,0.0,0.0,3809.0,28100.0,31094.0,18000.0,3156.0,35796.0,4017.0,4402,0.0,0.0,0.0,0.0,2704.0,11069.0,9117.0,4346.0,9735,0.0,10401.0,0.0,5397,6601.0,0.0,5282.0,3945.0,57300,32001,1927.0,0.0,14050.0,33590,9375.0,8506.0,14490.0,0.0
8381,18120.0,17199,1859,0.0,0.0,3715.0,28538.0,30950.0,18601.0,3205.0,36856.0,4000.0,4515,0.0,0.0,0.0,0.0,2734.0,11195.0,9302.0,4315.0,9700,0.0,10521.0,0.0,5296,6441.0,0.0,5185.0,3921.0,56850,31725,1953.0,0.0,14250.0,34030,9200.0,8650.0,14650.0,0.0
8291,18301.0,16979,1845,0.0,0.0,3570.0,29000.0,31228.0,18118.0,3170.0,35875.0,4037.0,4405,0.0,0.0,0.0,0.0,2683.0,11090.0,9503.0,4221.0,9645,0.0,10300.0,0.0,5151,6360.0,0.0,5111.0,3976.0,55800,30900,1922.0,0.0,13899.0,33700,9380.0,8641.0,14569.0,0.0
8175,18160.0,16810,1831,0.0,0.0,3503.0,30071.0,31100.0,17900.0,3150.0,36476.0,3990.0,4293,0.0,0.0,0.0,0.0,2620.0,10951.0,9598.0,4184.0,9545,0.0,10250.0,0.0,5103,6245.0,0.0,5010.0,3950.0,55088,30896,1898.0,0.0,13745.0,33300,9205.0,8655.0,14149.0,0.0
8000,18211.0,16500,1818,0.0,0.0,3456.0,29784.0,31005.0,17390.0,3070.0,34097.0,3965.0,4095,0.0,0.0,0.0,0.0,2530.0,10655.0,9518.0,3882.0,9360,0.0,10060.0,0.0,4884,5970.0,0.0,4810.0,3870.0,54500,29541,1837.0,0.0,13297.0,32430,9180.0,8500.0,13400.0,0.0
8150,18000.0,16243,1803,0.0,0.0,3425.0,29470.0,30259.0,16700.0,3059.0,34957.0,3900.0,4166,0.0,0.0,0.0,0.0,2488.0,10625.0,9284.0,3879.0,9374,0.0,10063.0,0.0,4840,5980.0,0.0,4800.0,3790.0,53500,28860,1867.0,0.0,13150.0,31445,9150.0,8250.0,13537.0,0.0
7900,17250.0,15832,1803,0.0,0.0,3419.0,30189.0,29774.0,15900.0,2935.0,33625.0,3884.0,4156,0.0,0.0,0.0,0.0,2481.0,10276.0,9299.0,3659.0,9029,0.0,9927.0,0.0,4733,5814.0,0.0,4650.0,3690.0,52000,27384,1790.0,0.0,13033.0,30683,8970.0,8049.0,13213.0,0.0
7900,16900.0,15832,1803,0.0,0.0,3325.0,30189.0,29774.0,15900.0,2935.0,33625.0,3765.0,4156,0.0,0.0,0.0,0.0,2481.0,10276.0,9299.0,3659.0,9029,0.0,9927.0,0.0,4733,5814.0,0.0,4650.0,3625.0,52000,27384,1790.0,0.0,13033.0,30683,8800.0,8049.0,13213.0,0.0
7774,16900.0,16307,1790,0.0,0.0,3325.0,31896.0,30200.0,16500.0,2920.0,32239.0,3765.0,4091,0.0,0.0,0.0,0.0,2498.0,10050.0,9900.0,3859.0,9050,0.0,9950.0,0.0,4730,5799.0,0.0,4600.0,3625.0,52596,27203,1806.0,0.0,12675.0,30345,8800.0,8100.0,12980.0,0.0
7900,16851.0,16713,1800,0.0,0.0,3293.0,32200.0,30603.0,16901.0,3000.0,34878.0,3757.0,4197,0.0,0.0,0.0,0.0,2578.0,10402.0,10384.0,3940.0,9450,0.0,10202.0,0.0,4887,6148.0,0.0,4775.0,3635.0,53000,27900,1881.0,0.0,13151.0,30701,8961.0,8408.0,13500.0,0.0
8033,17000.0,16907,1800,0.0,0.0,3300.0,31650.0,31600.0,17319.0,3081.0,34067.0,3860.0,4218,0.0,0.0,0.0,0.0,2612.0,10570.0,10119.0,3981.0,9554,0.0,10366.0,0.0,4929,6272.0,0.0,4822.0,3668.0,52996,28310,1917.0,0.0,13524.0,31548,8970.0,8438.0,13678.0,0.0
8095,17150.0,17276,1810,0.0,0.0,3335.0,31795.0,31332.0,17510.0,3086.0,34377.0,3943.0,4381,0.0,0.0,0.0,0.0,2641.0,10849.0,10344.0,4025.0,9690,0.0,10404.0,0.0,4955,6219.0,0.0,4851.0,3700.0,53875,28665,1936.0,0.0,13790.0,32521,9019.0,8440.0,13929.0,0.0
8072,17175.0,17550,1822,0.0,0.0,3365.0,32720.0,31890.0,17651.0,3075.0,33788.0,3966.0,4297,0.0,0.0,0.0,0.0,2591.0,10601.0,10648.0,3935.0,9416,0.0,10291.0,0.0,4900,6040.0,0.0,4777.0,3730.0,55150,28694,1917.0,0.0,13614.0,31920,9025.0,8420.0,13695.0,0.0
8150,17375.0,17600,1831,0.0,0.0,3462.0,32650.0,32006.0,17752.0,3115.0,33498.0,4024.0,4349,0.0,0.0,0.0,0.0,2625.0,11000.0,10473.0,3941.0,9592,0.0,10359.0,0.0,4872,6035.0,0.0,4753.0,3729.0,56196,28836,1937.0,0.0,13940.0,32250,8980.0,8542.0,13700.0,0.0
7940,17521.0,16938,1795,0.0,0.0,3480.0,32705.0,31535.0,17101.0,3091.0,32977.0,4000.0,4124,0.0,0.0,0.0,0.0,2568.0,10570.0,10450.0,3778.0,9249,0.0,10200.0,0.0,4620,5876.0,0.0,4520.0,3740.0,54900,27698,1900.0,0.0,13600.0,31020,9160.0,8425.0,13298.0,0.0
8170,17400.0,16650,1817,0.0,0.0,3400.0,32472.0,31700.0,16760.0,3150.0,33242.0,3940.0,4122,0.0,0.0,0.0,0.0,2599.0,10805.0,10613.0,3715.0,9509,0.0,10350.0,0.0,4680,5984.0,0.0,4595.0,3690.0,54997,27180,1927.0,0.0,13685.0,31250,9050.0,8565.0,13770.0,0.0
8199,17214.0,16799,1840,0.0,0.0,3423.0,33300.0,31741.0,16675.0,3212.0,34086.0,3974.0,4126,0.0,0.0,0.0,0.0,2620.0,10700.0,10969.0,3706.0,9501,0.0,10519.0,0.0,4655,5850.0,0.0,4572.0,3684.0,55761,27090,1949.0,0.0,13900.0,30999,9050.0,8550.0,13604.0,0.0
8147,17330.0,16750,1840,0.0,0.0,3425.0,32521.0,32190.0,16380.0,3160.0,33576.0,4000.0,4093,0.0,0.0,0.0,0.0,2586.0,10513.0,10494.0,3764.0,9500,0.0,10240.0,0.0,4700,5870.0,0.0,4660.0,3682.0,55500,26600,1901.0,0.0,13811.0,30650,9144.0,8567.0,13525.0,0.0
8289,17202.0,16990,1860,0.0,0.0,3400.0,31201.0,32233.0,16500.0,3210.0,33778.0,4002.0,4166,0.0,0.0,0.0,0.0,2610.0,10850.0,10016.0,3883.0,9634,0.0,10340.0,0.0,4729,5975.0,0.0,4750.0,3695.0,56401,27079,1937.0,0.0,14090.0,31001,9000.0,8520.0,13725.0,0.0
8103,17490.0,16550,1852,0.0,0.0,3400.0,31550.0,31222.0,16990.0,3260.0,32928.0,3989.0,4026,0.0,0.0,0.0,0.0,2526.0,10601.0,10031.0,3877.0,9310,0.0,10230.0,0.0,4650,5950.0,0.0,4640.0,3734.0,56233,27206,1931.0,0.0,13800.0,30660,9000.0,8451.0,13528.0,0.0
8105,17380.0,16850,1860,0.0,0.0,3400.0,31650.0,31177.0,17200.0,3300.0,33723.0,3949.0,4026,0.0,0.0,0.0,0.0,2545.0,10675.0,10004.0,3863.0,9449,0.0,10300.0,0.0,4730,5890.0,0.0,4748.0,3650.0,55240,27200,1930.0,0.0,13903.0,30885,8951.0,8520.0,13588.0,0.0
8385,17296.0,17745,1895,0.0,0.0,3394.0,31400.0,31600.0,17900.0,3419.0,34777.0,3898.0,4214,0.0,0.0,0.0,0.0,2665.0,11125.0,10023.0,3890.0,9883,0.0,10520.0,0.0,4931,6273.0,0.0,4915.0,3690.0,57040,28399,2029.0,0.0,14491.0,32000,8958.0,8741.0,13940.0,0.0
8437,17650.0,17775,1883,0.0,0.0,3440.0,31752.0,31250.0,18098.0,3523.0,35450.0,3967.0,4212,0.0,0.0,0.0,0.0,2632.0,11090.0,10147.0,3939.0,9845,0.0,10641.0,0.0,4910,6170.0,0.0,4850.0,3760.0,57084,28500,1999.0,0.0,14092.0,32650,9200.0,8800.0,14001.0,0.0
8450,17750.0,17976,1915,0.0,0.0,3458.0,31800.0,31180.0,18813.0,3645.0,36577.0,4050.0,4402,0.0,0.0,0.0,0.0,2735.0,11391.0,10296.0,4052.0,9980,0.0,11016.0,0.0,4986,6252.0,0.0,4935.0,3799.0,58550,29189,2022.0,0.0,14225.0,33850,9265.0,9040.0,14424.0,0.0
8350,18845.0,18180,1905,0.0,0.0,3628.0,31757.0,31466.0,19300.0,3675.0,37012.0,4170.0,4573,0.0,0.0,0.0,0.0,2724.0,11451.0,10202.0,4030.0,10001,0.0,11080.0,0.0,5040,6170.0,0.0,4989.0,3825.0,57503,29131,2038.0,0.0,14350.0,33893,9523.0,9287.0,14424.0,0.0
8275,18725.0,17650,1870,0.0,0.0,3640.0,32213.0,31723.0,18900.0,3670.0,36655.0,4100.0,4374,0.0,0.0,0.0,0.0,2685.0,11158.0,10463.0,3949.0,9675,0.0,10748.0,0.0,4917,6150.0,0.0,4883.0,3925.0,55815,28235,1997.0,0.0,14147.0,32600,9527.0,9080.0,14301.0,0.0
8485,18500.0,17251,1860,0.0,0.0,3446.0,32895.0,30953.0,18375.0,3700.0,35177.0,3983.0,4244,0.0,0.0,0.0,0.0,2650.0,11000.0,10384.0,3815.0,9554,0.0,10761.0,0.0,4831,5950.0,0.0,4814.0,3940.0,52808,27300,1986.0,0.0,13765.0,32013,9399.0,8990.0,14013.0,0.0
8488,18200.0,16901,1817,0.0,0.0,3313.0,32903.0,31258.0,18475.0,3801.0,35297.0,3900.0,4134,0.0,0.0,0.0,0.0,2555.0,11001.0,10298.0,3649.0,9207,0.0,10850.0,0.0,4727,5785.0,0.0,4710.0,3947.0,53500,27068,1930.0,0.0,13250.0,31115,9405.0,8850.0,13900.0,0.0
8717,18500.0,17599,1835,0.0,0.0,3380.0,32549.0,31389.0,18850.0,3775.0,36724.0,3789.0,4405,0.0,0.0,0.0,0.0,2695.0,11379.0,10225.0,3925.0,9676,0.0,11179.0,0.0,4847,5980.0,0.0,4860.0,3904.0,54856,28150,2015.0,0.0,13865.0,32840,9361.0,9070.0,14490.0,0.0
9000,18500.0,17000,1842,0.0,0.0,3375.0,33700.0,31737.0,19400.0,3860.0,36276.0,3845.0,4444,0.0,0.0,0.0,0.0,2782.0,11450.0,10494.0,4005.0,9750,0.0,11550.0,0.0,4959,6130.0,0.0,4940.0,3970.0,55000,28678,2091.0,0.0,14111.0,33649,9497.0,9074.0,14450.0,0.0
8775,18697.0,16950,1830,0.0,0.0,3496.0,34202.0,31850.0,18965.0,3900.0,35673.0,3820.0,4306,0.0,0.0,0.0,0.0,2720.0,11378.0,10846.0,3859.0,9511,0.0,11450.0,0.0,4860,6060.0,0.0,4866.0,4020.0,53897,28150,2050.0,0.0,13740.0,32400,9560.0,8945.0,14393.0,0.0
8701,18697.0,16200,1755,0.0,0.0,3427.0,34000.0,31364.0,18792.0,3780.0,34477.0,3843.0,4197,0.0,0.0,0.0,0.0,2665.0,11076.0,10868.0,3770.0,9430,0.0,11100.0,0.0,4740,5880.0,0.0,4735.0,3982.0,52226,27436,2005.0,0.0,13530.0,32250,9536.0,8850.0,13750.0,0.0
8880,18498.0,16062,1750,0.0,0.0,3444.0,33350.0,31359.0,19500.0,3666.0,33947.0,3870.0,4180,0.0,0.0,0.0,0.0,2724.0,11250.0,10764.0,3790.0,9600,0.0,11228.0,0.0,4767,6103.0,0.0,4725.0,3947.0,52301,27930,2060.0,0.0,13705.0,32900,9444.0,8950.0,13650.0,0.0
8775,18412.0,16484,1764,0.0,0.0,3500.0,33710.0,31955.0,19434.0,3770.0,34475.0,3872.0,4312,0.0,0.0,0.0,0.0,2720.0,11283.0,11022.0,4014.0,9718,0.0,11319.0,0.0,4785,6180.0,0.0,4770.0,3935.0,54612,28305,2094.0,0.0,13715.0,33453,9538.0,9055.0,13711.0,0.0
9088,18755.0,16933,1814,0.0,0.0,3525.0,33720.0,32358.0,19376.0,3797.0,34852.0,3970.0,4354,0.0,0.0,0.0,0.0,2784.0,11551.0,10848.0,4141.0,9879,0.0,11545.0,0.0,4860,6325.0,0.0,4839.0,3992.0,56000,29250,2096.0,0.0,13900.0,34298,9651.0,9274.0,14100.0,0.0
8933,19150.0,16776,1831,0.0,0.0,3542.0,34440.0,32530.0,19150.0,3800.0,35561.0,3913.0,4393,0.0,0.0,0.0,0.0,2750.0,11530.0,11000.0,4164.0,9668,0.0,11529.0,0.0,4838,6310.0,0.0,4830.0,3995.0,56176,29450,2060.0,0.0,13674.0,34299,9660.0,9230.0,14128.0,0.0
9040,19200.0,16720,1790,0.0,0.0,3477.0,36150.0,33235.0,18611.0,3830.0,34977.0,3970.0,4300,0.0,0.0,0.0,0.0,2721.0,11431.0,11664.0,4111.0,9589,0.0,11517.0,0.0,4785,6370.0,0.0,4810.0,3990.0,56200,29100,2032.0,0.0,13690.0,34474,9574.0,9170.0,13952.0,0.0
9102,19120.0,16950,1800,0.0,0.0,3490.0,36470.0,33975.0,19100.0,3880.0,36276.0,3888.0,4290,0.0,0.0,0.0,0.0,2769.0,11410.0,11880.0,4245.0,9591,0.0,11495.0,0.0,4800,6420.0,0.0,4812.0,3995.0,58420,29794,2025.0,0.0,13520.0,35000,9570.0,9268.0,13951.0,0.0
8860,19080.0,17200,1802,0.0,0.0,3539.0,37714.0,34465.0,19220.0,3687.0,35827.0,3918.0,4320,0.0,0.0,0.0,0.0,2769.0,11400.0,12409.0,4314.0,9725,0.0,11425.0,0.0,4870,6380.0,0.0,4834.0,3971.0,60100,29550,2043.0,0.0,13650.0,34650,9640.0,9200.0,13715.0,0.0
8892,19008.0,17100,1771,0.0,0.0,3604.0,37150.0,34036.0,18300.0,3512.0,34677.0,3900.0,4094,0.0,0.0,0.0,0.0,2660.0,11194.0,12260.0,4056.0,9371,0.0,11200.0,0.0,4679,6100.0,0.0,4665.0,3988.0,60005,28265,2006.0,0.0,13421.0,33950,9625.0,8799.0,13200.0,0.0
8830,18601.0,16662,1724,0.0,0.0,3500.0,35510.0,34355.0,17900.0,3475.0,34677.0,3775.0,4006,0.0,0.0,0.0,0.0,2618.0,11104.0,11528.0,4043.0,9286,0.0,11075.0,0.0,4550,6046.0,0.0,4548.0,3915.0,57158,28572,1964.0,0.0,13078.0,33200,9500.0,8681.0,13050.0,0.0
8830,18300.0,16180,1725,0.0,0.0,3425.0,34950.0,33998.0,17522.0,3516.0,34272.0,3770.0,4031,0.0,0.0,0.0,0.0,2609.0,11270.0,11299.0,3957.0,9246,0.0,11111.0,0.0,4397,6017.0,0.0,4450.0,3850.0,54999,28000,1965.0,0.0,13195.0,32405,9350.0,8720.0,13061.0,0.0
9100,18380.0,16758,1745,0.0,0.0,3380.0,34680.0,33989.0,18660.0,3604.0,36076.0,3750.0,4194,0.0,0.0,0.0,0.0,2706.0,11490.0,11198.0,4103.0,9576,0.0,11427.0,0.0,4552,6160.0,0.0,4575.0,3860.0,57420,29685,2039.0,0.0,13855.0,33780,9440.0,9204.0,13714.0,0.0
9022,18600.0,16500,1765,0.0,0.0,3481.0,33850.0,34219.0,18134.0,3600.0,36076.0,3838.0,4119,0.0,0.0,0.0,0.0,2728.0,11400.0,10960.0,4032.0,9612,0.0,11575.0,0.0,4523,6070.0,0.0,4532.0,3967.0,56500,28614,2031.0,0.0,13727.0,33560,9600.0,9237.0,13580.0,0.0
9005,18780.0,16386,1750,0.0,0.0,3432.0,32480.0,33900.0,17894.0,3539.0,34527.0,3855.0,3998,0.0,0.0,0.0,0.0,2663.0,11012.0,10586.0,3820.0,9265,0.0,11701.0,0.0,4435,5975.0,0.0,4435.0,3915.0,55500,28210,1970.0,0.0,13280.0,32950,9600.0,8993.0,13076.0,0.0
9125,18850.0,16425,1774,0.0,0.0,3237.0,33890.0,34239.0,17050.0,3500.0,35074.0,3798.0,4200,0.0,0.0,0.0,0.0,2705.0,11074.0,10988.0,3605.0,9279,0.0,11350.0,0.0,4420,5870.0,0.0,4363.0,3902.0,55400,27501,1960.0,0.0,13674.0,33482,9500.0,9036.0,13250.0,0.0
9000,19200.0,16673,1755,0.0,0.0,3299.0,34525.0,34945.0,16500.0,3559.0,34677.0,3764.0,4196,0.0,0.0,0.0,0.0,2735.0,11225.0,11244.0,3658.0,9359,0.0,11550.0,0.0,4411,5961.0,0.0,4370.0,3959.0,55591,27851,1979.0,0.0,13750.0,33500,9629.0,8894.0,13532.0,0.0
8850,19200.0,16150,1735,0.0,0.0,3140.0,33137.0,34700.0,15890.0,3500.0,33478.0,3865.0,4046,0.0,0.0,0.0,0.0,2630.0,10775.0,10737.0,3645.0,9262,0.0,11270.0,0.0,4230,5811.0,0.0,4230.0,3959.0,54000,27217,1931.0,0.0,13300.0,32175,9674.0,8700.0,13144.0,0.0
8700,18700.0,16197,1776,0.0,0.0,3026.0,32791.0,34334.0,15985.0,3500.0,33873.0,3807.0,4083,0.0,0.0,0.0,0.0,2648.0,10725.0,10490.0,3719.0,9302,0.0,11440.0,0.0,4200,5740.0,0.0,4220.0,3881.0,53615,27750,1981.0,0.0,13485.0,32048,9360.0,8700.0,13100.0,0.0
8750,18775.0,16120,1776,0.0,0.0,3050.0,32850.0,34200.0,15990.0,3590.0,34377.0,3864.0,4082,0.0,0.0,0.0,0.0,2658.0,10700.0,10472.0,3775.0,9412,0.0,11540.0,0.0,4280,5985.0,0.0,4291.0,3934.0,54075,28423,2020.0,0.0,13450.0,32850,9424.0,8799.0,13065.0,0.0
8964,19038.0,16500,1781,0.0,0.0,3050.0,32399.0,34476.0,16808.0,3720.0,35976.0,3920.0,4138,0.0,0.0,0.0,0.0,2675.0,11108.0,10383.0,3869.0,9624,0.0,11706.0,0.0,4414,5966.0,0.0,4378.0,3910.0,55050,28693,2065.0,0.0,13770.0,33610,9400.0,8825.0,13140.0,0.0
9045,18880.0,17201,1795,0.0,0.0,3135.0,32199.0,34703.0,17400.0,3800.0,35923.0,3980.0,4217,0.0,0.0,0.0,0.0,2746.0,11347.0,10437.0,4010.0,9700,0.0,11950.0,0.0,4482,6230.0,0.0,4518.0,3948.0,56333,29875,1985.0,0.0,13804.0,33520,9560.0,9200.0,13576.0,0.0
9114,19200.0,16715,1787,0.0,0.0,3200.0,32200.0,34801.0,17564.0,3812.0,35826.0,4000.0,4321,0.0,0.0,0.0,0.0,2760.0,11220.0,10384.0,4012.0,9650,0.0,11930.0,0.0,4483,6220.0,0.0,4550.0,4000.0,57196,29585,2010.0,0.0,13850.0,33750,9690.0,9240.0,13305.0,0.0
9102,19300.0,16950,1820,0.0,0.0,3170.0,32347.0,33826.0,17805.0,3898.0,35879.0,4089.0,4293,0.0,0.0,0.0,0.0,2785.0,11495.0,10595.0,4129.0,9658,0.0,11899.0,0.0,4602,6326.0,0.0,4639.0,4031.0,57066,29455,2014.0,0.0,14159.0,34500,9620.0,9120.0,13524.0,0.0
8999,19475.0,16457,1825,0.0,0.0,3225.0,32445.0,34844.0,17188.0,3880.0,35476.0,4125.0,4317,0.0,0.0,0.0,0.0,2781.0,11338.0,10559.0,4105.0,9735,0.0,11620.0,0.0,4630,6221.0,0.0,4566.0,4120.0,55500,28765,2004.0,0.0,13928.0,34499,9578.0,9000.0,13350.0,0.0
9021,19400.0,16951,1800,0.0,0.0,3164.0,32850.0,34787.0,17710.0,3860.0,35971.0,4116.0,4321,0.0,0.0,0.0,0.0,2778.0,11325.0,10473.0,4181.0,9760,0.0,11633.0,0.0,4630,6199.0,0.0,4585.0,4101.0,55201,29549,1989.0,0.0,13900.0,34950,9591.0,8852.0,13120.0,0.0
8975,19450.0,17299,1835,0.0,0.0,3088.0,33945.0,35025.0,17953.0,3780.0,35975.0,4076.0,4307,0.0,0.0,0.0,0.0,2800.0,11470.0,10850.0,4163.0,9703,0.0,11462.0,0.0,4597,6130.0,0.0,4588.0,4125.0,54701,29023,1996.0,0.0,13832.0,34880,9590.0,8925.0,13235.0,0.0
9098,19313.0,17010,1820,0.0,0.0,3055.0,33292.0,34965.0,17600.0,3799.0,36475.0,4047.0,4334,0.0,0.0,0.0,0.0,2828.0,11475.0,10736.0,4190.0,9634,0.0,11695.0,0.0,4657,6119.0,0.0,4588.0,4101.0,53650,28800,1960.0,0.0,13694.0,35040,9750.0,8950.0,13390.0,0.0
8990,19200.0,17479,1814,0.0,0.0,3030.0,33480.0,35255.0,17400.0,3790.0,37475.0,4045.0,4321,0.0,0.0,0.0,0.0,2835.0,11524.0,10938.0,4168.0,9600,0.0,11700.0,0.0,4735,6070.0,0.0,4640.0,4137.0,54999,28825,1925.0,0.0,13650.0,35585,9778.0,8900.0,13440.0,0.0
8921,19200.0,17000,1797,0.0,0.0,3052.0,33049.0,35620.0,16630.0,3742.0,35776.0,4062.0,4236,0.0,0.0,0.0,0.0,2826.0,11454.0,10886.0,4229.0,9555,0.0,11500.0,0.0,4700,5805.0,0.0,4650.0,4120.0,53005,28300,1905.0,0.0,13650.0,34750,9667.0,8750.0,13101.0,0.0
8995,19295.0,17357,1830,0.0,0.0,2975.0,32899.0,37046.0,16710.0,3750.0,36882.0,3983.0,4225,0.0,0.0,0.0,0.0,2889.0,11694.0,11044.0,4393.0,9600,0.0,11544.0,0.0,4860,5834.0,0.0,4824.0,4099.0,54499,28699,1975.0,0.0,13873.0,35800,9609.0,8660.0,13294.0,0.0
8989,19400.0,17339,1800,0.0,0.0,3010.0,33400.0,35995.0,16914.0,3820.0,37485.0,3975.0,4311,0.0,0.0,0.0,0.0,2870.0,11735.0,11176.0,4419.0,9724,0.0,11800.0,0.0,4777,5987.0,0.0,4730.0,4130.0,54555,29249,1939.0,0.0,13859.0,36500,9700.0,8733.0,13100.0,0.0
9080,19200.0,17379,1808,0.0,0.0,3050.0,34144.0,36100.0,17300.0,3902.0,37462.0,3970.0,4326,0.0,0.0,0.0,0.0,2890.0,11775.0,11538.0,4402.0,9775,0.0,11980.0,0.0,4850,5990.0,0.0,4757.0,4112.0,53800,28863,1990.0,0.0,14132.0,36990,9840.0,8750.0,13250.0,0.0
9100,19500.0,17305,1800,0.0,0.0,3020.0,34750.0,36739.0,17000.0,3960.0,37873.0,3985.0,4326,0.0,0.0,0.0,0.0,2894.0,11746.0,11827.0,4432.0,9735,0.0,11880.0,0.0,4770,6000.0,0.0,4700.0,4173.0,53510,29079,1951.0,0.0,13943.0,36300,9847.0,8802.0,13300.0,0.0
9280,19325.0,18000,1829,0.0,0.0,3020.0,35079.0,35995.0,17500.0,3997.0,38752.0,4025.0,4422,0.0,0.0,0.0,0.0,2935.0,12000.0,11946.0,4594.0,9807,0.0,11860.0,0.0,5025,6001.0,0.0,4940.0,4165.0,56600,30400,1974.0,0.0,13999.0,37250,9795.0,8900.0,13585.0,0.0
9392,19100.0,18423,1829,0.0,0.0,3070.0,36159.0,36701.0,18299.0,4125.0,39474.0,4100.0,4517,0.0,0.0,0.0,0.0,2985.0,12070.0,12034.0,4701.0,9940,0.0,12125.0,0.0,5000,6148.0,0.0,4900.0,4180.0,58239,30900,1980.0,0.0,14100.0,37200,9675.0,9000.0,13970.0,0.0
9525,19000.0,18346,1845,0.0,0.0,3110.0,35850.0,36780.0,17950.0,4039.0,37974.0,4170.0,4436,0.0,0.0,0.0,0.0,2965.0,12050.0,12074.0,4570.0,9780,0.0,11631.0,0.0,4874,6027.0,0.0,4830.0,4262.0,57445,29723,1974.0,0.0,14100.0,35798,9870.0,8990.0,13852.0,0.0
9455,18200.0,17501,1835,0.0,0.0,3075.0,36200.0,36571.0,17357.0,4000.0,37455.0,4165.0,4377,0.0,0.0,0.0,0.0,2930.0,11805.0,12113.0,4342.0,9694,0.0,11696.0,0.0,4749,5928.0,0.0,4639.0,4150.0,55600,28910,1926.0,0.0,13850.0,34700,9700.0,8960.0,13594.0,0.0
9442,17500.0,18350,1839,0.0,0.0,3010.0,36815.0,36309.0,17650.0,3969.0,38473.0,4100.0,4376,0.0,0.0,0.0,0.0,2929.0,11950.0,12168.0,4410.0,9640,0.0,11900.0,0.0,4790,5950.0,0.0,4707.0,4174.0,56300,29520,1955.0,0.0,14050.0,36100,9700.0,9061.0,13850.0,0.0
9480,17700.0,18500,1825,0.0,0.0,3050.0,36990.0,36127.0,17850.0,4035.0,38774.0,4167.0,4482,0.0,0.0,0.0,0.0,2944.0,12065.0,12166.0,4363.0,9616,0.0,12215.0,0.0,4709,5951.0,0.0,4643.0,4133.0,57595,29575,1958.0,0.0,14051.0,37000,9784.0,8989.0,13790.0,0.0
9251,17900.0,17700,1820,0.0,0.0,3061.0,36829.0,36649.0,17850.0,3945.0,38838.0,4190.0,4307,0.0,0.0,0.0,0.0,2868.0,12071.0,12058.0,4252.0,9401,0.0,11881.0,0.0,4599,5896.0,0.0,4569.0,4160.0,57000,29732,1935.0,0.0,13749.0,37049,9800.0,8920.0,13450.0,0.0
9394,18100.0,18467,1840,0.0,0.0,3025.0,38020.0,37073.0,18500.0,4000.0,38989.0,4156.0,4461,0.0,0.0,0.0,0.0,2935.0,12140.0,12584.0,4280.0,9704,0.0,12050.0,0.0,4721,6041.0,0.0,4701.0,4113.0,57839,30362,1985.0,0.0,14239.0,37650,9800.0,8851.0,13825.0,0.0
9352,18250.0,18195,1845,0.0,0.0,3060.0,38025.0,37350.0,18732.0,4040.0,37955.0,4175.0,4424,0.0,0.0,0.0,0.0,2938.0,11988.0,12584.0,4387.0,9670,0.0,12100.0,0.0,4785,5952.0,0.0,4760.0,4130.0,57279,30810,1984.0,0.0,14340.0,38250,9800.0,8845.0,13899.0,0.0
9220,18400.0,17600,1813,0.0,0.0,3000.0,38000.0,37059.0,18100.0,4011.0,36889.0,4235.0,4324,0.0,0.0,0.0,0.0,2880.0,11600.0,12572.0,4240.0,9480,0.0,11890.0,0.0,4652,5755.0,0.0,4606.0,4150.0,55700,29700,1952.0,0.0,14003.0,37700,9800.0,8750.0,13560.0,0.0
9403,18032.0,17910,1850,0.0,0.0,2979.0,37800.0,37232.0,17910.0,4033.0,37223.0,4250.0,4320,0.0,0.0,0.0,0.0,2897.0,11880.0,12177.0,4276.0,9574,0.0,11930.0,0.0,4672,5815.0,0.0,4619.0,4100.0,55950,30755,1956.0,0.0,13940.0,37790,10000.0,8946.0,13601.0,0.0
9292,18000.0,18206,1838,0.0,0.0,2960.0,38000.0,37067.0,17800.0,3998.0,36751.0,4254.0,4335,0.0,0.0,0.0,0.0,2885.0,11805.0,12144.0,4250.0,9516,0.0,12109.0,0.0,4693,5800.0,0.0,4667.0,4138.0,56650,30870,1962.0,0.0,14003.0,37490,10005.0,9000.0,13602.0,0.0
9373,17900.0,18400,1831,0.0,0.0,2970.0,38014.0,36533.0,17950.0,3999.0,36876.0,4298.0,4363,0.0,0.0,0.0,0.0,2853.0,11722.0,12250.0,4327.0,9515,0.0,12250.0,0.0,4702,5798.0,0.0,4673.0,4120.0,56000,31010,1955.0,0.0,13966.0,37860,10326.0,9100.0,13700.0,0.0
9391,18000.0,18895,1835,0.0,0.0,3015.0,38002.0,37579.0,18098.0,4050.0,37053.0,4291.0,4362,0.0,0.0,0.0,0.0,2922.0,11700.0,12408.0,4384.0,9545,0.0,12449.0,0.0,4736,5850.0,0.0,4729.0,4140.0,57000,31650,1981.0,0.0,14000.0,38500,10350.0,9134.0,13560.0,0.0
9435,18105.0,18901,1857,0.0,0.0,3099.0,38250.0,37962.0,18330.0,4086.0,36476.0,4324.0,4398,0.0,0.0,0.0,0.0,2935.0,11690.0,12342.0,4360.0,9660,0.0,12566.0,0.0,4735,5771.0,0.0,4725.0,4132.0,57515,31550,1988.0,0.0,14009.0,38501,10494.0,9190.0,13740.0,0.0
9310,18051.0,18015,1847,0.0,0.0,3200.0,37950.0,37812.0,18160.0,4012.0,36463.0,4319.0,4427,0.0,0.0,0.0,0.0,2949.0,11601.0,12318.0,4320.0,9600,0.0,12600.0,0.0,4580,5775.0,0.0,4597.0,4185.0,56680,31250,1982.0,0.0,13900.0,38400,10470.0,9159.0,13750.0,0.0
9065,18038.0,17457,1815,0.0,0.0,3200.0,37380.0,37177.0,17830.0,3950.0,35501.0,4312.0,4364,0.0,0.0,0.0,0.0,2875.0,11418.0,11704.0,4281.0,9425,0.0,12305.0,0.0,4490,5725.0,0.0,4510.0,4200.0,54921,30535,1935.0,0.0,13734.0,37801,10405.0,9031.0,13650.0,0.0
9000,17981.0,16997,1808,0.0,0.0,3075.0,36600.0,36918.0,17200.0,3812.0,35077.0,4250.0,4307,0.0,0.0,0.0,0.0,2817.0,11300.0,11403.0,4154.0,9249,0.0,12098.0,0.0,4355,5621.0,0.0,4386.0,4180.0,53559,29520,1890.0,0.0,13552.0,36200,10300.0,8984.0,13500.0,0.0
9000,17900.0,16850,1801,0.0,0.0,3140.0,37485.0,37590.0,17246.0,3860.0,35317.0,4144.0,4279,0.0,0.0,0.0,0.0,2810.0,11250.0,11793.0,4186.0,9338,0.0,12030.0,0.0,4385,5565.0,0.0,4405.0,4150.0,53400,29866,1920.0,0.0,13557.0,36500,10231.0,9054.0,13680.0,0.0
8865,17600.0,16387,1795,0.0,0.0,3120.0,36766.0,37185.0,16868.0,3750.0,34577.0,4100.0,4197,0.0,0.0,0.0,0.0,2775.0,11200.0,11554.0,4057.0,9307,0.0,11930.0,0.0,4330,5500.0,0.0,4341.0,4154.0,52495,29200,1911.0,0.0,13446.0,36800,10251.0,8985.0,13602.0,0.0
9094,17720.0,16410,1800,0.0,0.0,3030.0,37351.0,36775.0,17000.0,3860.0,35077.0,4055.0,4218,0.0,0.0,0.0,0.0,2829.0,11300.0,11662.0,4110.0,9415,0.0,12296.0,0.0,4426,5575.0,0.0,4378.0,4097.0,52300,29000,1950.0,0.0,13576.0,37466,10250.0,9040.0,13795.0,0.0
9100,17800.0,16173,1800,0.0,0.0,3100.0,36968.0,37121.0,17025.0,3850.0,34776.0,4171.0,4207,0.0,0.0,0.0,0.0,2834.0,11250.0,11490.0,4138.0,9360,0.0,12450.0,0.0,4360,5470.0,0.0,4357.0,4100.0,52000,29290,1930.0,0.0,13474.0,36550,10250.0,9099.0,13580.0,0.0
9400,17950.0,16375,1825,0.0,0.0,3120.0,36850.0,36730.0,17501.0,3920.0,35576.0,4140.0,4236,0.0,0.0,0.0,0.0,2896.0,11695.0,11352.0,4296.0,9673,0.0,13074.0,0.0,4496,5630.0,0.0,4440.0,4125.0,52801,30050,1990.0,0.0,13976.0,37700,10395.0,8993.0,14120.0,0.0
9450,17927.0,16225,1801,0.0,0.0,3241.0,36910.0,37410.0,17000.0,3930.0,35322.0,4307.0,4195,0.0,0.0,0.0,0.0,2837.0,11675.0,11455.0,4238.0,9460,0.0,12969.0,0.0,4441,5625.0,0.0,4413.0,4180.0,53000,29901,1931.0,0.0,13574.0,37055,10451.0,8920.0,13979.0,0.0
9747,18012.0,17161,1839,0.0,0.0,3260.0,38440.0,37700.0,17979.0,4043.0,36411.0,4335.0,4417,0.0,0.0,0.0,0.0,2998.0,12200.0,12013.0,4426.0,9860,0.0,13648.0,0.0,4748,5730.0,0.0,4648.0,4190.0,55100,31050,2005.0,0.0,14338.0,38913,10650.0,9140.0,14538.0,0.0
9685,18400.0,16757,1839,0.0,0.0,3294.0,39000.0,37800.0,17872.0,4020.0,35377.0,4450.0,4395,0.0,0.0,0.0,0.0,2954.0,12145.0,12184.0,4399.0,9850,0.0,13801.0,0.0,4700,5795.0,0.0,4639.0,4266.0,54000,31350,2008.0,0.0,14249.0,38800,11250.0,9139.0,14400.0,0.0
9640,18300.0,16933,1840,0.0,0.0,3310.0,38536.0,37137.0,17595.0,3998.0,34752.0,4450.0,4419,0.0,0.0,0.0,0.0,2966.0,11790.0,11926.0,4340.0,9755,0.0,13471.0,0.0,4746,5829.0,0.0,4684.0,4300.0,54600,31128,2007.0,0.0,14167.0,38500,11087.0,9100.0,14374.0,0.0
9504,18300.0,17380,1840,0.0,0.0,3370.0,37620.0,36719.0,17501.0,4005.0,34727.0,4400.0,4488,0.0,0.0,0.0,0.0,2994.0,12047.0,11794.0,4382.0,10000,0.0,13498.0,0.0,4670,5930.0,0.0,4591.0,4363.0,55528,31645,2057.0,0.0,14511.0,39100,11000.0,9157.0,14485.0,0.0
9410,18176.0,17150,1850,0.0,0.0,3416.0,36947.0,37031.0,17700.0,3986.0,34277.0,4432.0,4473,0.0,0.0,0.0,0.0,2980.0,11906.0,11703.0,4322.0,9975,0.0,13748.0,0.0,4620,5909.0,0.0,4540.0,4365.0,55000,31500,2037.0,0.0,14593.0,39080,10868.0,9095.0,14385.0,0.0
9350,18200.0,17400,1864,0.0,0.0,3399.0,37362.0,37380.0,17080.0,4003.0,34577.0,4470.0,4461,0.0,0.0,0.0,0.0,2976.0,11821.0,12033.0,4337.0,10042,0.0,13650.0,0.0,4599,5853.0,0.0,4546.0,4374.0,53801,31366,2057.0,0.0,14695.0,38600,10972.0,9089.0,14390.0,0.0
9540,18380.0,17500,1870,0.0,0.0,3397.0,37150.0,38650.0,17400.0,4104.0,34077.0,4530.0,4461,0.0,0.0,0.0,0.0,2980.0,11980.0,11932.0,4300.0,10000,0.0,13549.0,0.0,4674,5800.0,0.0,4576.0,4375.0,54516,31200,2055.0,0.0,14760.0,38975,10978.0,9183.0,14600.0,0.0
9700,18250.0,17626,1858,0.0,0.0,3400.0,37000.0,38300.0,17650.0,4067.0,33778.0,4570.0,4466,0.0,0.0,0.0,0.0,2932.0,11885.0,11816.0,4322.0,9999,0.0,13560.0,0.0,4605,5810.0,0.0,4545.0,4390.0,53900,30929,2066.0,0.0,14600.0,39320,11200.0,9095.0,14610.0,0.0
9675,18200.0,16755,1855,0.0,0.0,3300.0,36503.0,38881.0,17250.0,3986.0,33528.0,4505.0,4422,0.0,0.0,0.0,0.0,2928.0,11866.0,11461.0,4256.0,9850,0.0,13540.0,0.0,4518,5725.0,0.0,4450.0,4360.0,53000,30310,2030.0,0.0,14549.0,39100,11200.0,9000.0,14300.0,0.0
9700,18083.0,16722,1841,0.0,0.0,3290.0,36700.0,38732.0,17298.0,3960.0,34224.0,4510.0,4353,0.0,0.0,0.0,0.0,2924.0,11756.0,11533.0,4168.0,9799,0.0,13400.0,0.0,4470,5725.0,0.0,4422.0,4350.0,53000,30430,2048.0,0.0,14529.0,38800,11200.0,8875.0,14050.0,0.0
9734,18189.0,16158,1840,0.0,0.0,3240.0,35710.0,39500.0,17000.0,3926.0,34682.0,4590.0,4380,0.0,0.0,0.0,0.0,2880.0,11600.0,11150.0,4099.0,9676,0.0,13267.0,0.0,4400,5650.0,0.0,4324.0,4350.0,52002,29700,2017.0,0.0,14336.0,37537,11145.0,8840.0,13850.0,0.0
9609,17810.0,16741,1853,0.0,0.0,3179.0,35475.0,39100.0,16895.0,3872.0,34337.0,4585.0,4349,0.0,0.0,0.0,0.0,2892.0,11768.0,11187.0,4120.0,9843,0.0,13450.0,0.0,4471,5732.0,0.0,4370.0,4300.0,53222,30215,2076.0,0.0,14480.0,37700,10900.0,8833.0,13850.0,0.0
9609,17800.0,16741,1853,0.0,0.0,3152.0,35475.0,39100.0,16895.0,3872.0,34337.0,4551.0,4349,0.0,0.0,0.0,0.0,2892.0,11768.0,11187.0,4120.0,9843,0.0,13450.0,0.0,4471,5732.0,0.0,4370.0,4335.0,53222,30215,2076.0,0.0,14480.0,37700,10657.0,8833.0,13850.0,0.0
9450,17800.0,16540,1873,0.0,0.0,3152.0,34800.0,38700.0,16593.0,3875.0,35075.0,4551.0,4307,0.0,0.0,0.0,0.0,2880.0,11900.0,11312.0,4048.0,9764,0.0,13330.0,0.0,4358,5610.0,0.0,4259.0,4335.0,52680,29679,2050.0,0.0,14340.0,37499,10657.0,8700.0,13638.0,0.0
9418,17730.0,16540,1876,0.0,0.0,3052.0,35179.0,37958.0,16663.0,3850.0,35177.0,4640.0,4321,0.0,0.0,0.0,0.0,2846.0,11800.0,11393.0,4083.0,9566,0.0,13238.0,0.0,4360,5697.0,0.0,4265.0,4330.0,52500,30050,2059.0,0.0,14135.0,37205,10900.0,8677.0,13899.0,0.0
9315,17698.0,16279,1860,0.0,0.0,3050.0,34947.0,37918.0,16637.0,3900.0,35277.0,4560.0,4307,0.0,0.0,0.0,0.0,2832.0,11649.0,11256.0,4124.0,9600,0.0,13279.0,0.0,4350,5750.0,0.0,4278.0,4350.0,51953,29686,2025.0,0.0,14187.0,36900,10800.0,8732.0,13780.0,0.0
9440,17750.0,16375,1880,0.0,0.0,2950.0,34650.0,37900.0,16650.0,3900.0,35227.0,4532.0,4352,0.0,0.0,0.0,0.0,2862.0,11795.0,11153.0,4092.0,9770,0.0,13480.0,0.0,4400,5700.0,0.0,4282.0,4305.0,52830,29999,2070.0,0.0,14123.0,37001,10650.0,8790.0,14000.0,0.0
9645,17940.0,16617,1904,0.0,0.0,3051.0,35288.0,38350.0,16799.0,3950.0,35606.0,4581.0,4405,0.0,0.0,0.0,0.0,2890.0,11918.0,11483.0,4130.0,9775,0.0,13400.0,0.0,4420,5750.0,0.0,4298.0,4350.0,53400,30049,2075.0,0.0,14300.0,37915,10755.0,8850.0,14050.0,0.0
9645,17899.0,16617,1904,0.0,0.0,3045.0,35288.0,38350.0,16799.0,3950.0,35606.0,4600.0,4405,0.0,0.0,0.0,0.0,2890.0,11918.0,11483.0,4130.0,9775,0.0,13400.0,0.0,4420,5750.0,0.0,4298.0,4350.0,53400,30049,2075.0,0.0,14300.0,37915,10700.0,8850.0,14050.0,0.0
9645,17899.0,16617,1904,0.0,0.0,3045.0,35288.0,38350.0,16799.0,3950.0,35606.0,4600.0,4405,0.0,0.0,0.0,0.0,2890.0,11918.0,11483.0,4130.0,9775,0.0,13400.0,0.0,4420,5750.0,0.0,4298.0,4350.0,53400,30049,2075.0,0.0,14300.0,37915,10700.0,8850.0,14050.0,0.0
9580,17899.0,16699,1915,0.0,0.0,3045.0,34339.0,38824.0,16900.0,3904.0,35466.0,4600.0,4405,0.0,0.0,0.0,0.0,2881.0,11912.0,11087.0,4116.0,10017,0.0,13485.0,0.0,4392,5720.0,0.0,4267.0,4350.0,53800,29875,2105.0,0.0,14445.0,37901,10700.0,8939.0,14212.0,0.0
9650,17800.0,16549,1900,0.0,0.0,3000.0,33799.0,38601.0,16842.0,3914.0,35297.0,4607.0,4349,0.0,0.0,0.0,0.0,2893.0,11914.0,10945.0,4095.0,9990,0.0,13565.0,0.0,4380,5690.0,0.0,4260.0,4320.0,53200,29599,2089.0,0.0,14470.0,38090,10800.0,8960.0,14300.0,0.0
9668,17900.0,16735,1855,0.0,0.0,3000.0,34340.0,38349.0,16800.0,3900.0,35296.0,4600.0,4343,0.0,0.0,0.0,0.0,2885.0,11862.0,10965.0,4077.0,9875,0.0,13620.0,0.0,4407,5730.0,0.0,4255.0,4350.0,53200,29600,2074.0,0.0,14500.0,38550,10839.0,8900.0,14373.0,0.0
9668,17800.0,16735,1855,0.0,0.0,3000.0,34340.0,38349.0,16800.0,3900.0,35296.0,4623.0,4343,0.0,0.0,0.0,0.0,2885.0,11862.0,10965.0,4077.0,9875,0.0,13620.0,0.0,4407,5730.0,0.0,4255.0,4350.0,53200,29600,2074.0,0.0,14500.0,38550,10859.0,8900.0,14373.0,0.0
9910,17800.0,16962,1900,0.0,0.0,3000.0,35026.0,38500.0,17375.0,3990.0,35422.0,4623.0,4447,0.0,0.0,0.0,0.0,2962.0,12121.0,11136.0,4262.0,10041,0.0,13827.0,0.0,4456,5904.0,0.0,4338.0,4350.0,54422,31120,2129.0,0.0,14503.0,39100,10859.0,9081.0,14393.0,0.0
9888,17790.0,17100,1899,0.0,0.0,3080.0,36022.0,38700.0,17527.0,3988.0,35127.0,4694.0,4455,0.0,0.0,0.0,0.0,2927.0,12000.0,11351.0,4250.0,10100,0.0,13884.0,0.0,4485,5958.0,0.0,4345.0,4373.0,54000,31413,2105.0,0.0,14550.0,39399,10930.0,9031.0,13961.0,0.0
9900,17850.0,17050,1900,0.0,0.0,3100.0,35375.0,38458.0,17470.0,3978.0,35675.0,4750.0,4489,0.0,0.0,0.0,0.0,2973.0,12145.0,11044.0,4221.0,9990,0.0,13556.0,0.0,4442,5910.0,0.0,4270.0,4371.0,54000,31086,2120.0,0.0,14536.0,38680,11030.0,8950.0,13206.0,0.0
10035,17830.0,17303,1937,0.0,0.0,3100.0,36000.0,38255.0,17650.0,3994.0,35976.0,4666.0,4571,0.0,0.0,0.0,0.0,3005.0,12169.0,11352.0,4200.0,10069,0.0,13400.0,0.0,4420,5950.0,0.0,4270.0,4355.0,54200,30906,2140.0,0.0,14660.0,38722,11000.0,9149.0,13625.0,0.0
10065,17690.0,17025,1948,0.0,0.0,3100.0,35550.0,38060.0,17300.0,4070.0,36375.0,4640.0,4614,0.0,0.0,0.0,0.0,3015.0,12190.0,11282.0,4283.0,10000,0.0,13500.0,0.0,4410,5920.0,0.0,4280.0,4330.0,54000,30900,2133.0,0.0,14807.0,39050,10923.0,9149.0,13565.0,0.0
10120,17780.0,17125,1935,0.0,0.0,3100.0,35452.0,38019.0,17356.0,4088.0,36676.0,4680.0,4599,0.0,0.0,0.0,0.0,3002.0,12220.0,11282.0,4340.0,10050,0.0,13664.0,0.0,4412,6030.0,0.0,4307.0,4360.0,54700,31700,2135.0,0.0,14900.0,39490,10800.0,9150.0,13570.0,0.0
10050,17800.0,17100,1935,0.0,0.0,3100.0,34974.0,37390.0,17200.0,4085.0,36676.0,4660.0,4566,0.0,0.0,0.0,0.0,3020.0,12225.0,11044.0,4269.0,10044,0.0,13440.0,0.0,4394,5981.0,0.0,4285.0,4350.0,55000,31481,2135.0,0.0,14753.0,39500,10815.0,9100.0,13270.0,0.0
10175,17700.0,17100,1955,0.0,0.0,3085.0,35299.0,36890.0,17400.0,4080.0,36186.0,4579.0,4601,0.0,0.0,0.0,0.0,3032.0,12250.0,11158.0,4329.0,10100,0.0,13750.0,0.0,4462,6000.0,0.0,4329.0,4361.0,55500,31635,2177.0,0.0,15110.0,39500,10651.0,9090.0,13060.0,0.0
10050,17849.0,16690,1959,0.0,0.0,3080.0,35200.0,36950.0,17509.0,4113.0,36476.0,4630.0,4601,0.0,0.0,0.0,0.0,3031.0,12105.0,11177.0,4293.0,10150,0.0,13511.0,0.0,4511,6053.0,0.0,4359.0,4444.0,55000,31826,2173.0,0.0,15009.0,39200,11000.0,9080.0,12900.0,0.0
10128,17798.0,16801,1960,0.0,0.0,3071.0,35510.0,37127.0,18092.0,4145.0,36851.0,4640.0,4629,0.0,0.0,0.0,0.0,3036.0,12200.0,11282.0,4401.0,10250,0.0,13799.0,0.0,4505,6030.0,0.0,4356.0,4500.0,55198,32050,2172.0,0.0,14875.0,39600,10876.0,9100.0,13300.0,0.0
10005,17651.0,17580,1990,0.0,0.0,3057.0,35861.0,36839.0,18429.0,4278.0,37089.0,4608.0,4657,0.0,0.0,0.0,0.0,3075.0,12025.0,11352.0,4377.0,10265,0.0,13610.0,0.0,4595,6192.0,0.0,4410.0,4538.0,56499,32499,2190.0,0.0,15165.0,40100,11250.0,9128.0,13470.0,0.0
10100,17600.0,17145,1985,0.0,0.0,3150.0,35838.0,36770.0,18300.0,4290.0,37725.0,4366.0,4615,0.0,0.0,0.0,0.0,3090.0,12300.0,11300.0,4446.0,10325,0.0,13799.0,0.0,4640,6150.0,0.0,4479.0,4534.0,56801,32599,2235.0,0.0,15343.0,40400,11250.0,9120.0,13503.0,0.0
10070,17593.0,17192,1998,0.0,0.0,3160.0,35099.0,35635.0,18694.0,4284.0,37970.0,4220.0,4671,0.0,0.0,0.0,0.0,3095.0,12367.0,11101.0,4490.0,10554,0.0,13512.0,0.0,4725,6220.0,0.0,4581.0,4500.0,54999,32459,2269.0,0.0,15475.0,40999,11300.0,9048.0,13540.0,0.0
10116,17401.0,17799,1998,0.0,0.0,3096.0,34603.0,36104.0,18850.0,4269.0,37664.0,4186.0,4712,0.0,0.0,0.0,0.0,3059.0,12500.0,10894.0,4521.0,10600,0.0,13151.0,0.0,4804,6248.0,0.0,4686.0,4540.0,54500,32650,2280.0,0.0,15700.0,40989,11325.0,9150.0,13489.0,0.0
10072,17600.0,17601,1998,0.0,0.0,3177.0,34962.0,36500.0,18650.0,4300.0,37626.0,4210.0,4676,0.0,0.0,0.0,0.0,3079.0,12475.0,11004.0,4545.0,10750,0.0,13096.0,0.0,4885,6235.0,0.0,4760.0,4625.0,54800,33250,2285.0,0.0,15675.0,40937,11200.0,9206.0,13579.0,0.0
10015,17909.0,17560,1980,0.0,0.0,3200.0,35000.0,36900.0,18778.0,4220.0,37975.0,4080.0,4628,0.0,0.0,0.0,0.0,3035.0,12351.0,11063.0,4508.0,10600,0.0,12995.0,0.0,4838,6190.0,0.0,4670.0,4650.0,54417,32925,2266.0,0.0,15540.0,40350,11130.0,9196.0,13485.0,0.0
9945,17950.0,17449,1998,0.0,0.0,3208.0,34016.0,36775.0,18751.0,4228.0,38175.0,4065.0,4615,0.0,0.0,0.0,0.0,2989.0,12307.0,10886.0,4520.0,10530,0.0,13128.0,0.0,4808,6240.0,0.0,4680.0,4562.0,54305,33000,2220.0,0.0,15387.0,39360,11121.0,9235.0,13500.0,0.0
9960,17900.0,17998,2000,0.0,0.0,3200.0,35669.0,36300.0,19160.0,4228.0,38275.0,4110.0,4713,0.0,0.0,0.0,0.0,3010.0,12451.0,11440.0,4516.0,10616,0.0,13160.0,0.0,4899,6505.0,0.0,4765.0,4495.0,55900,33700,2241.0,0.0,15600.0,39975,11100.0,9440.0,13500.0,0.0
9901,18253.0,17920,2004,0.0,0.0,3289.0,35848.0,36400.0,19300.0,4189.0,38400.0,4058.0,4739,0.0,0.0,0.0,0.0,3030.0,12548.0,11533.0,4490.0,10650,0.0,12963.0,0.0,4860,6360.0,0.0,4730.0,4533.0,55415,33150,2264.0,0.0,15650.0,39903,11075.0,9400.0,13299.0,0.0
9956,18300.0,17427,2015,0.0,0.0,3359.0,36040.0,36600.0,18850.0,4160.0,38287.0,4009.0,4711,0.0,0.0,0.0,0.0,2995.0,12575.0,11555.0,4405.0,10627,0.0,12772.0,0.0,4772,6300.0,0.0,4621.0,4515.0,54000,32446,2238.0,0.0,15600.0,39490,10802.0,9440.0,13067.0,0.0
9971,18270.0,17169,1990,0.0,0.0,3331.0,35900.0,36200.0,19299.0,4200.0,39152.0,3986.0,4709,0.0,0.0,0.0,0.0,3018.0,12720.0,11352.0,4434.0,10716,0.0,13002.0,0.0,4790,6270.0,0.0,4650.0,4529.0,55400,32500,2255.0,0.0,15657.0,39900,10850.0,9635.0,13320.0,0.0
10098,18225.0,17506,2010,0.0,0.0,3370.0,35725.0,36550.0,20150.0,4199.0,39963.0,3970.0,4798,0.0,0.0,0.0,0.0,3073.0,12853.0,11224.0,4525.0,10720,0.0,13447.0,0.0,4921,6350.0,0.0,4776.0,4550.0,56580,32960,2290.0,0.0,15719.0,40250,11075.0,9685.0,13550.0,0.0
10040,18395.0,17068,2015,0.0,0.0,3350.0,35589.0,36350.0,20170.0,4168.0,39973.0,4010.0,4837,0.0,0.0,0.0,0.0,3101.0,12850.0,11264.0,4561.0,10870,0.0,13260.0,0.0,4974,6410.0,0.0,4876.0,4577.0,56278,34063,2300.0,0.0,16000.0,40700,11148.0,9990.0,13829.0,0.0
10040,18500.0,16797,2035,0.0,0.0,3400.0,34950.0,36431.0,20316.0,4206.0,39771.0,4111.0,4837,0.0,0.0,0.0,0.0,3116.0,12900.0,11017.0,4574.0,10950,0.0,13300.0,0.0,4930,6498.0,0.0,4798.0,4630.0,55809,34584,2320.0,0.0,15900.0,39879,11200.0,10220.0,13599.0,0.0
10120,18545.0,16770,2031,0.0,0.0,3370.0,35104.0,36759.0,20673.0,4133.0,38306.0,4105.0,4765,0.0,0.0,0.0,0.0,3073.0,12900.0,11176.0,4547.0,10802,0.0,13182.0,0.0,4815,6408.0,0.0,4720.0,4660.0,55950,34476,2275.0,0.0,15715.0,39666,11100.0,10070.0,13195.0,0.0
10147,18551.0,16799,2026,0.0,0.0,3360.0,34200.0,37111.0,20632.0,4147.0,38874.0,4095.0,4826,0.0,0.0,0.0,0.0,3085.0,12845.0,11035.0,4415.0,10855,0.0,13005.0,0.0,4855,6298.0,0.0,4723.0,4650.0,55375,33955,2284.0,0.0,15800.0,39905,11150.0,10140.0,13200.0,0.0
10090,18603.0,16900,2020,0.0,0.0,3360.0,34700.0,37261.0,20600.0,4197.0,38963.0,4100.0,4837,0.0,0.0,0.0,0.0,3095.0,12889.0,11146.0,4433.0,10936,0.0,13340.0,0.0,4860,6402.0,0.0,4749.0,4644.0,55665,34790,2299.0,0.0,15820.0,39995,11129.0,10097.0,13301.0,0.0
10117,18708.0,16795,2009,0.0,0.0,3340.0,35198.0,37225.0,20620.0,4187.0,38799.0,4100.0,4882,0.0,0.0,0.0,0.0,3100.0,12878.0,11263.0,4441.0,10990,0.0,13280.0,0.0,4910,6500.0,0.0,4815.0,4690.0,55000,34301,2329.0,0.0,16049.0,40290,11070.0,10087.0,13588.0,0.0
10060,18610.0,16544,1999,0.0,0.0,3315.0,34864.0,38250.0,20185.0,4170.0,38774.0,4086.0,4832,0.0,0.0,0.0,0.0,3048.0,12700.0,11281.0,4405.0,10844,0.0,13025.0,0.0,4826,6414.0,0.0,4714.0,4700.0,54050,33260,2285.0,0.0,15740.0,39830,11072.0,10000.0,13425.0,0.0
10190,18525.0,16800,2010,0.0,0.0,3299.0,34950.0,38016.0,20301.0,4180.0,38876.0,4072.0,4845,0.0,0.0,0.0,0.0,3049.0,12760.0,11190.0,4470.0,11000,0.0,13130.0,0.0,4860,6520.0,0.0,4772.0,4666.0,54800,34229,2287.0,0.0,15890.0,39899,10993.0,10113.0,13560.0,0.0
10278,18599.0,16800,2010,0.0,0.0,3265.0,35005.0,38198.0,20300.0,4193.0,38907.0,4080.0,4855,0.0,0.0,0.0,0.0,3035.0,12850.0,11260.0,4489.0,11025,0.0,13225.0,0.0,4848,6800.0,0.0,4733.0,4685.0,56000,33560,2265.0,0.0,15891.0,40102,11100.0,10350.0,13500.0,0.0
10350,18311.0,16479,2019,0.0,0.0,3220.0,33990.0,38025.0,19910.0,4250.0,39525.0,4095.0,4803,0.0,0.0,0.0,0.0,3040.0,12778.0,11176.0,4516.0,11001,0.0,13350.0,0.0,4891,6819.0,0.0,4807.0,4693.0,56384,32921,2285.0,0.0,15923.0,40085,11100.0,10378.0,13550.0,0.0
10374,18449.0,15819,2010,0.0,0.0,3219.0,32614.0,38601.0,19458.0,4170.0,39984.0,4159.0,4826,0.0,0.0,0.0,0.0,3000.0,12706.0,11081.0,4547.0,10870,0.0,13278.0,0.0,4861,6673.0,0.0,4783.0,4748.0,55300,32051,2264.0,0.0,15800.0,39849,11300.0,10241.0,13340.0,0.0
10370,18350.0,16299,2020,0.0,0.0,3185.0,32975.0,38179.0,19900.0,4260.0,40273.0,4161.0,4849,0.0,0.0,0.0,0.0,3010.0,12800.0,11086.0,4591.0,10974,0.0,13319.0,0.0,4888,6760.0,0.0,4816.0,4720.0,55900,32650,2294.0,0.0,16000.0,40050,11381.0,10200.0,13425.0,0.0
10370,18400.0,16415,2019,0.0,0.0,3199.0,32859.0,37942.0,19944.0,4240.0,40394.0,4225.0,4863,0.0,0.0,0.0,0.0,3035.0,12814.0,10823.0,4630.0,11035,0.0,13268.0,0.0,4878,6769.0,0.0,4810.0,4735.0,56900,32540,2290.0,0.0,16090.0,40200,11388.0,10281.0,13450.0,0.0
10521,18300.0,16305,2015,0.0,0.0,3197.0,32931.0,38000.0,19906.0,4269.0,40280.0,4234.0,4818,0.0,0.0,0.0,0.0,3039.0,12800.0,10811.0,4620.0,11020,0.0,13450.0,0.0,4855,6793.0,0.0,4810.0,4760.0,57000,32956,2302.0,0.0,16100.0,40050,11400.0,10180.0,13440.0,0.0
10427,18260.0,16101,2012,0.0,0.0,3143.0,33194.0,37775.0,20486.0,4290.0,40308.0,4226.0,4764,0.0,0.0,0.0,0.0,3040.0,12574.0,10755.0,4600.0,10896,0.0,13350.0,0.0,4831,6897.0,0.0,4780.0,4745.0,57400,32510,2273.0,0.0,16097.0,40100,11487.0,10218.0,13372.0,0.0
10538,18305.0,16620,2010,0.0,0.0,3161.0,33181.0,37427.0,20300.0,4302.0,40573.0,4236.0,4826,0.0,0.0,0.0,0.0,3033.0,12798.0,10811.0,4638.0,11001,0.0,13485.0,0.0,4855,7005.0,0.0,4856.0,4730.0,58400,32375,2348.0,0.0,16121.0,39850,11630.0,10170.0,13330.0,0.0
10555,18419.0,16760,2019,0.0,0.0,3291.0,33000.0,37701.0,20400.0,4352.0,40573.0,4270.0,4826,0.0,0.0,0.0,0.0,3088.0,13024.0,10688.0,4642.0,11048,0.0,13685.0,0.0,4894,7013.0,0.0,4870.0,4715.0,58999,32450,2474.0,0.0,16244.0,40050,11670.0,10150.0,13440.0,0.0
10524,18300.0,16300,2030,0.0,0.0,3350.0,32382.0,37995.0,20025.0,4350.0,40093.0,4284.0,4792,0.0,0.0,0.0,0.0,3050.0,12900.0,10573.0,4560.0,10885,0.0,13585.0,0.0,4847,7060.0,0.0,4805.0,4790.0,58500,31861,2396.0,0.0,15925.0,39763,11639.0,10150.0,13274.0,0.0
10704,18325.0,16390,2070,0.0,0.0,3350.0,32670.0,37900.0,20780.0,4400.0,40973.0,4277.0,4903,0.0,0.0,0.0,0.0,3109.0,13182.0,10551.0,4610.0,10975,0.0,13721.0,0.0,4899,7070.0,0.0,4900.0,4795.0,59500,32250,2425.0,0.0,15951.0,40145,11555.0,10222.0,13445.0,0.0
10865,18350.0,16710,2055,0.0,0.0,3394.0,32574.0,37802.0,21100.0,4512.0,41664.0,4310.0,4932,0.0,0.0,0.0,0.0,3086.0,13312.0,10454.0,4615.0,11056,0.0,13600.0,0.0,4926,7010.0,0.0,4890.0,4830.0,59206,32360,2390.0,0.0,16061.0,39985,11540.0,10350.0,13530.0,0.0
10708,18500.0,16613,2070,0.0,0.0,3447.0,31775.0,38400.0,21139.0,4580.0,41413.0,4390.0,4935,0.0,0.0,0.0,0.0,3095.0,13310.0,10193.0,4620.0,11110,0.0,13575.0,0.0,4973,7099.0,0.0,4925.0,4892.0,58315,32027,2463.0,0.0,16550.0,40299,11525.0,10300.0,13650.0,0.0
10786,18705.0,16515,2120,0.0,0.0,3477.0,31400.0,38420.0,21481.0,4580.0,41547.0,4400.0,4879,0.0,0.0,0.0,0.0,3108.0,13166.0,10164.0,4609.0,10990,0.0,13500.0,0.0,4954,7053.0,0.0,4919.0,4851.0,57679,31600,2445.0,0.0,16173.0,40549,11799.0,10240.0,13749.0,0.0
10850,18816.0,16318,2125,0.0,0.0,3420.0,30950.0,37588.0,21271.0,4609.0,41120.0,4410.0,4826,0.0,0.0,0.0,0.0,3150.0,13250.0,9882.0,4618.0,10899,0.0,13500.0,0.0,4920,7060.0,0.0,4869.0,4889.0,58110,31150,2440.0,0.0,16223.0,40300,11650.0,10380.0,13605.0,0.0
10755,18900.0,15881,2089,0.0,0.0,3420.0,30010.0,37600.0,20750.0,4505.0,39950.0,4400.0,4743,0.0,0.0,0.0,0.0,3043.0,12940.0,9774.0,4500.0,10770,0.0,13500.0,0.0,4815,6950.0,0.0,4753.0,4900.0,56110,30300,2389.0,0.0,16066.0,39400,11670.0,10300.0,13513.0,0.0
10620,18891.0,15901,2085,0.0,0.0,3379.0,30550.0,37414.0,20504.0,4475.0,39829.0,4335.0,4822,0.0,0.0,0.0,0.0,3050.0,12852.0,9821.0,4560.0,10799,0.0,13535.0,0.0,4800,7147.0,0.0,4777.0,4800.0,56036,30607,2391.0,0.0,16431.0,39210,11524.0,10400.0,13920.0,0.0
10900,19000.0,15690,2085,0.0,0.0,3377.0,30256.0,37599.0,20500.0,4509.0,40589.0,4367.0,4827,0.0,0.0,0.0,0.0,3129.0,13044.0,9735.0,4627.0,10890,0.0,13793.0,0.0,4835,7224.0,0.0,4795.0,4860.0,56840,30611,2424.0,0.0,16432.0,39089,11501.0,10417.0,13900.0,0.0
11000,19230.0,15718,2086,0.0,0.0,3380.0,30218.0,37701.0,20500.0,4545.0,40953.0,4386.0,4848,0.0,0.0,0.0,0.0,3217.0,13200.0,9606.0,4624.0,10948,0.0,13950.0,0.0,4845,7210.0,0.0,4803.0,4915.0,56500,30707,2426.0,0.0,16440.0,39276,11540.0,10420.0,14200.0,0.0
11035,19231.0,15785,2021,0.0,0.0,3375.0,30150.0,38016.0,20462.0,4576.0,40373.0,4455.0,4851,0.0,0.0,0.0,0.0,3215.0,13200.0,9680.0,4744.0,10900,0.0,13769.0,0.0,4851,7075.0,0.0,4823.0,4930.0,54890,30500,2433.0,0.0,16415.0,38482,11642.0,10440.0,14325.0,0.0
11099,19500.0,16001,2045,0.0,0.0,3365.0,30005.0,38459.0,20500.0,4554.0,40673.0,4452.0,4881,0.0,0.0,0.0,0.0,3235.0,13400.0,9680.0,4820.0,11001,0.0,13804.0,0.0,4903,7201.0,0.0,4900.0,4940.0,55199,30735,2460.0,0.0,16570.0,38500,11605.0,10540.0,14201.0,0.0
11320,19700.0,16220,2060,0.0,0.0,3380.0,29173.0,38955.0,20800.0,4616.0,41822.0,4465.0,4894,0.0,0.0,0.0,0.0,3288.0,13520.0,9577.0,4909.0,11110,0.0,13753.0,0.0,4916,7296.0,0.0,4907.0,4997.0,55300,30990,2485.0,0.0,16792.0,38748,11720.0,10570.0,14010.0,0.0
11175,19800.0,16050,2041,0.0,0.0,3450.0,29241.0,38820.0,20899.0,4651.0,42805.0,4489.0,4970,0.0,0.0,0.0,0.0,3287.0,13355.0,9583.0,4861.0,11295,0.0,13692.0,0.0,4755,7314.0,0.0,4768.0,5044.0,55103,30756,2487.0,0.0,16848.0,38053,11750.0,10516.0,13817.0,0.0
11199,19700.0,15979,2006,0.0,0.0,3420.0,29170.0,38677.0,20950.0,4543.0,42505.0,4475.0,4966,0.0,0.0,0.0,0.0,3250.0,13150.0,9460.0,4901.0,11355,0.0,13700.0,0.0,4730,7338.0,0.0,4775.0,5029.0,55004,31380,2400.0,0.0,16990.0,37800,11581.0,10500.0,13975.0,0.0
11200,19945.0,15790,2015,0.0,0.0,3419.0,29025.0,38780.0,20812.0,4530.0,42177.0,4399.0,4959,0.0,0.0,0.0,0.0,3250.0,13040.0,9348.0,4837.0,11250,0.0,13858.0,0.0,4725,7313.0,0.0,4744.0,4945.0,56758,31530,2375.0,0.0,16879.0,37843,11574.0,10475.0,14010.0,0.0
11150,19944.0,15770,2030,0.0,0.0,3425.0,28761.0,38650.0,20318.0,4580.0,42080.0,4388.0,4924,0.0,0.0,0.0,0.0,3250.0,13091.0,9329.0,4845.0,11190,0.0,13765.0,0.0,4749,7173.0,0.0,4743.0,4885.0,56800,30300,2360.0,0.0,16984.0,37251,11500.0,10395.0,14120.0,0.0
11150,19989.0,15770,2030,0.0,0.0,3438.0,28761.0,38650.0,20318.0,4580.0,42080.0,4368.0,4924,0.0,0.0,0.0,0.0,3250.0,13091.0,9329.0,4845.0,11190,0.0,13765.0,0.0,4749,7173.0,0.0,4743.0,4950.0,56800,30300,2360.0,0.0,16984.0,37251,11452.0,10395.0,14120.0,0.0
11160,19989.0,15700,2040,0.0,0.0,3438.0,28790.0,39156.0,20025.0,4574.0,42272.0,4368.0,4867,0.0,0.0,0.0,0.0,3250.0,12900.0,9336.0,4774.0,11060,0.0,13020.0,0.0,4680,7100.0,0.0,4645.0,4950.0,56000,29737,2329.0,0.0,16947.0,36859,11452.0,10310.0,14045.0,0.0
11083,20000.0,15847,2040,0.0,0.0,3432.0,29249.0,38648.0,19801.0,4530.0,42867.0,4350.0,4938,0.0,0.0,0.0,0.0,3255.0,12846.0,9420.0,4710.0,11189,0.0,12950.0,0.0,4701,7137.0,0.0,4670.0,4970.0,56452,29800,2337.0,0.0,16710.0,36810,11290.0,10375.0,14100.0,0.0
11322,20100.0,15860,2039,0.0,0.0,3399.0,29016.0,38998.0,20007.0,4586.0,42371.0,4441.0,4938,0.0,0.0,0.0,0.0,3257.0,13010.0,9367.0,4746.0,11108,0.0,13000.0,0.0,4744,7327.0,0.0,4715.0,4980.0,56166,29704,2369.0,0.0,16911.0,37319,11372.0,10500.0,13709.0,0.0
11590,20051.0,16070,2034,0.0,0.0,3437.0,29229.0,38800.0,20338.0,4743.0,42362.0,4506.0,5044,0.0,0.0,0.0,0.0,3310.0,13470.0,9372.0,4756.0,11249,0.0,13180.0,0.0,4810,7351.0,0.0,4770.0,5000.0,56500,29395,2416.0,0.0,17222.0,37740,11360.0,10509.0,13900.0,0.0
11620,20248.0,15820,2008,0.0,0.0,3445.0,28571.0,38800.0,19846.0,4790.0,42185.0,4486.0,5053,0.0,0.0,0.0,0.0,3301.0,13227.0,9239.0,4770.0,11126,0.0,13600.0,0.0,4748,7195.0,0.0,4722.0,5020.0,55500,28769,2418.0,0.0,17000.0,37000,11624.0,10637.0,13950.0,0.0
11800,20300.0,15438,2000,0.0,0.0,3401.0,28236.0,39251.0,19700.0,4812.0,42182.0,4530.0,5036,0.0,0.0,0.0,0.0,3310.0,13260.0,9194.0,4743.0,11034,0.0,13556.0,0.0,4687,7149.0,0.0,4660.0,5000.0,54400,28299,2400.0,0.0,16948.0,36915,11569.0,10775.0,13740.0,0.0
11852,20250.0,15110,2000,0.0,0.0,3396.0,28240.0,38700.0,19813.0,4815.0,43071.0,4465.0,5043,0.0,0.0,0.0,0.0,3318.0,13335.0,9240.0,4755.0,11136,0.0,13730.0,0.0,4716,7210.0,0.0,4692.0,5020.0,53400,28510,2370.0,0.0,16400.0,37050,11594.0,10815.0,13502.0,0.0
12106,20500.0,15145,2025,0.0,0.0,3412.0,28449.0,39359.0,20000.0,5040.0,44770.0,4473.0,5179,0.0,0.0,0.0,0.0,3385.0,13456.0,9468.0,4854.0,11250,0.0,14163.0,0.0,4732,7247.0,0.0,4684.0,5037.0,53400,28800,2390.0,0.0,16497.0,37747,11575.0,10850.0,12899.0,0.0
12000,20800.0,15295,2020,0.0,0.0,3395.0,28143.0,39910.0,20500.0,4990.0,45244.0,4600.0,5222,0.0,0.0,0.0,0.0,3390.0,13500.0,9328.0,4961.0,11350,0.0,14015.0,0.0,4700,7260.0,0.0,4716.0,5060.0,53050,28908,2406.0,0.0,16581.0,37974,11720.0,11041.0,13200.0,0.0
11811,21330.0,14700,2010,0.0,0.0,3410.0,26950.0,39406.0,20450.0,4919.0,44570.0,4710.0,5088,0.0,0.0,0.0,0.0,3340.0,13200.0,8864.0,4853.0,11024,0.0,13426.0,0.0,4533,7033.0,0.0,4555.0,5100.0,52300,28238,2356.0,0.0,15912.0,36900,11800.0,10720.0,12755.0,0.0
11980,20920.0,15030,2030,0.0,0.0,3372.0,26869.0,39278.0,20606.0,4950.0,45048.0,4600.0,5087,0.0,0.0,0.0,0.0,3386.0,13281.0,8974.0,4896.0,11125,0.0,13698.0,0.0,4600,6800.0,0.0,4567.0,5065.0,53100,28657,2360.0,0.0,16716.0,36750,11799.0,10859.0,12989.0,0.0
11980,20907.0,15030,2030,0.0,0.0,3414.0,26869.0,39278.0,20606.0,4950.0,45048.0,4650.0,5087,0.0,0.0,0.0,0.0,3386.0,13281.0,8974.0,4896.0,11125,0.0,13698.0,0.0,4600,6800.0,0.0,4567.0,5120.0,53100,28657,2360.0,0.0,16716.0,36750,11950.0,10859.0,12989.0,0.0
11980,20907.0,15030,2030,0.0,0.0,3414.0,26869.0,39278.0,20606.0,4950.0,45048.0,4650.0,5087,0.0,0.0,0.0,0.0,3386.0,13281.0,8974.0,4896.0,11125,0.0,13698.0,0.0,4600,6800.0,0.0,4567.0,5120.0,53100,28657,2360.0,0.0,16716.0,36750,11950.0,10859.0,12989.0,0.0
12000,20907.0,15000,2015,0.0,0.0,3414.0,26029.0,39973.0,21197.0,4931.0,44466.0,4650.0,5072,0.0,0.0,0.0,0.0,3390.0,13165.0,8916.0,4882.0,11260,0.0,13520.0,0.0,4540,6795.0,0.0,4515.0,5120.0,51500,28311,2383.0,0.0,16872.0,36150,11950.0,10969.0,13116.0,0.0
11923,21000.0,15047,1997,0.0,0.0,3368.0,26823.0,39674.0,21399.0,4900.0,44631.0,4689.0,5036,0.0,0.0,0.0,0.0,3430.0,12950.0,9090.0,4872.0,11190,0.0,13500.0,0.0,4542,6886.0,0.0,4552.0,5163.0,51029,28369,2370.0,0.0,16770.0,36347,11900.0,10875.0,13102.0,0.0
11875,20625.0,15051,2013,0.0,0.0,3408.0,26772.0,39771.0,21350.0,4888.0,44787.0,4700.0,4973,0.0,0.0,0.0,0.0,3410.0,12954.0,9064.0,4905.0,11115,0.0,13555.0,0.0,4573,7055.0,0.0,4559.0,5120.0,51500,28722,2390.0,0.0,16915.0,36475,11874.0,10800.0,13103.0,0.0
11775,20515.0,15100,2010,0.0,0.0,3400.0,26705.0,39437.0,21120.0,4868.0,44627.0,4675.0,4965,0.0,0.0,0.0,0.0,3390.0,13021.0,8932.0,4807.0,11200,0.0,13500.0,0.0,4501,6965.0,0.0,4485.0,5105.0,51498,28650,2389.0,0.0,16830.0,36540,11860.0,10725.0,13059.0,0.0
11625,20600.0,15315,2014,0.0,0.0,3395.0,26863.0,39696.0,21280.0,4884.0,44577.0,4679.0,4922,0.0,0.0,0.0,0.0,3392.0,12855.0,8976.0,4897.0,11205,0.0,13571.0,0.0,4457,7044.0,0.0,4435.0,5125.0,51200,28368,2360.0,0.0,16515.0,36375,11995.0,10700.0,12854.0,0.0
11660,20811.0,15260,2013,0.0,0.0,3350.0,26440.0,39144.0,20856.0,4950.0,45070.0,4645.0,4928,0.0,0.0,0.0,0.0,3387.0,12726.0,8800.0,4865.0,11290,0.0,13894.0,0.0,4480,7106.0,0.0,4482.0,5111.0,51090,28764,2361.0,0.0,16600.0,36501,11883.0,10756.0,13050.0,0.0
11720,21476.0,14828,2029,0.0,0.0,3349.0,26313.0,39900.0,20972.0,4987.0,45995.0,4580.0,4911,0.0,0.0,0.0,0.0,3400.0,12750.0,8729.0,4829.0,11375,0.0,14045.0,0.0,4503,7090.0,0.0,4480.0,5100.0,50500,29250,2412.0,0.0,17010.0,36551,11892.0,10796.0,13300.0,0.0
11601,21885.0,14650,2032,0.0,0.0,3340.0,26267.0,40594.0,20700.0,4939.0,45611.0,4604.0,4924,0.0,0.0,0.0,0.0,3399.0,12840.0,8743.0,4815.0,11270,0.0,14015.0,0.0,4515,7110.0,0.0,4521.0,5151.0,50000,29359,2390.0,0.0,16905.0,36678,12000.0,10660.0,13490.0,0.0
12289,21600.0,14806,2053,0.0,0.0,3299.0,25701.0,40700.0,20730.0,4914.0,45926.0,4628.0,4955,0.0,0.0,0.0,0.0,3358.0,12990.0,8664.0,4769.0,11331,0.0,14151.0,0.0,4517,7069.0,0.0,4498.0,5194.0,49734,29579,2470.0,0.0,17165.0,36690,11950.0,10734.0,13406.0,0.0
12525,23200.0,14714,2053,0.0,0.0,3300.0,25543.0,40580.0,20325.0,4822.0,45470.0,4695.0,4909,0.0,0.0,0.0,0.0,3263.0,12835.0,8550.0,4641.0,11100,0.0,13905.0,0.0,4398,6961.0,0.0,4400.0,5199.0,48714,28950,2413.0,0.0,16605.0,36345,12222.0,10660.0,13400.0,0.0
12630,21855.0,14904,2040,0.0,0.0,3255.0,25550.0,39699.0,20547.0,4855.0,46619.0,4622.0,4957,0.0,0.0,0.0,0.0,3246.0,12930.0,8536.0,4724.0,11098,0.0,13965.0,0.0,4421,7035.0,0.0,4430.0,5167.0,49159,29061,2431.0,0.0,16702.0,36320,12029.0,10685.0,13450.0,0.0
12416,22400.0,14894,2040,0.0,0.0,3166.0,26057.0,39319.0,20795.0,4831.0,45625.0,4670.0,5044,0.0,0.0,0.0,0.0,3270.0,12960.0,8626.0,4861.0,11124,0.0,13802.0,0.0,4430,7094.0,0.0,4431.0,5185.0,49300,29553,2477.0,0.0,16790.0,36480,12151.0,10860.0,13500.0,0.0
12526,21621.0,14939,2074,0.0,0.0,3240.0,27025.0,39910.0,20720.0,4889.0,46069.0,4735.0,5125,0.0,0.0,0.0,0.0,3299.0,13140.0,8922.0,4887.0,11278,0.0,13564.0,0.0,4467,7138.0,0.0,4460.0,5169.0,50500,29646,2511.0,0.0,16984.0,37125,12198.0,10840.0,13373.0,0.0
12526,22000.0,14939,2074,0.0,0.0,3289.0,27025.0,39910.0,20720.0,4889.0,46069.0,4722.0,5125,0.0,0.0,0.0,0.0,3299.0,13140.0,8922.0,4887.0,11278,0.0,13564.0,0.0,4467,7138.0,0.0,4460.0,5140.0,50500,29646,2511.0,0.0,16984.0,37125,12100.0,10840.0,13373.0,0.0
12570,22000.0,15130,2100,0.0,0.0,3289.0,26458.0,39774.0,20700.0,4861.0,46814.0,4722.0,5158,0.0,0.0,0.0,0.0,3344.0,13166.0,8703.0,4810.0,11475,0.0,13440.0,0.0,4463,7189.0,0.0,4456.0,5140.0,50400,30000,2527.0,0.0,16948.0,36939,12100.0,10810.0,13589.0,0.0
12570,22200.0,15130,2100,0.0,0.0,3336.0,26458.0,39774.0,20700.0,4861.0,46814.0,4678.0,5158,0.0,0.0,0.0,0.0,3344.0,13166.0,8703.0,4810.0,11475,0.0,13440.0,0.0,4463,7189.0,0.0,4456.0,5150.0,50400,30000,2527.0,0.0,16948.0,36939,12155.0,10810.0,13589.0,0.0
12620,22200.0,14876,2108,0.0,0.0,3336.0,26335.0,40132.0,20861.0,4918.0,47498.0,4678.0,5116,0.0,0.0,0.0,0.0,3309.0,13150.0,8766.0,4832.0,11365,0.0,13400.0,0.0,4509,7173.0,0.0,4490.0,5150.0,49400,29950,2566.0,0.0,16850.0,37049,12155.0,10749.0,13629.0,0.0
12710,22300.0,14655,2108,0.0,0.0,3277.0,25806.0,40323.0,21200.0,4981.0,46969.0,4750.0,5087,0.0,0.0,0.0,0.0,3320.0,13310.0,8591.0,4881.0,11687,0.0,13393.0,0.0,4500,7082.0,0.0,4500.0,5160.0,49300,29659,2610.0,0.0,17254.0,36754,12174.0,10675.0,13450.0,0.0
12761,22400.0,14619,2118,0.0,0.0,3248.0,25950.0,40165.0,20550.0,5058.0,46969.0,4660.0,5120,0.0,0.0,0.0,0.0,3325.0,13500.0,8758.0,4778.0,11690,0.0,13399.0,0.0,4474,6920.0,0.0,4470.0,5135.0,49204,28650,2607.0,0.0,17460.0,35900,11964.0,10655.0,13668.0,0.0
12750,22600.0,14430,2077,0.0,0.0,3250.0,25859.0,40300.0,20400.0,5020.0,46721.0,4720.0,5092,0.0,0.0,0.0,0.0,3320.0,13511.0,8813.0,4794.0,11575,0.0,13320.0,0.0,4467,6815.0,0.0,4464.0,5150.0,50000,28350,2597.0,0.0,17161.0,35422,12025.0,10670.0,13629.0,0.0
12682,22500.0,14113,2071,0.0,0.0,3230.0,25672.0,39930.0,19511.0,4901.0,44970.0,4695.0,5008,0.0,0.0,0.0,0.0,3250.0,13200.0,8765.0,4720.0,11514,0.0,13199.0,0.0,4369,6780.0,0.0,4387.0,5129.0,47787,27870,2582.0,0.0,17020.0,35000,12000.0,10655.0,13481.0,0.0
12454,22150.0,14020,2068,0.0,0.0,3100.0,26245.0,39966.0,19000.0,4946.0,43876.0,4700.0,4994,0.0,0.0,0.0,0.0,3238.0,13132.0,9030.0,4692.0,11449,0.0,13100.0,0.0,4359,6755.0,0.0,4356.0,5093.0,48082,27864,2561.0,0.0,16865.0,35228,11825.0,10620.0,13445.0,0.0
12595,22575.0,14485,2078,0.0,0.0,3074.0,27200.0,39960.0,19151.0,4970.0,44569.0,4680.0,5015,0.0,0.0,0.0,0.0,3285.0,13233.0,9328.0,4680.0,11621,0.0,13414.0,0.0,4416,6806.0,0.0,4433.0,5095.0,48429,28301,2620.0,0.0,17120.0,36200,11250.0,10670.0,13545.0,0.0
12610,22396.0,14520,2077,0.0,0.0,3150.0,27500.0,40476.0,19110.0,4944.0,44670.0,4722.0,5104,0.0,0.0,0.0,0.0,3308.0,13260.0,9456.0,4728.0,11710,0.0,13485.0,0.0,4467,6930.0,0.0,4460.0,5071.0,49350,28385,2614.0,0.0,17275.0,36680,11255.0,10699.0,13657.0,0.0
12500,22500.0,14146,2060,0.0,0.0,3099.0,26700.0,40623.0,18400.0,4850.0,44670.0,4750.0,5045,0.0,0.0,0.0,0.0,3243.0,13110.0,9055.0,4660.0,11410,0.0,13177.0,0.0,4400,6761.0,0.0,4410.0,5110.0,48940,27815,2580.0,0.0,16879.0,35725,11180.0,10613.0,13340.0,0.0
12540,22357.0,13990,2060,0.0,0.0,3097.0,26054.0,41205.0,18438.0,4837.0,45520.0,4700.0,5004,0.0,0.0,0.0,0.0,3216.0,13129.0,8769.0,4714.0,11364,0.0,13200.0,0.0,4355,6746.0,0.0,4365.0,5084.0,48900,27683,2560.0,0.0,16831.0,36196,11134.0,10570.0,13470.0,0.0
12500,22300.0,14023,2080,0.0,0.0,3045.0,26300.0,40766.0,18815.0,4968.0,46200.0,4660.0,5135,0.0,0.0,0.0,0.0,3282.0,13163.0,8694.0,5062.0,11487,0.0,13476.0,0.0,4335,6877.0,0.0,4355.0,5057.0,49200,27812,2594.0,0.0,16919.0,36150,10986.0,10665.0,13662.0,0.0
12500,22270.0,14170,2055,0.0,0.0,2926.0,26900.0,40497.0,18182.0,4900.0,46553.0,4700.0,5050,0.0,0.0,0.0,0.0,3243.0,13110.0,8860.0,5039.0,11505,0.0,13425.0,0.0,4235,6720.0,0.0,4237.0,5069.0,49700,27145,2600.0,0.0,17100.0,35765,11090.0,10250.0,13445.0,0.0
12250,22317.0,14100,2065,0.0,0.0,2920.0,28593.0,39757.0,18135.0,4819.0,45970.0,4675.0,4973,0.0,0.0,0.0,0.0,3200.0,13100.0,9121.0,4970.0,11320,0.0,13246.0,0.0,4150,6570.0,0.0,4143.0,5063.0,49200,26834,2500.0,0.0,16550.0,35227,11107.0,10000.0,13250.0,0.0
12155,22030.0,14050,2072,0.0,0.0,2800.0,28550.0,39672.0,18367.0,4825.0,43592.0,4696.0,4938,0.0,0.0,0.0,0.0,3181.0,12970.0,9153.0,5077.0,11300,0.0,13205.0,0.0,4131,6595.0,0.0,4120.0,5031.0,48887,26680,2485.0,0.0,16485.0,34880,11020.0,10310.0,13271.0,0.0
12179,22000.0,14075,2075,0.0,0.0,2760.0,29295.0,39565.0,18669.0,4875.0,44670.0,4670.0,5029,0.0,0.0,0.0,0.0,3244.0,13239.0,9376.0,5125.0,11409,0.0,13400.0,0.0,4225,6788.0,0.0,4237.0,4980.0,48900,27345,2530.0,0.0,17046.0,35718,11000.0,10450.0,13318.0,0.0
12092,22100.0,13525,2065,0.0,0.0,2779.0,29110.0,39690.0,18005.0,4746.0,43830.0,4685.0,4910,0.0,0.0,0.0,0.0,3225.0,12904.0,9216.0,4970.0,11309,0.0,13167.0,0.0,4230,6640.0,0.0,4226.0,4985.0,47540,26584,2480.0,0.0,16800.0,35200,11098.0,10320.0,13095.0,0.0
12000,22129.0,13540,2065,0.0,0.0,2650.0,30190.0,39806.0,18525.0,4849.0,44990.0,4584.0,4991,0.0,0.0,0.0,0.0,3266.0,13075.0,9685.0,4830.0,11310,0.0,13343.0,0.0,4300,6636.0,0.0,4300.0,4899.0,47595,26500,2506.0,0.0,16914.0,35600,11020.0,10390.0,13230.0,0.0
11840,22500.0,13390,2069,0.0,0.0,2600.0,30000.0,39900.0,18580.0,4810.0,45698.0,4640.0,5018,0.0,0.0,0.0,0.0,3296.0,13100.0,9689.0,4834.0,11300,0.0,13485.0,0.0,4315,6585.0,0.0,4303.0,4905.0,46950,26189,2500.0,0.0,16834.0,35358,11009.0,10350.0,13315.0,0.0
11880,22425.0,13741,2057,0.0,0.0,2610.0,29998.0,40000.0,18605.0,4848.0,44961.0,4668.0,5000,0.0,0.0,0.0,0.0,3280.0,13204.0,9651.0,4880.0,11300,0.0,13585.0,0.0,4385,6660.0,0.0,4353.0,4890.0,48200,26530,2497.0,0.0,16757.0,35895,10990.0,10150.0,13290.0,0.0
11900,22151.0,14049,2060,0.0,0.0,2645.0,30254.0,39513.0,19042.0,4842.0,44770.0,4645.0,5050,0.0,0.0,0.0,0.0,3342.0,13155.0,9753.0,5020.0,11556,0.0,13650.0,0.0,4487,6839.0,0.0,4469.0,4900.0,48900,26890,2556.0,0.0,16877.0,36537,11050.0,10124.0,13575.0,0.0
11513,22400.0,13516,2040,0.0,0.0,2646.0,29461.0,39586.0,18799.0,4792.0,44645.0,4699.0,4994,0.0,0.0,0.0,0.0,3318.0,13057.0,9732.0,4926.0,11351,0.0,13565.0,0.0,4368,6651.0,0.0,4327.0,4965.0,47400,26100,2525.0,0.0,16664.0,35800,11021.0,10070.0,13371.0,0.0
11757,22550.0,13400,2070,0.0,0.0,2606.0,30850.0,40100.0,18917.0,4875.0,44859.0,4653.0,5021,0.0,0.0,0.0,0.0,3345.0,13193.0,10049.0,4891.0,11400,0.0,13782.0,0.0,4400,6635.0,0.0,4368.0,4893.0,47612,25780,2575.0,0.0,16497.0,36115,10800.0,10150.0,13446.0,0.0
11810,22569.0,13196,2110,0.0,0.0,2600.0,31196.0,40203.0,19014.0,4857.0,45070.0,4679.0,5040,0.0,0.0,0.0,0.0,3350.0,13196.0,10336.0,4605.0,11480,0.0,13810.0,0.0,4370,6635.0,0.0,4338.0,4972.0,46631,25800,2571.0,0.0,16700.0,36112,10981.0,10171.0,13550.0,0.0
11600,22400.0,13459,2090,0.0,0.0,2600.0,31360.0,40124.0,18917.0,4888.0,44920.0,4704.0,5019,0.0,0.0,0.0,0.0,3355.0,13140.0,10164.0,4544.0,11550,0.0,14050.0,0.0,4305,6620.0,0.0,4283.0,4952.0,48001,25832,2597.0,0.0,16700.0,35550,11020.0,10200.0,13600.0,0.0
11735,22400.0,13386,2090,0.0,0.0,2570.0,31500.0,39800.0,19325.0,4870.0,44147.0,4755.0,4992,0.0,0.0,0.0,0.0,3346.0,13200.0,10273.0,4565.0,11515,0.0,14100.0,0.0,4260,6647.0,0.0,4279.0,4980.0,49001,26330,2605.0,0.0,16751.0,35650,10980.0,10000.0,13441.0,0.0
11780,21902.0,14139,2110,0.0,0.0,2600.0,31950.0,39543.0,19690.0,5000.0,44497.0,4706.0,5016,0.0,0.0,0.0,0.0,3391.0,13289.0,10296.0,4600.0,11603,0.0,14258.0,0.0,4381,6790.0,0.0,4349.0,4975.0,51013,27100,2624.0,0.0,17111.0,36581,11120.0,9800.0,13529.0,0.0
12095,22130.0,14100,2174,0.0,0.0,2770.0,30350.0,39930.0,19700.0,5090.0,45695.0,4811.0,5134,0.0,0.0,0.0,0.0,3424.0,13450.0,9730.0,4717.0,11745,0.0,14550.0,0.0,4540,6900.0,0.0,4525.0,4980.0,51141,27523,2695.0,0.0,17176.0,36800,11150.0,9880.0,13430.0,0.0
12070,22452.0,13680,2150,0.0,0.0,2950.0,30260.0,40580.0,19950.0,4994.0,44870.0,4982.0,5050,0.0,0.0,0.0,0.0,3445.0,13443.0,9844.0,4722.0,11631,0.0,14550.0,0.0,4468,6845.0,0.0,4465.0,5007.0,50210,27097,2684.0,0.0,17280.0,36185,11314.0,9698.0,13430.0,0.0
12050,22427.0,13584,2135,0.0,0.0,2890.0,30536.0,40690.0,19925.0,4965.0,45500.0,5021.0,5031,0.0,0.0,0.0,0.0,3443.0,13400.0,9974.0,4725.0,11329,0.0,14610.0,0.0,4504,6819.0,0.0,4480.0,5000.0,50200,27083,2643.0,0.0,17221.0,35669,11401.0,9800.0,13315.0,0.0
12250,22390.0,13640,2165,0.0,0.0,2828.0,31011.0,41246.0,20350.0,4984.0,45570.0,5090.0,5022,0.0,0.0,0.0,0.0,3475.0,13589.0,10151.0,4655.0,11446,0.0,14770.0,0.0,4558,6885.0,0.0,4519.0,5000.0,50400,27500,2690.0,0.0,17350.0,35400,11315.0,9814.0,13462.0,0.0
12297,22377.0,14169,2220,0.0,0.0,2743.0,30799.0,41362.0,20688.0,4960.0,46134.0,5129.0,5106,0.0,0.0,0.0,0.0,3451.0,13649.0,10026.0,4647.0,11561,0.0,14716.0,0.0,4621,6888.0,0.0,4568.0,5025.0,51072,27700,2690.0,0.0,17449.0,36100,11400.0,9727.0,13589.0,0.0
12098,22200.0,14300,2223,0.0,0.0,2735.0,30347.0,41141.0,20265.0,4928.0,45970.0,5100.0,5106,0.0,0.0,0.0,0.0,3440.0,13461.0,9856.0,4594.0,11370,0.0,14650.0,0.0,4568,6862.0,0.0,4543.0,5035.0,51190,27422,2675.0,0.0,17300.0,36300,11400.0,9666.0,13500.0,0.0
12191,21710.0,14468,2197,0.0,0.0,2663.0,30350.0,40776.0,20424.0,4890.0,46514.0,5096.0,5073,0.0,0.0,0.0,0.0,3420.0,13597.0,9890.0,4584.0,11222,0.0,15060.0,0.0,4680,6953.0,0.0,4694.0,5049.0,51150,27650,2644.0,0.0,17306.0,36382,11235.0,9767.0,13596.0,0.0
12255,21890.0,14948,2206,0.0,0.0,2638.0,30308.0,41036.0,20900.0,4992.0,46729.0,4955.0,5148,0.0,0.0,0.0,0.0,3482.0,13088.0,9904.0,4675.0,11483,0.0,15114.0,0.0,4864,7039.0,0.0,4816.0,5019.0,51800,27900,2696.0,0.0,17663.0,37215,11385.0,9420.0,13913.0,0.0
12499,21900.0,14625,2265,0.0,0.0,2692.0,30500.0,41399.0,20900.0,5059.0,47269.0,5160.0,5158,0.0,0.0,0.0,0.0,3523.0,13247.0,9980.0,4739.0,11648,0.0,15378.0,0.0,4890,7135.0,0.0,4851.0,5094.0,50800,28230,2760.0,0.0,17798.0,37456,11298.0,9380.0,13880.0,0.0
12523,22118.0,14885,2257,0.0,0.0,2726.0,30174.0,41500.0,20841.0,5200.0,47445.0,5140.0,5176,0.0,0.0,0.0,0.0,3583.0,13117.0,9790.0,4694.0,11750,0.0,15362.0,0.0,4940,7392.0,0.0,4915.0,5160.0,50805,28442,2779.0,0.0,17870.0,37928,11500.0,9349.0,13819.0,0.0
12482,21880.0,14631,2257,0.0,0.0,2690.0,29900.0,42020.0,20099.0,5140.0,46319.0,5250.0,5166,0.0,0.0,0.0,0.0,3548.0,13131.0,9742.0,4733.0,11800,0.0,15071.0,0.0,4901,7418.0,0.0,4871.0,5203.0,50500,27640,2782.0,0.0,17804.0,36264,11375.0,9265.0,13990.0,0.0
12257,21650.0,14050,2251,0.0,0.0,2625.0,28689.0,41949.0,19500.0,5039.0,46145.0,5275.0,5134,0.0,0.0,0.0,0.0,3545.0,13100.0,9410.0,4598.0,11816,0.0,15060.0,0.0,4863,7131.0,0.0,4829.0,5234.0,48000,27036,2785.0,0.0,17892.0,35300,11466.0,9349.0,13800.0,0.0
12155,21667.0,13510,2255,0.0,0.0,2518.0,28821.0,42161.0,19301.0,5079.0,45120.0,5278.0,5060,0.0,0.0,0.0,0.0,3521.0,13102.0,9324.0,4552.0,11500,0.0,15012.0,0.0,4796,7038.0,0.0,4798.0,5218.0,47450,26650,2763.0,0.0,17800.0,35015,11400.0,9300.0,14097.0,0.0
12301,21696.0,13587,2283,0.0,0.0,2506.0,28975.0,42179.0,19626.0,5071.0,45482.0,5249.0,5084,0.0,0.0,0.0,0.0,3546.0,13100.0,9469.0,4533.0,11276,0.0,15137.0,0.0,4795,7098.0,0.0,4823.0,5310.0,47447,26987,2699.0,0.0,17347.0,34700,11350.0,9440.0,14190.0,0.0
12460,21490.0,13382,2299,0.0,0.0,2510.0,28419.0,42222.0,19486.0,5127.0,46049.0,5339.0,5119,0.0,0.0,0.0,0.0,3569.0,13151.0,9266.0,4451.0,11201,0.0,15212.0,0.0,4822,6973.0,0.0,4830.0,5215.0,47190,26660,2716.0,0.0,17224.0,34665,11180.0,9430.0,14249.0,0.0
12327,21310.0,13057,2283,0.0,0.0,2428.0,28310.0,41605.0,18861.0,5062.0,43798.0,5490.0,5071,0.0,0.0,0.0,0.0,3535.0,13002.0,9131.0,4383.0,10980,0.0,15097.0,0.0,4756,6834.0,0.0,4744.0,5250.0,46700,26365,2640.0,0.0,16819.0,33969,11300.0,9269.0,14000.0,0.0
12585,21150.0,13525,2300,0.0,0.0,2330.0,27900.0,42051.0,19007.0,5024.0,43470.0,5340.0,5106,0.0,0.0,0.0,0.0,3575.0,13149.0,9139.0,4484.0,11054,0.0,15067.0,0.0,4801,7003.0,0.0,4780.0,5142.0,48479,27130,2639.0,0.0,17389.0,34240,11300.0,9290.0,14092.0,0.0
12565,21250.0,13530,2300,0.0,0.0,2325.0,27000.0,42052.0,18900.0,5100.0,40000.0,5375.0,18200,0.0,0.0,0.0,0.0,3300.0,13151.0,10480.0,4800.0,12000,0.0,13710.0,0.0,4704,7003.0,0.0,4781.0,5200.0,48000,26200,2695.0,0.0,18100.0,34251,11364.0,9346.0,14092.0,0.0
12350,20950.0,12990,2290,0.0,0.0,2290.0,27776.0,42113.0,19335.0,4994.0,43654.0,5440.0,5104,0.0,0.0,0.0,0.0,3550.0,13168.0,8998.0,4480.0,11100,0.0,14914.0,0.0,4890,7050.0,0.0,4880.0,5290.0,46011,26974,2690.0,0.0,17460.0,34030,11430.0,9405.0,14195.0,0.0
12300,21000.0,13020,2298,0.0,0.0,2300.0,27597.0,42439.0,19512.0,5085.0,44421.0,5450.0,5291,0.0,0.0,0.0,0.0,3618.0,13482.0,8979.0,4521.0,11320,0.0,15400.0,0.0,5006,7141.0,0.0,4982.0,5359.0,44284,27307,2730.0,0.0,17500.0,34725,11500.0,9585.0,14200.0,0.0
12375,21450.0,12850,2298,0.0,0.0,2320.0,27621.0,42670.0,19870.0,5222.0,44666.0,5510.0,5154,0.0,0.0,0.0,0.0,3627.0,13600.0,8923.0,4555.0,11278,0.0,15356.0,0.0,4920,7220.0,0.0,4950.0,5300.0,44000,27290,2699.0,0.0,17100.0,34490,11550.0,9600.0,14201.0,0.0
12600,21300.0,13128,2375,0.0,0.0,2400.0,28076.0,42409.0,20543.0,5260.0,44770.0,5690.0,5258,0.0,0.0,0.0,0.0,3630.0,13742.0,9107.0,4489.0,11425,0.0,15649.0,0.0,5000,7200.0,0.0,4973.0,5370.0,44131,27342,2682.0,0.0,17601.0,34590,11625.0,9590.0,14460.0,0.0
12900,21400.0,12933,2390,0.0,0.0,2406.0,27693.0,42916.0,19970.0,5315.0,44670.0,5607.0,5260,0.0,0.0,0.0,0.0,3646.0,13979.0,8931.0,4513.0,11311,0.0,15790.0,0.0,4934,7221.0,0.0,4913.0,5389.0,43388,26984,2698.0,0.0,17775.0,34322,11650.0,9640.0,14480.0,0.0
12837,21000.0,12750,2395,0.0,0.0,2380.0,27100.0,43068.0,18550.0,5220.0,44366.0,5485.0,5218,0.0,0.0,0.0,0.0,3630.0,13970.0,8810.0,4340.0,11440,0.0,15624.0,0.0,4884,7169.0,0.0,4890.0,5400.0,43167,26336,2669.0,0.0,17900.0,34330,11625.0,9809.0,14413.0,0.0
12730,20800.0,12810,2405,0.0,0.0,2375.0,27364.0,43119.0,17951.0,5269.0,44371.0,5498.0,5224,0.0,0.0,0.0,0.0,3658.0,13970.0,9020.0,4375.0,11366,0.0,15900.0,0.0,4938,7146.0,0.0,4970.0,5319.0,43000,26216,2700.0,0.0,17551.0,34619,11598.0,9850.0,14650.0,0.0
12652,20230.0,12665,2400,0.0,0.0,2374.0,26631.0,42931.0,17361.0,5216.0,44620.0,5445.0,5159,0.0,0.0,0.0,0.0,3640.0,13900.0,8808.0,4245.0,11237,0.0,16010.0,0.0,4973,7061.0,0.0,4944.0,5301.0,42300,26150,2710.0,0.0,17718.0,33800,11545.0,9575.0,14492.0,0.0
12830,20200.0,12591,2390,0.0,0.0,2344.0,26401.0,43080.0,16900.0,5081.0,44293.0,5365.0,5062,0.0,0.0,0.0,0.0,3605.0,13720.0,8767.0,4106.0,11200,0.0,16050.0,0.0,4893,7045.0,0.0,4900.0,5317.0,42393,25813,2681.0,0.0,17460.0,33600,11500.0,9329.0,14170.0,0.0
12900,20220.0,12789,2390,0.0,0.0,2355.0,26876.0,43500.0,17350.0,5222.0,44670.0,5285.0,5113,0.0,0.0,0.0,0.0,3614.0,13850.0,8865.0,4215.0,11166,0.0,15875.0,0.0,5010,7122.0,0.0,5010.0,5380.0,42900,26236,2655.0,0.0,17455.0,34116,11500.0,9345.0,14487.0,0.0
12955,20500.0,12860,2400,0.0,0.0,2413.0,26690.0,43313.0,17377.0,5292.0,44820.0,5341.0,5195,0.0,0.0,0.0,0.0,3632.0,13875.0,8788.0,4127.0,11247,0.0,15699.0,0.0,5026,7199.0,0.0,5030.0,5390.0,42310,26120,2710.0,0.0,17776.0,34043,11348.0,9280.0,14421.0,0.0
13044,21055.0,12920,2400,0.0,0.0,2400.0,26301.0,43039.0,17200.0,5255.0,44331.0,5260.0,5255,0.0,0.0,0.0,0.0,3641.0,13965.0,8662.0,4235.0,11176,0.0,15741.0,0.0,5025,7143.0,0.0,5028.0,5340.0,42871,25776,2738.0,0.0,17800.0,34225,11499.0,9075.0,14350.0,0.0
13100,21220.0,13045,2435,0.0,0.0,2449.0,25600.0,43471.0,17232.0,5099.0,45604.0,5380.0,5279,0.0,0.0,0.0,0.0,3685.0,13910.0,8583.0,4371.0,11325,0.0,15698.0,0.0,5083,7286.0,0.0,5050.0,5280.0,43000,26091,2772.0,0.0,18243.0,35123,11460.0,9005.0,14550.0,0.0
13351,21200.0,13300,2475,0.0,0.0,2472.0,25250.0,43933.0,17646.0,5159.0,45470.0,5420.0,5274,0.0,0.0,0.0,0.0,3685.0,13809.0,8448.0,4523.0,11200,0.0,15700.0,0.0,5120,7415.0,0.0,5123.0,5332.0,42200,26106,2753.0,0.0,18052.0,35148,11600.0,9184.0,14750.0,0.0
13314,21150.0,12891,2530,0.0,0.0,2443.0,25725.0,43672.0,17200.0,5206.0,45023.0,5465.0,5340,0.0,0.0,0.0,0.0,3670.0,13746.0,8727.0,4470.0,11075,0.0,15805.0,0.0,5060,7274.0,0.0,5066.0,5373.0,42350,26300,2717.0,0.0,18155.0,34681,11700.0,9345.0,14730.0,0.0
13366,21480.0,12545,2535,0.0,0.0,2415.0,26550.0,43261.0,16421.0,5156.0,44344.0,5535.0,5331,0.0,0.0,0.0,0.0,3596.0,13743.0,8881.0,4466.0,11008,0.0,15690.0,0.0,4830,7125.0,0.0,4820.0,5305.0,40750,25550,2697.0,0.0,17798.0,34040,11800.0,9315.0,14300.0,0.0
13445,21300.0,12588,2526,0.0,0.0,2450.0,27175.0,43610.0,16285.0,5110.0,44670.0,5560.0,5218,0.0,0.0,0.0,0.0,3546.0,13567.0,9122.0,4524.0,11127,0.0,15975.0,0.0,4823,7145.0,0.0,4800.0,5298.0,40811,25551,2691.0,0.0,17840.0,34000,11940.0,9220.0,14715.0,0.0
13690,21200.0,12533,2540,0.0,0.0,2510.0,27600.0,42973.0,16307.0,5180.0,44735.0,5599.0,5278,0.0,0.0,0.0,0.0,3560.0,13600.0,9179.0,4608.0,11186,0.0,15950.0,0.0,4810,7054.0,0.0,4822.0,5400.0,41200,25280,2703.0,0.0,17771.0,33825,11900.0,9360.0,15103.0,0.0
13750,21300.0,12800,2540,0.0,0.0,2520.0,27632.0,43342.0,16850.0,5194.0,44970.0,5482.0,5291,0.0,0.0,0.0,0.0,3539.0,13663.0,9199.0,4649.0,11180,0.0,16078.0,0.0,4840,7068.0,0.0,4855.0,5400.0,40850,25581,2700.0,0.0,17881.0,33800,11700.0,9296.0,15120.0,0.0
14012,21500.0,13152,2595,0.0,0.0,2590.0,28650.0,43085.0,16826.0,5300.0,45477.0,5451.0,5417,0.0,0.0,0.0,0.0,3619.0,14072.0,9518.0,4762.0,11585,0.0,16500.0,0.0,4927,7117.0,0.0,4885.0,5405.0,41690,24335,2765.0,0.0,18345.0,34000,11739.0,9370.0,15516.0,0.0
14390,21750.0,13266,2595,0.0,0.0,2656.0,28500.0,43795.0,17200.0,5405.0,46289.0,5530.0,5523,0.0,0.0,0.0,0.0,3640.0,14100.0,9506.0,4780.0,11681,0.0,16499.0,0.0,4954,7025.0,0.0,4930.0,5450.0,42547,24654,2835.0,0.0,18400.0,34775,11929.0,9541.0,15250.0,0.0
14515,21800.0,13000,2541,0.0,0.0,2566.0,28290.0,43877.0,16863.0,5380.0,44960.0,5462.0,5568,0.0,0.0,0.0,0.0,3556.0,14089.0,9428.0,4659.0,11401,0.0,16245.0,0.0,4940,7014.0,0.0,4890.0,5400.0,42500,24624,2764.0,0.0,18062.0,34453,11975.0,9600.0,14898.0,0.0
14300,22000.0,13398,2606,0.0,0.0,2605.0,27997.0,44306.0,16500.0,5350.0,46261.0,5460.0,5699,0.0,0.0,0.0,0.0,3589.0,14327.0,9429.0,4800.0,11555,0.0,16349.0,0.0,4948,7040.0,0.0,4925.0,5430.0,43005,24748,2785.0,0.0,18118.0,34977,11822.0,9695.0,15510.0,0.0
14500,22103.0,13150,2580,0.0,0.0,2600.0,28341.0,45049.0,16500.0,5399.0,46269.0,5413.0,5751,0.0,0.0,0.0,0.0,3574.0,14446.0,9592.0,4651.0,11510,0.0,16400.0,0.0,4954,7025.0,0.0,4930.0,5530.0,42236,24383,2790.0,0.0,18329.0,35556,11599.0,9650.0,15510.0,0.0
14618,22000.0,13263,2660,0.0,0.0,2600.0,27750.0,44401.0,16690.0,5465.0,46912.0,5397.0,5751,0.0,0.0,0.0,0.0,3615.0,14605.0,9559.0,4692.0,11795,0.0,16685.0,0.0,4984,7078.0,0.0,4969.0,5599.0,42601,24320,2900.0,0.0,18803.0,35539,11880.0,9700.0,15750.0,0.0
14645,21999.0,13288,2656,0.0,0.0,2607.0,28176.0,44390.0,17010.0,5525.0,47522.0,5520.0,5730,0.0,0.0,0.0,0.0,3630.0,14471.0,9724.0,4990.0,11800,0.0,16835.0,0.0,5025,7064.0,0.0,5001.0,5595.0,42998,24600,2890.0,0.0,18500.0,35673,11880.0,9731.0,15597.0,0.0
14538,21400.0,13341,2602,0.0,0.0,2610.0,27900.0,44126.0,17467.0,5519.0,47269.0,5540.0,5745,0.0,0.0,0.0,0.0,3650.0,14300.0,9547.0,4979.0,11670,0.0,16700.0,0.0,4920,7219.0,0.0,4934.0,5565.0,42771,25333,2862.0,0.0,18428.0,35682,11850.0,9706.0,15374.0,0.0
14350,21357.0,13212,2589,0.0,0.0,2585.0,27600.0,44124.0,17854.0,5507.0,47298.0,5452.0,5783,0.0,0.0,0.0,0.0,3697.0,14338.0,9618.0,4995.0,11733,0.0,16544.0,0.0,4975,7301.0,0.0,4990.0,5625.0,43200,25754,2840.0,0.0,18120.0,35080,11876.0,9797.0,15300.0,0.0
14350,21357.0,13212,2589,0.0,0.0,2585.0,27600.0,44124.0,17854.0,5507.0,47298.0,5452.0,5783,0.0,0.0,0.0,0.0,3697.0,14338.0,9618.0,4995.0,11733,0.0,16544.0,0.0,4975,7301.0,0.0,4990.0,5625.0,43200,25754,2840.0,0.0,18120.0,35080,11876.0,9797.0,15300.0,0.0
14394,21250.0,13245,2560,0.0,0.0,2607.0,28100.0,43894.0,18112.0,5638.0,46952.0,5445.0,5815,0.0,0.0,0.0,0.0,3727.0,14335.0,9911.0,5058.0,11711,0.0,16490.0,0.0,5001,7317.0,0.0,5021.0,5620.0,43300,25950,2825.0,0.0,18520.0,34488,12033.0,10016.0,15485.0,0.0
14148,21130.0,13300,2541,0.0,0.0,2610.0,28272.0,43607.0,18369.0,5586.0,45870.0,5464.0,5738,0.0,0.0,0.0,0.0,3684.0,14439.0,9873.0,5040.0,11682,0.0,16304.0,0.0,5015,7239.0,0.0,5040.0,5580.0,43125,25624,2815.0,0.0,18297.0,34226,11974.0,9900.0,15432.0,0.0
14000,21132.0,13300,2550,0.0,0.0,2579.0,28087.0,43801.0,18020.0,5650.0,46369.0,5560.0,5756,0.0,0.0,0.0,0.0,3707.0,14701.0,9857.0,5081.0,11759,0.0,16235.0,0.0,5074,7251.0,0.0,5081.0,5635.0,43188,25655,2860.0,0.0,18559.0,34390,12050.0,10050.0,15555.0,0.0
13950,21544.0,13246,2500,0.0,0.0,2550.0,27810.0,43780.0,17913.0,5621.0,47789.0,5465.0,5792,0.0,0.0,0.0,0.0,3715.0,14625.0,9845.0,5103.0,11619,0.0,16432.0,0.0,5099,7296.0,0.0,5097.0,5653.0,42850,25182,2815.0,0.0,18231.0,34618,12102.0,10088.0,15700.0,0.0
13825,21663.0,13115,2559,0.0,0.0,2500.0,28577.0,43563.0,17618.0,5650.0,49367.0,5540.0,5822,0.0,0.0,0.0,0.0,3732.0,14720.0,10010.0,5140.0,11343,0.0,16099.0,0.0,5141,7360.0,0.0,5150.0,5720.0,42600,25444,2779.0,0.0,18275.0,35375,12050.0,10100.0,15719.0,0.0
13796,22090.0,13200,2550,0.0,0.0,2490.0,28907.0,43475.0,17900.0,5466.0,49596.0,5475.0,5668,0.0,0.0,0.0,0.0,3743.0,14510.0,10080.0,5183.0,11250,0.0,15400.0,0.0,5207,7455.0,0.0,5216.0,5666.0,41400,25135,2736.0,0.0,18162.0,35369,11832.0,10040.0,15275.0,0.0
13812,21834.0,13285,2525,0.0,0.0,2488.0,28175.0,43526.0,17700.0,5572.0,49402.0,5518.0,5611,0.0,0.0,0.0,0.0,3717.0,14350.0,9867.0,5202.0,11085,0.0,15623.0,0.0,5121,7325.0,0.0,5139.0,5800.0,42002,25159,2730.0,0.0,17997.0,34972,11730.0,10069.0,15620.0,0.0
13934,22000.0,13600,2525,0.0,0.0,2505.0,28795.0,43527.0,18100.0,5624.0,49698.0,5660.0,5627,0.0,0.0,0.0,0.0,3749.0,14420.0,9809.0,5230.0,11129,0.0,15975.0,0.0,5130,7424.0,0.0,5140.0,5870.0,43000,25738,2765.0,0.0,18270.0,35300,12229.0,10100.0,15846.0,0.0
13924,22175.0,13506,2550,0.0,0.0,2550.0,28350.0,43243.0,17895.0,5557.0,49083.0,5564.0,5555,0.0,0.0,0.0,0.0,3710.0,14309.0,9764.0,5211.0,11075,0.0,16071.0,0.0,5058,7300.0,0.0,5050.0,5759.0,42900,25086,2770.0,0.0,18304.0,35200,12224.0,10171.0,15794.0,0.0
14037,22530.0,13560,2572,0.0,0.0,2716.0,28150.0,43660.0,17605.0,5667.0,48902.0,5657.0,5594,0.0,0.0,0.0,0.0,3718.0,14350.0,9882.0,5208.0,11145,0.0,16433.0,0.0,5104,7300.0,0.0,5100.0,5800.0,43956,25750,2749.0,0.0,18310.0,35715,12291.0,10342.0,15694.0,0.0
14175,22500.0,13600,2601,0.0,0.0,2850.0,28304.0,43770.0,17050.0,5945.0,48988.0,5651.0,5634,0.0,0.0,0.0,0.0,3719.0,14337.0,9684.0,5160.0,11157,0.0,16490.0,0.0,5124,7271.0,0.0,5116.0,5810.0,43900,24968,2763.0,0.0,18500.0,35614,12133.0,10330.0,15840.0,0.0
14200,22880.0,13600,2610,0.0,0.0,2750.0,27846.0,43837.0,17166.0,5905.0,49167.0,5650.0,5805,0.0,0.0,0.0,0.0,3724.0,14495.0,9568.0,5217.0,11200,0.0,16550.0,0.0,5144,7374.0,0.0,5160.0,5863.0,44030,25120,2782.0,0.0,18495.0,36072,12270.0,10400.0,15610.0,0.0
14160,22400.0,13801,2640,0.0,0.0,2650.0,26550.0,44007.0,16500.0,6035.0,49219.0,5610.0,5744,0.0,0.0,0.0,0.0,3715.0,14334.0,9305.0,5180.0,11115,0.0,16573.0,0.0,5100,7385.0,0.0,5100.0,5765.0,43600,24839,2803.0,0.0,18250.0,36109,11953.0,10441.0,15405.0,0.0
14294,21500.0,13826,2655,0.0,0.0,2715.0,26400.0,44000.0,15790.0,6075.0,49444.0,5598.0,5760,0.0,0.0,0.0,0.0,3695.0,14370.0,9260.0,5180.0,11192,0.0,17100.0,0.0,5084,7347.0,0.0,5065.0,5792.0,43000,24317,2803.0,0.0,18281.0,36265,12146.0,10534.0,15700.0,0.0
13925,20750.0,13321,2670,0.0,0.0,2659.0,26263.0,44672.0,15170.0,6030.0,48242.0,5704.0,5737,0.0,0.0,0.0,0.0,3675.0,14287.0,9148.0,5138.0,10955,0.0,16934.0,0.0,5021,7309.0,0.0,5051.0,5725.0,42000,23600,2738.0,0.0,18154.0,35900,12225.0,10570.0,15600.0,0.0
14351,20222.0,13300,2743,0.0,0.0,2700.0,26289.0,44596.0,14963.0,6000.0,48868.0,5750.0,5723,0.0,0.0,0.0,0.0,3698.0,14390.0,8891.0,5200.0,11100,0.0,16899.0,0.0,5095,7477.0,0.0,5090.0,5768.0,41894,23575,2745.0,0.0,18500.0,36273,12390.0,10698.0,15700.0,0.0
14417,20700.0,13000,2758,0.0,0.0,2725.0,26928.0,44505.0,14801.0,6069.0,48649.0,5970.0,5726,0.0,0.0,0.0,0.0,3733.0,14535.0,8941.0,5226.0,11175,0.0,16837.0,0.0,5109,7455.0,0.0,5142.0,5800.0,41300,23663,2738.0,0.0,18098.0,36915,12533.0,10850.0,15835.0,0.0
14500,21050.0,12640,2690,0.0,0.0,2765.0,26147.0,43539.0,14800.0,6140.0,48247.0,6210.0,5794,0.0,0.0,0.0,0.0,3725.0,14500.0,8888.0,5181.0,11080,0.0,16707.0,0.0,5048,7440.0,0.0,5077.0,5793.0,40500,23311,2771.0,0.0,18232.0,36350,12650.0,10774.0,15558.0,0.0
14355,20850.0,12560,2642,0.0,0.0,2885.0,26915.0,42911.0,14625.0,5943.0,48265.0,6230.0,5710,0.0,0.0,0.0,0.0,3725.0,14276.0,9147.0,5271.0,10975,0.0,16700.0,0.0,5051,7529.0,0.0,5070.0,5620.0,39909,23446,2783.0,0.0,18046.0,35352,12476.0,10760.0,15425.0,0.0
14450,20900.0,12974,2632,0.0,0.0,2990.0,27401.0,42940.0,15006.0,6051.0,48768.0,6070.0,5844,0.0,0.0,0.0,0.0,3766.0,14290.0,9415.0,5308.0,11200,0.0,16772.0,0.0,5179,7696.0,0.0,5201.0,5580.0,42000,24328,2808.0,0.0,18350.0,36550,12815.0,10900.0,15897.0,0.0
13955,20550.0,13876,2605,0.0,0.0,3105.0,28086.0,41580.0,15595.0,5873.0,48438.0,5775.0,5781,0.0,0.0,0.0,0.0,3728.0,14230.0,9538.0,5427.0,11190,0.0,16296.0,0.0,5237,7771.0,0.0,5200.0,5540.0,43000,25784,2766.0,0.0,17934.0,37410,12465.0,10807.0,15490.0,0.0
13810,21200.0,14555,2525,0.0,0.0,3350.0,27892.0,40777.0,15800.0,5610.0,47718.0,5635.0,5780,0.0,0.0,0.0,0.0,3704.0,14057.0,9328.0,5537.0,10601,0.0,15703.0,0.0,5108,7721.0,0.0,5140.0,5355.0,43600,26113,2725.0,0.0,18052.0,38366,12255.0,10700.0,15548.0,0.0
14100,20800.0,14020,2564,0.0,0.0,3093.0,28139.0,41629.0,16028.0,5739.0,47329.0,5680.0,5765,0.0,0.0,0.0,0.0,3703.0,14248.0,9250.0,5281.0,10595,0.0,16105.0,0.0,5087,7725.0,0.0,5100.0,5305.0,43510,25535,2755.0,0.0,18080.0,37750,12429.0,10669.0,15727.0,0.0
14020,20700.0,14046,2565,0.0,0.0,3130.0,28162.0,42091.0,16400.0,5780.0,48342.0,5780.0,5758,0.0,0.0,0.0,0.0,3705.0,14260.0,9038.0,5318.0,10615,0.0,15973.0,0.0,5265,7976.0,0.0,5294.0,5385.0,41750,25667,2735.0,0.0,17793.0,37646,12500.0,10810.0,15821.0,0.0
14120,20700.0,13939,2561,0.0,0.0,2990.0,28152.0,42699.0,16565.0,5919.0,49102.0,5750.0,5784,0.0,0.0,0.0,0.0,3704.0,14300.0,8887.0,5350.0,10439,0.0,16425.0,0.0,5230,8143.0,0.0,5260.0,5470.0,42740,25700,2659.0,0.0,17450.0,37479,12610.0,10920.0,15901.0,0.0
14300,20940.0,14350,2625,0.0,0.0,3170.0,29385.0,42257.0,17550.0,5791.0,50566.0,5650.0,5878,0.0,0.0,0.0,0.0,3705.0,14496.0,9279.0,5537.0,10240,0.0,15860.0,0.0,5277,8468.0,0.0,5328.0,5515.0,44200,27700,2562.0,0.0,17154.0,39450,12455.0,11066.0,15990.0,0.0
13810,20770.0,14624,2567,0.0,0.0,3156.0,29371.0,42201.0,17130.0,5810.0,49558.0,5599.0,5698,0.0,0.0,0.0,0.0,3700.0,14327.0,9196.0,5400.0,10395,0.0,15802.0,0.0,5224,8377.0,0.0,5295.0,5505.0,45063,27135,2550.0,0.0,17049.0,39802,12501.0,11222.0,16057.0,0.0
13785,20850.0,14720,2598,0.0,0.0,3100.0,29791.0,43403.0,17384.0,5975.0,49632.0,5594.0,5727,0.0,0.0,0.0,0.0,3687.0,14404.0,9328.0,5417.0,10499,0.0,16000.0,0.0,5230,8215.0,0.0,5317.0,5390.0,45500,27000,2637.0,0.0,17230.0,39000,12645.0,11151.0,16113.0,0.0
13850,21189.0,14553,2566,0.0,0.0,2992.0,30118.0,43482.0,17708.0,5900.0,49955.0,5500.0,5714,0.0,0.0,0.0,0.0,3700.0,14460.0,9674.0,5408.0,10450,0.0,15940.0,0.0,5252,8410.0,0.0,5334.0,5360.0,45499,27202,2700.0,0.0,17507.0,38163,12555.0,10885.0,16063.0,0.0
13904,21250.0,14241,2529,0.0,0.0,3009.0,30000.0,43700.0,17100.0,5900.0,50335.0,5590.0,5746,0.0,0.0,0.0,0.0,3673.0,14480.0,9701.0,5362.0,10425,0.0,16400.0,0.0,5280,8387.0,0.0,5325.0,5440.0,44900,26299,2705.0,0.0,17719.0,37500,12815.0,10609.0,16094.0,0.0
14445,21227.0,14155,2500,0.0,0.0,2801.0,30224.0,42972.0,16842.0,5977.0,50843.0,5549.0,5912,0.0,0.0,0.0,0.0,3704.0,14720.0,9416.0,5289.0,10550,0.0,16848.0,0.0,5126,8255.0,0.0,5170.0,5439.0,44079,26050,2732.0,0.0,18105.0,37002,12923.0,10598.0,16031.0,0.0
14445,21227.0,14155,2500,0.0,0.0,2801.0,30224.0,42972.0,16842.0,5977.0,50843.0,5549.0,5912,0.0,0.0,0.0,0.0,3704.0,14720.0,9416.0,5289.0,10550,0.0,16848.0,0.0,5126,8255.0,0.0,5170.0,5439.0,44079,26050,2732.0,0.0,18105.0,37002,12923.0,10598.0,16031.0,0.0
14229,20630.0,13900,2506,0.0,0.0,2890.0,29865.0,42585.0,16250.0,5923.0,50966.0,5654.0,5892,0.0,0.0,0.0,0.0,3710.0,14581.0,9278.0,5207.0,10745,0.0,16800.0,0.0,5141,8250.0,0.0,5186.0,5490.0,42900,25278,2765.0,0.0,18262.0,36163,12974.0,10395.0,16199.0,0.0
14080,20371.0,13396,2520,0.0,0.0,2989.0,28329.0,42730.0,15600.0,5946.0,48868.0,5659.0,5760,0.0,0.0,0.0,0.0,3628.0,14491.0,9062.0,5090.0,10613,0.0,17000.0,0.0,5049,8157.0,0.0,5097.0,5510.0,40302,24300,2745.0,0.0,18097.0,35983,12902.0,10258.0,16025.0,0.0
14280,21400.0,13479,2485,0.0,0.0,2955.0,28575.0,42599.0,16100.0,6002.0,51216.0,5719.0,5751,0.0,0.0,0.0,0.0,3731.0,14454.0,9210.0,5026.0,10550,0.0,17063.0,0.0,5055,8193.0,0.0,5117.0,5457.0,41800,24730,2753.0,0.0,18350.0,36550,12811.0,10320.0,15782.0,0.0
14300,22400.0,13900,2487,0.0,0.0,3002.0,29242.0,42468.0,16094.0,6079.0,51463.0,5788.0,5780,0.0,0.0,0.0,0.0,3757.0,14525.0,9394.0,5006.0,10563,0.0,16834.0,0.0,5110,8419.0,0.0,5128.0,5550.0,42800,24466,2789.0,0.0,18299.0,37229,12800.0,10210.0,16021.0,0.0
14494,21602.0,14080,2478,0.0,0.0,3000.0,29471.0,43354.0,16599.0,6080.0,52402.0,5770.0,5815,0.0,0.0,0.0,0.0,3787.0,14465.0,9526.0,5128.0,10563,0.0,16900.0,0.0,5234,8400.0,0.0,5275.0,5528.0,42425,25604,2789.0,0.0,18325.0,37682,12502.0,10239.0,16300.0,0.0
14490,21800.0,13950,2485,0.0,0.0,2929.0,28995.0,43880.0,16237.0,6201.0,52875.0,5787.0,5755,0.0,0.0,0.0,0.0,3799.0,14348.0,9339.0,5239.0,10600,0.0,17096.0,0.0,5254,8429.0,0.0,5282.0,5581.0,40800,25369,2800.0,0.0,18475.0,37990,12306.0,10349.0,15890.0,0.0
14515,22000.0,13760,2495,0.0,0.0,2950.0,28508.0,44484.0,15840.0,6365.0,53164.0,5773.0,5788,0.0,0.0,0.0,0.0,3800.0,14483.0,9295.0,5226.0,10480,0.0,17335.0,0.0,5282,8406.0,0.0,5300.0,5601.0,39500,24684,2830.0,0.0,18410.0,36805,12400.0,10300.0,15475.0,0.0
14472,22125.0,13528,2495,0.0,0.0,2915.0,28462.0,45487.0,16023.0,6250.0,53990.0,5730.0,5753,0.0,0.0,0.0,0.0,3822.0,14370.0,9201.0,5322.0,10420,0.0,17029.0,0.0,5340,8528.0,0.0,5350.0,5684.0,39425,24970,2842.0,0.0,18431.0,37005,12280.0,10155.0,15500.0,0.0
14640,22020.0,13998,2464,0.0,0.0,3090.0,29617.0,46488.0,15900.0,6098.0,53515.0,5701.0,5667,0.0,0.0,0.0,0.0,3790.0,14466.0,9460.0,5465.0,10335,0.0,16435.0,0.0,5341,8963.0,0.0,5358.0,5621.0,39800,25402,2739.0,0.0,17505.0,38220,12158.0,10188.0,15783.0,0.0
14202,21800.0,14382,2425,0.0,0.0,3153.0,30299.0,46900.0,15916.0,5750.0,53415.0,5500.0,5597,0.0,0.0,0.0,0.0,3750.0,14332.0,9590.0,5461.0,10200,0.0,15762.0,0.0,5226,9117.0,0.0,5349.0,5474.0,40300,25639,2590.0,0.0,17510.0,37509,11925.0,10099.0,15186.0,0.0
14200,21200.0,14400,2357,0.0,0.0,3175.0,30031.0,45059.0,16285.0,5920.0,52966.0,5455.0,5561,0.0,0.0,0.0,0.0,3622.0,14360.0,9534.0,5369.0,10179,0.0,16250.0,0.0,5118,9162.0,0.0,5178.0,5407.0,40511,25626,2600.0,0.0,17469.0,37247,11993.0,10050.0,15163.0,0.0
14550,21750.0,14503,2350,0.0,0.0,3100.0,29783.0,44755.0,16490.0,6100.0,53538.0,5520.0,5742,0.0,0.0,0.0,0.0,3582.0,14300.0,9395.0,5346.0,10370,0.0,16543.0,0.0,5067,9081.0,0.0,5120.0,5366.0,40000,25725,2652.0,0.0,17705.0,37450,12095.0,10025.0,15525.0,0.0
14198,21400.0,14425,2355,0.0,0.0,3100.0,30100.0,44875.0,16700.0,6330.0,52817.0,5700.0,5796,0.0,0.0,0.0,0.0,3665.0,14400.0,9488.0,5585.0,10505,0.0,16800.0,0.0,5113,9170.0,0.0,5147.0,5448.0,40500,25989,2680.0,0.0,17833.0,37638,12100.0,10190.0,15900.0,0.0
14585,21550.0,14500,2407,0.0,0.0,2974.0,29936.0,44829.0,16799.0,6395.0,53279.0,5774.0,5793,0.0,0.0,0.0,0.0,3689.0,14470.0,9384.0,5540.0,10476,0.0,16900.0,0.0,5118,9130.0,0.0,5124.0,5462.0,39956,25540,2705.0,0.0,18095.0,37882,12210.0,10241.0,15784.0,0.0
14770,20650.0,14620,2449,0.0,0.0,3040.0,29850.0,45716.0,16700.0,6440.0,53664.0,5802.0,5827,0.0,0.0,0.0,0.0,3719.0,14506.0,9324.0,5663.0,10525,0.0,17052.0,0.0,5030,9201.0,0.0,5061.0,5489.0,39800,25273,2701.0,0.0,17860.0,37930,12094.0,10300.0,15812.0,0.0
14770,20605.0,15165,2480,0.0,0.0,3046.0,30450.0,45701.0,16700.0,6690.0,54712.0,5904.0,5852,0.0,0.0,0.0,0.0,3787.0,14675.0,9483.0,5735.0,10589,0.0,17434.0,0.0,5150,9400.0,0.0,5158.0,5499.0,40150,25457,2770.0,0.0,17991.0,38250,12400.0,10330.0,15500.0,0.0
15049,20276.0,15615,2500,0.0,0.0,3100.0,30066.0,45111.0,17200.0,6619.0,54850.0,5801.0,5925,0.0,0.0,0.0,0.0,3840.0,14788.0,9372.0,5777.0,10630,0.0,17711.0,0.0,5250,9300.0,0.0,5250.0,5550.0,40900,26450,2802.0,0.0,18175.0,38335,12520.0,10239.0,15690.0,0.0
15273,20478.0,15198,2533,0.0,0.0,3110.0,28800.0,44850.0,17345.0,6608.0,53935.0,5848.0,5836,0.0,0.0,0.0,0.0,3800.0,14762.0,9114.0,5621.0,10460,0.0,17980.0,0.0,5250,9242.0,0.0,5220.0,5550.0,40185,26312,2753.0,0.0,18065.0,38000,12559.0,10257.0,15737.0,0.0
14999,19952.0,15393,2492,0.0,0.0,3100.0,28137.0,44347.0,17150.0,6539.0,54044.0,5708.0,5780,0.0,0.0,0.0,0.0,3800.0,14807.0,8976.0,5568.0,10453,0.0,17896.0,0.0,5194,9269.0,0.0,5190.0,5447.0,40167,26310,2702.0,0.0,17738.0,37989,12300.0,10356.0,15300.0,0.0
15315,19700.0,15520,2539,0.0,0.0,3100.0,28300.0,44461.0,17360.0,6684.0,54457.0,5797.0,5764,0.0,0.0,0.0,0.0,3815.0,14790.0,9161.0,5570.0,10641,0.0,18263.0,0.0,5205,9200.0,0.0,5178.0,5494.0,40610,26439,2769.0,0.0,18100.0,37680,12170.0,10850.0,15401.0,0.0
15200,19598.0,14744,2465,0.0,0.0,3086.0,28486.0,44299.0,16830.0,6601.0,54316.0,5825.0,5738,0.0,0.0,0.0,0.0,3820.0,14753.0,9214.0,5521.0,10580,0.0,18050.0,0.0,5168,9227.0,0.0,5144.0,5534.0,39650,26055,2778.0,0.0,17850.0,36900,12160.0,10596.0,15201.0,0.0
15400,19610.0,14900,2475,0.0,0.0,3130.0,28575.0,44252.0,17268.0,6570.0,55806.0,5940.0,5765,0.0,0.0,0.0,0.0,3843.0,14688.0,9257.0,5529.0,10660,0.0,18056.0,0.0,5176,9380.0,0.0,5164.0,5505.0,40000,26452,2808.0,0.0,18150.0,36800,12450.0,10750.0,15110.0,0.0
15530,19781.0,15236,2498,0.0,0.0,3161.0,28430.0,44400.0,17325.0,6445.0,56278.0,5920.0,5808,0.0,0.0,0.0,0.0,3872.0,14825.0,9244.0,5514.0,10700,0.0,17782.0,0.0,5216,9405.0,0.0,5180.0,5500.0,40100,26200,2812.0,0.0,18095.0,37138,12300.0,10526.0,15080.0,0.0
15431,19550.0,15301,2427,0.0,0.0,3250.0,28051.0,43600.0,17310.0,6411.0,55215.0,5915.0,5701,0.0,0.0,0.0,0.0,3883.0,14751.0,9120.0,5560.0,10658,0.0,17790.0,0.0,5167,9323.0,0.0,5133.0,5460.0,40750,26867,2796.0,0.0,18123.0,36919,12155.0,10692.0,15318.0,0.0
15650,19450.0,15235,2459,0.0,0.0,3215.0,28075.0,43600.0,17381.0,6488.0,55963.0,5906.0,5758,0.0,0.0,0.0,0.0,3880.0,14705.0,9064.0,5575.0,10549,0.0,18025.0,0.0,5160,9328.0,0.0,5104.0,5495.0,40137,26845,2843.0,0.0,18300.0,37777,12050.0,10850.0,15499.0,0.0
15720,19550.0,15620,2405,0.0,0.0,3216.0,27873.0,43420.0,17320.0,6600.0,56243.0,6050.0,5808,0.0,0.0,0.0,0.0,3879.0,14780.0,9038.0,5645.0,10750,0.0,18100.0,0.0,5141,9296.0,0.0,5099.0,5500.0,40400,26982,2855.0,0.0,18122.0,37160,12175.0,10940.0,15600.0,0.0
15800,19100.0,15600,2361,0.0,0.0,3260.0,28847.0,43438.0,17350.0,6540.0,56254.0,5978.0,5806,0.0,0.0,0.0,0.0,3873.0,14850.0,9420.0,5655.0,10711,0.0,17830.0,0.0,5100,9476.0,0.0,5090.0,5552.0,40300,26771,2878.0,0.0,17900.0,37000,12175.0,10930.0,15634.0,0.0
15700,19090.0,15338,2389,0.0,0.0,3274.0,29337.0,42943.0,17500.0,6660.0,55963.0,6080.0,5780,0.0,0.0,0.0,0.0,3848.0,14840.0,9603.0,5925.0,10700,0.0,17417.0,0.0,5100,9350.0,0.0,5155.0,5499.0,39800,27190,2900.0,0.0,17820.0,37000,12100.0,10922.0,15999.0,0.0
15534,19600.0,15650,2389,0.0,0.0,3260.0,28829.0,43456.0,17603.0,6720.0,56562.0,6002.0,5787,0.0,0.0,0.0,0.0,3865.0,14710.0,9505.0,5993.0,10850,0.0,17600.0,0.0,5148,9355.0,0.0,5153.0,5546.0,39750,27330,2950.0,0.0,18250.0,37299,12450.0,11200.0,16420.0,0.0
15699,19630.0,15700,2387,0.0,0.0,3220.0,28800.0,43629.0,17900.0,6775.0,56388.0,6000.0,5864,0.0,0.0,0.0,0.0,3953.0,14900.0,9530.0,5929.0,10845,0.0,18262.0,0.0,5211,9351.0,0.0,5212.0,5642.0,39755,26950,2940.0,0.0,18384.0,37120,12460.0,11150.0,16499.0,0.0
15730,19800.0,15625,2389,0.0,0.0,3240.0,28841.0,43729.0,17803.0,6899.0,56243.0,6080.0,5890,0.0,0.0,0.0,0.0,4001.0,14898.0,9442.0,5908.0,10999,0.0,17950.0,0.0,5220,9302.0,0.0,5190.0,5685.0,39910,26756,3019.0,0.0,18170.0,37240,12478.0,11084.0,16620.0,0.0
15700,20200.0,15645,2390,0.0,0.0,3295.0,30000.0,43866.0,17650.0,6860.0,54734.0,6071.0,5889,0.0,0.0,0.0,0.0,4019.0,14900.0,9889.0,5809.0,10940,0.0,17791.0,0.0,5250,9205.0,0.0,5202.0,5640.0,40000,26300,3030.0,0.0,17994.0,37400,12625.0,10994.0,16600.0,0.0
15650,20279.0,15400,2370,0.0,0.0,3290.0,28894.0,44500.0,17940.0,7000.0,54824.0,6144.0,5895,0.0,0.0,0.0,0.0,3966.0,14934.0,9823.0,5937.0,11101,0.0,17599.0,0.0,5227,9268.0,0.0,5180.0,5600.0,39701,26364,3030.0,0.0,17900.0,37355,12794.0,11000.0,16800.0,0.0
15700,20011.0,14820,2385,0.0,0.0,3200.0,29600.0,44549.0,17450.0,7065.0,54414.0,6280.0,5848,0.0,0.0,0.0,0.0,3901.0,14960.0,9764.0,5842.0,10800,0.0,18001.0,0.0,5229,9113.0,0.0,5132.0,5505.0,39190,25850,2989.0,0.0,17755.0,36800,12877.0,11090.0,16806.0,0.0
15612,20200.0,14496,2400,0.0,0.0,3160.0,29500.0,44758.0,17495.0,7150.0,54914.0,6362.0,5858,0.0,0.0,0.0,0.0,3918.0,14834.0,9758.0,6100.0,10750,0.0,18322.0,0.0,5205,9100.0,0.0,5177.0,5465.0,38306,25560,2995.0,0.0,17750.0,36650,12700.0,11639.0,16840.0,0.0
15786,20300.0,14780,2415,0.0,0.0,3152.0,29040.0,44826.0,16700.0,7225.0,55146.0,6229.0,5920,0.0,0.0,0.0,0.0,4014.0,14910.0,9610.0,6100.0,10626,0.0,18288.0,0.0,5260,8825.0,0.0,5200.0,5590.0,37750,24662,2990.0,0.0,18093.0,36600,12692.0,11875.0,17015.0,0.0
15775,20200.0,14298,2401,0.0,0.0,3272.0,28041.0,45050.0,16625.0,6980.0,55421.0,6080.0,5847,0.0,0.0,0.0,0.0,4035.0,14750.0,9348.0,6155.0,10605,0.0,18000.0,0.0,5234,8960.0,0.0,5184.0,5578.0,37001,24467,3037.0,0.0,17890.0,36814,12230.0,11870.0,16708.0,0.0
15665,19874.0,13982,2420,0.0,0.0,3213.0,27430.0,44665.0,16095.0,6975.0,54462.0,6151.0,5895,0.0,0.0,0.0,0.0,4021.0,14680.0,9138.0,6127.0,10590,0.0,18115.0,0.0,5316,9000.0,0.0,5270.0,5611.0,36302,24050,2962.0,0.0,17855.0,37100,12060.0,11891.0,16685.0,0.0
15500,20199.0,14279,2454,0.0,0.0,3250.0,27114.0,44349.0,16239.0,6850.0,54364.0,6152.0,5827,0.0,0.0,0.0,0.0,4015.0,14724.0,9133.0,6015.0,10606,0.0,18020.0,0.0,5333,8882.0,0.0,5287.0,5675.0,36995,23770,3010.0,0.0,18037.0,36800,12053.0,11651.0,16685.0,0.0
15735,20200.0,15100,2441,0.0,0.0,3286.0,27220.0,44473.0,16354.0,6906.0,53965.0,6231.0,5863,0.0,0.0,0.0,0.0,4038.0,14887.0,9235.0,6200.0,10786,0.0,18090.0,0.0,5400,8983.0,0.0,5356.0,5693.0,38399,24030,3046.0,0.0,18400.0,37617,12265.0,11676.0,16678.0,0.0
15500,20315.0,15115,2450,0.0,0.0,3300.0,27070.0,45105.0,15715.0,6700.0,54064.0,6020.0,5831,0.0,0.0,0.0,0.0,4030.0,14699.0,9190.0,6437.0,10630,0.0,17850.0,0.0,5453,8990.0,0.0,5414.0,5749.0,38867,23749,2995.0,0.0,18400.0,37900,12050.0,11884.0,16926.0,0.0
15690,20400.0,14942,2466,0.0,0.0,3340.0,27150.0,45726.0,15820.0,6834.0,54444.0,6090.0,5909,0.0,0.0,0.0,0.0,4040.0,14790.0,9192.0,6510.0,10682,0.0,18154.0,0.0,5470,9050.0,0.0,5464.0,5730.0,38253,23867,2956.0,0.0,18310.0,38200,12349.0,11906.0,16944.0,0.0
15900,20490.0,15100,2470,0.0,0.0,3386.0,27557.0,45891.0,15765.0,6832.0,54076.0,6104.0,5878,0.0,0.0,0.0,0.0,4054.0,14752.0,9346.0,6502.0,10663,0.0,18210.0,0.0,5470,9102.0,0.0,5433.0,5748.0,39000,24330,2963.0,0.0,18200.0,38568,12155.0,11990.0,16818.0,0.0
15844,20425.0,14923,2470,0.0,0.0,3420.0,27428.0,46050.0,15520.0,6954.0,53949.0,6022.0,5892,0.0,0.0,0.0,0.0,4060.0,14810.0,9240.0,6564.0,10615,0.0,18149.0,0.0,5450,9135.0,0.0,5424.0,5698.0,39586,24400,2938.0,0.0,17918.0,38368,12375.0,12101.0,16735.0,0.0
15672,20000.0,15050,2455,0.0,0.0,3465.0,27642.0,46168.0,15699.0,6961.0,53963.0,6001.0,5822,0.0,0.0,0.0,0.0,4075.0,14800.0,9383.0,6520.0,10575,0.0,18499.0,0.0,5350,9097.0,0.0,5345.0,5625.0,39740,24309,2893.0,0.0,17759.0,38230,12318.0,11968.0,16690.0,0.0
15829,19500.0,15100,2466,0.0,0.0,3564.0,27132.0,46539.0,16200.0,6990.0,53689.0,6025.0,5870,0.0,0.0,0.0,0.0,4086.0,14860.0,9272.0,6520.0,10524,0.0,18760.0,0.0,5360,9063.0,0.0,5345.0,5621.0,39329,24335,2879.0,0.0,18088.0,38342,12328.0,11900.0,16607.0,0.0
15600,19550.0,14675,2485,0.0,0.0,3499.0,26470.0,46382.0,15940.0,6820.0,53664.0,6000.0,5757,0.0,0.0,0.0,0.0,4070.0,14725.0,9040.0,6543.0,10537,0.0,18600.0,0.0,5350,8971.0,0.0,5356.0,5550.0,38600,23865,2915.0,0.0,17932.0,37550,12144.0,11700.0,16454.0,0.0
15600,19550.0,14575,2527,0.0,0.0,3456.0,27500.0,46126.0,15835.0,7025.0,54156.0,6190.0,5765,0.0,0.0,0.0,0.0,4100.0,14929.0,9557.0,6650.0,10543,0.0,18918.0,0.0,5380,9020.0,0.0,5368.0,5600.0,39028,24665,2963.0,0.0,18064.0,37979,12480.0,11928.0,16520.0,0.0
15647,19000.0,14465,2450,0.0,0.0,3500.0,27808.0,46566.0,15445.0,7089.0,54864.0,6300.0,5886,0.0,0.0,0.0,0.0,4090.0,14959.0,9698.0,6877.0,10515,0.0,19200.0,0.0,5465,9085.0,0.0,5431.0,5581.0,39125,24895,2905.0,0.0,17933.0,37465,12475.0,11900.0,16363.0,0.0
15525,18810.0,14110,2535,0.0,0.0,3465.0,27011.0,46655.0,15425.0,7085.0,54717.0,6550.0,5925,0.0,0.0,0.0,0.0,4170.0,14936.0,9295.0,6861.0,10637,0.0,18776.0,0.0,5427,9221.0,0.0,5420.0,5621.0,38883,24810,2960.0,0.0,18115.0,36950,12180.0,11800.0,16589.0,0.0
15650,18660.0,14300,2528,0.0,0.0,3490.0,26718.0,47300.0,15316.0,7100.0,54364.0,6530.0,5895,0.0,0.0,0.0,0.0,4183.0,14995.0,9130.0,6883.0,10569,0.0,19140.0,0.0,5470,9259.0,0.0,5433.0,5680.0,38997,24748,2974.0,0.0,17892.0,36670,12209.0,11708.0,16600.0,0.0
15562,18999.0,14911,2538,0.0,0.0,3525.0,26873.0,46204.0,15473.0,7190.0,55313.0,6550.0,5948,0.0,0.0,0.0,0.0,4150.0,15117.0,8959.0,6810.0,10801,0.0,19420.0,0.0,5459,9200.0,0.0,5438.0,5700.0,40000,25343,3036.0,0.0,17999.0,36728,12325.0,11664.0,16585.0,0.0
15459,18950.0,15201,2550,0.0,0.0,3530.0,26291.0,45850.0,15983.0,7200.0,55163.0,6700.0,6002,0.0,0.0,0.0,0.0,4245.0,15180.0,8763.0,6839.0,10852,0.0,19600.0,0.0,5550,9153.0,0.0,5500.0,5700.0,41400,25403,3026.0,0.0,18086.0,37100,12205.0,11799.0,16570.0,0.0
15514,18900.0,15107,2550,0.0,0.0,3525.0,26223.0,45610.0,15580.0,7280.0,54763.0,6700.0,6012,0.0,0.0,0.0,0.0,4213.0,15060.0,8618.0,6782.0,10805,0.0,19400.0,0.0,5560,9072.0,0.0,5500.0,5740.0,41600,25225,3036.0,0.0,18050.0,36500,12200.0,11849.0,16806.0,0.0
15659,18576.0,15681,2556,0.0,0.0,3530.0,26798.0,45959.0,15450.0,7240.0,53969.0,6750.0,6137,0.0,0.0,0.0,0.0,4231.0,15150.0,8906.0,6827.0,10712,0.0,19623.0,0.0,5485,9074.0,0.0,5410.0,5817.0,42106,25348,3080.0,0.0,17896.0,36500,12180.0,11732.0,17000.0,0.0
15680,18480.0,15796,2579,0.0,0.0,3545.0,26504.0,45590.0,15599.0,7163.0,55339.0,6576.0,6081,0.0,0.0,0.0,0.0,4331.0,15230.0,8725.0,6863.0,10898,0.0,19850.0,0.0,5588,9050.0,0.0,5525.0,5884.0,41800,25621,3058.0,0.0,17725.0,36920,12348.0,11799.0,16619.0,0.0
15748,18700.0,16300,2574,0.0,0.0,3659.0,26302.0,45512.0,15961.0,7202.0,54865.0,6600.0,6088,0.0,0.0,0.0,0.0,4341.0,15400.0,8825.0,6820.0,10970,0.0,19997.0,0.0,5631,9050.0,0.0,5635.0,5925.0,43405,26450,3039.0,0.0,17800.0,36940,12266.0,11750.0,16636.0,0.0
15749,18560.0,16290,2572,0.0,0.0,3645.0,26280.0,45329.0,15950.0,7196.0,54594.0,6580.0,6102,0.0,0.0,0.0,0.0,4278.0,15490.0,8921.0,6710.0,11125,0.0,19900.0,0.0,5722,9243.0,0.0,5710.0,5933.0,42900,25899,3008.0,0.0,18000.0,36189,12519.0,11721.0,16680.0,0.0
15883,18660.0,15598,2575,0.0,0.0,3570.0,25892.0,45580.0,15767.0,7167.0,54668.0,6570.0,6037,0.0,0.0,0.0,0.0,4247.0,15462.0,8888.0,6771.0,11408,0.0,20105.0,0.0,5686,9247.0,0.0,5653.0,5900.0,42539,25508,2970.0,0.0,18400.0,35800,12600.0,11876.0,16700.0,0.0
15883,18660.0,15598,2575,0.0,0.0,3570.0,25892.0,45580.0,15767.0,7167.0,54668.0,6570.0,6037,0.0,0.0,0.0,0.0,4247.0,15462.0,8888.0,6771.0,11408,0.0,20105.0,0.0,5686,9247.0,0.0,5653.0,5900.0,42539,25508,2970.0,0.0,18400.0,35800,12600.0,11876.0,16700.0,0.0
16700,18700.0,15900,2599,0.0,0.0,3535.0,26289.0,44465.0,16168.0,7000.0,53883.0,6507.0,6046,0.0,0.0,0.0,0.0,4306.0,15670.0,8800.0,6693.0,11515,0.0,19880.0,0.0,5635,9213.0,0.0,5618.0,6000.0,43100,26050,3007.0,0.0,18400.0,35760,12658.0,11850.0,16915.0,0.0
16677,18850.0,16349,2553,0.0,0.0,3810.0,26100.0,43394.0,16699.0,7000.0,53763.0,6456.0,6060,0.0,0.0,0.0,0.0,4451.0,15680.0,8857.0,6740.0,11699,0.0,19819.0,0.0,5805,9197.0,0.0,5736.0,6030.0,44092,26156,3035.0,0.0,18800.0,35605,12737.0,12225.0,17319.0,0.0
16642,18544.0,16510,2580,0.0,0.0,3780.0,25732.0,43200.0,16692.0,7122.0,53435.0,6472.0,6015,0.0,0.0,0.0,0.0,4510.0,15804.0,8705.0,6744.0,11927,0.0,20180.0,0.0,5905,9276.0,0.0,5845.0,6020.0,43820,26122,3133.0,0.0,18800.0,35675,12398.0,12300.0,17399.0,0.0
16605,19078.0,16318,2532,0.0,0.0,3725.0,25700.0,43532.0,16875.0,7020.0,53065.0,6535.0,5990,0.0,0.0,0.0,0.0,4510.0,15727.0,8800.0,6701.0,11939,0.0,20159.0,0.0,5773,9296.0,0.0,5780.0,6040.0,44399,26039,3066.0,0.0,18817.0,35995,12450.0,12350.0,17591.0,0.0
16650,19318.0,16200,2495,0.0,0.0,3736.0,25920.0,43220.0,16801.0,7051.0,53265.0,6478.0,6013,0.0,0.0,0.0,0.0,4490.0,15788.0,8950.0,6740.0,11854,0.0,20125.0,0.0,5750,9290.0,0.0,5740.0,6112.0,44006,26100,3067.0,0.0,19080.0,36150,12556.0,12350.0,17550.0,0.0
16650,19318.0,16200,2495,0.0,0.0,3736.0,25920.0,43220.0,16801.0,7051.0,53265.0,6478.0,6013,0.0,0.0,0.0,0.0,4490.0,15788.0,8950.0,6740.0,11854,0.0,20125.0,0.0,5750,9290.0,0.0,5740.0,6112.0,44006,26100,3067.0,0.0,19080.0,36150,12556.0,12350.0,17550.0,0.0
16650,19318.0,16200,2495,0.0,0.0,3736.0,25920.0,43220.0,16801.0,7051.0,53265.0,6478.0,6013,0.0,0.0,0.0,0.0,4490.0,15788.0,8950.0,6740.0,11854,0.0,20125.0,0.0,5750,9290.0,0.0,5740.0,6112.0,44006,26100,3067.0,0.0,19080.0,36150,12556.0,12350.0,17550.0,0.0
16650,19249.0,16600,2479,0.0,0.0,3790.0,26100.0,43025.0,17077.0,7200.0,53664.0,6500.0,6118,0.0,0.0,0.0,0.0,4545.0,15830.0,9002.0,6636.0,12030,0.0,20590.0,0.0,5885,9284.0,0.0,5818.0,6138.0,44727,26440,3100.0,0.0,18964.0,36336,12827.0,12489.0,17802.0,0.0
16904,19168.0,16600,2470,0.0,0.0,3802.0,26412.0,42852.0,17100.0,7126.0,54317.0,6465.0,6144,0.0,0.0,0.0,0.0,4529.0,15905.0,9152.0,6650.0,11900,0.0,20575.0,0.0,5850,9159.0,0.0,5787.0,6212.0,44700,26195,3095.0,0.0,18788.0,36325,12800.0,12474.0,17828.0,0.0
16900,18300.0,16770,2450,0.0,0.0,3800.0,26234.0,42822.0,16900.0,7100.0,54284.0,6491.0,6046,0.0,0.0,0.0,0.0,4477.0,15920.0,9130.0,6650.0,11888,0.0,20450.0,0.0,5880,9120.0,0.0,5832.0,6219.0,44633,25958,3100.0,0.0,18800.0,36280,13185.0,12400.0,17760.0,0.0
16900,18300.0,16770,2450,0.0,0.0,3800.0,26234.0,42822.0,16900.0,7100.0,54284.0,6491.0,6046,0.0,0.0,0.0,0.0,4477.0,15920.0,9130.0,6650.0,11888,0.0,20450.0,0.0,5880,9120.0,0.0,5832.0,6219.0,44633,25958,3100.0,0.0,18800.0,36280,13185.0,12400.0,17760.0,0.0
17176,18720.0,16980,2480,0.0,0.0,3801.0,27009.0,43149.0,17440.0,7015.0,55063.0,6595.0,6228,0.0,0.0,0.0,0.0,4545.0,16180.0,9362.0,6790.0,11943,0.0,20493.0,0.0,6007,9432.0,0.0,5960.0,6233.0,46212,27742,3127.0,0.0,18975.0,36800,12900.0,12620.0,17699.0,0.0
17585,18750.0,16700,2470,0.0,0.0,3897.0,26905.0,43343.0,17692.0,7080.0,55586.0,6625.0,6291,0.0,0.0,0.0,0.0,4549.0,16351.0,9375.0,6955.0,11975,0.0,20637.0,0.0,6065,9580.0,0.0,6000.0,6200.0,46450,27650,3140.0,0.0,18947.0,37026,13100.0,12920.0,17675.0,0.0
17507,18750.0,16500,2510,0.0,0.0,3942.0,26000.0,44099.0,17680.0,7224.0,55063.0,6700.0,6228,0.0,0.0,0.0,0.0,4598.0,16735.0,9087.0,6997.0,11993,0.0,20550.0,0.0,6054,9633.0,0.0,6002.0,6156.0,46424,27653,3157.0,0.0,18832.0,37017,13194.0,12960.0,18045.0,0.0
17255,18970.0,16285,2527,0.0,0.0,3876.0,25830.0,44330.0,17673.0,7122.0,54864.0,6690.0,6169,0.0,0.0,0.0,0.0,4609.0,16739.0,9142.0,6872.0,11960,0.0,20561.0,0.0,6085,9620.0,0.0,6053.0,6065.0,46500,27675,3211.0,0.0,19025.0,37086,13200.0,12775.0,17831.0,0.0
17273,19453.0,16600,2555,0.0,0.0,3800.0,25100.0,43995.0,17758.0,7186.0,54493.0,6588.0,6106,0.0,0.0,0.0,0.0,4631.0,16505.0,8965.0,6903.0,11967,0.0,20399.0,0.0,6081,9608.0,0.0,6052.0,6090.0,46500,28110,3216.0,0.0,18977.0,37270,12984.0,12676.0,18048.0,0.0
17350,19850.0,17124,2521,0.0,0.0,3804.0,24950.0,44048.0,17500.0,7175.0,54014.0,6581.0,6116,0.0,0.0,0.0,0.0,4721.0,16838.0,9045.0,7162.0,11870,0.0,20100.0,0.0,6074,9622.0,0.0,6009.0,6205.0,47700,28064,3198.0,0.0,19024.0,37400,12801.0,12300.0,18100.0,0.0
17200,20000.0,17500,2500,0.0,0.0,3820.0,24740.0,44023.0,17505.0,7183.0,54169.0,6591.0,6158,0.0,0.0,0.0,0.0,4684.0,16730.0,9130.0,7181.0,11853,0.0,20010.0,0.0,6100,9700.0,0.0,6063.0,6154.0,50050,28717,3164.0,0.0,19179.0,37000,12710.0,12173.0,17662.0,0.0
17041,20190.0,17250,2511,0.0,0.0,3700.0,25288.0,44338.0,17270.0,6998.0,53857.0,6500.0,6059,0.0,0.0,0.0,0.0,4675.0,16750.0,9240.0,7275.0,11750,0.0,19985.0,0.0,6230,9740.0,0.0,6219.0,6187.0,50010,28620,3175.0,0.0,19567.0,37051,12680.0,12200.0,17586.0,0.0
16729,20390.0,16970,2520,0.0,0.0,3698.0,25539.0,44135.0,17300.0,6635.0,53413.0,6200.0,6061,0.0,0.0,0.0,0.0,4702.0,16700.0,9328.0,7295.0,11915,0.0,18800.0,0.0,6376,9765.0,0.0,6307.0,6248.0,49101,28601,3170.0,0.0,19600.0,37300,12301.0,12134.0,17576.0,0.0
16397,20080.0,17250,2545,0.0,0.0,3665.0,25743.0,44616.0,17050.0,6349.0,54153.0,5975.0,5996,0.0,0.0,0.0,0.0,4606.0,16437.0,9415.0,7408.0,11850,0.0,18280.0,0.0,6314,9825.0,0.0,6323.0,6181.0,48700,27540,3089.0,0.0,19199.0,36999,12030.0,12142.0,17278.0,0.0
16400,19600.0,16670,2552,0.0,0.0,3661.0,26099.0,44850.0,16900.0,6390.0,54989.0,5911.0,5911,0.0,0.0,0.0,0.0,4641.0,16600.0,9403.0,7535.0,11740,0.0,18250.0,0.0,6305,9943.0,0.0,6330.0,6279.0,45820,26979,3180.0,0.0,19150.0,36405,12125.0,12148.0,17580.0,0.0
16400,19500.0,16890,2600,0.0,0.0,3625.0,25544.0,44297.0,16857.0,6387.0,55203.0,5901.0,5974,0.0,0.0,0.0,0.0,4703.0,16808.0,9271.0,7601.0,11880,0.0,18601.0,0.0,6316,10029.0,0.0,6323.0,6250.0,44700,26481,3250.0,0.0,19335.0,36389,12180.0,12567.0,17580.0,0.0
16484,19885.0,16960,2598,0.0,0.0,3700.0,25952.0,44906.0,16925.0,6418.0,54871.0,6000.0,6116,0.0,0.0,0.0,0.0,4710.0,16680.0,9500.0,7541.0,11712,0.0,18300.0,0.0,6400,10044.0,0.0,6432.0,6454.0,44512,26900,3300.0,0.0,19242.0,36963,12014.0,12700.0,17657.0,0.0
16662,19750.0,16905,2580,0.0,0.0,3600.0,26146.0,45280.0,16749.0,6496.0,54764.0,5820.0,6029,0.0,0.0,0.0,0.0,4728.0,16662.0,9416.0,7085.0,11927,0.0,18000.0,0.0,6450,10154.0,0.0,6500.0,6362.0,43848,26880,3309.0,0.0,19338.0,37000,11900.0,12479.0,17850.0,0.0
16466,19837.0,17058,2580,0.0,0.0,3570.0,25952.0,45025.0,17000.0,6379.0,54234.0,5795.0,5996,0.0,0.0,0.0,0.0,4700.0,16535.0,9478.0,7100.0,11864,0.0,17600.0,0.0,6427,10063.0,0.0,6460.0,6395.0,44000,26734,3300.0,0.0,19079.0,36651,12001.0,12506.0,17849.0,0.0
16430,20010.0,16670,2560,0.0,0.0,3587.0,26391.0,45550.0,17069.0,6434.0,55741.0,5800.0,6017,0.0,0.0,0.0,0.0,4690.0,16380.0,9618.0,7244.0,11783,0.0,17650.0,0.0,6345,10150.0,0.0,6404.0,6413.0,43489,26675,3261.0,0.0,18900.0,37500,11911.0,12441.0,17570.0,0.0
16500,20100.0,16700,2535,0.0,0.0,3630.0,26180.0,46448.0,17099.0,6440.0,57225.0,5938.0,6144,0.0,0.0,0.0,0.0,4712.0,16670.0,9667.0,7462.0,11695,0.0,17700.0,0.0,6375,10195.0,0.0,6490.0,6500.0,43600,26914,3248.0,0.0,19130.0,37837,12174.0,12480.0,17847.0,0.0
16426,20102.0,16575,2590,0.0,0.0,3650.0,25140.0,45900.0,16948.0,6589.0,57630.0,5960.0,6172,0.0,0.0,0.0,0.0,4705.0,16670.0,9416.0,7466.0,11721,0.0,18200.0,0.0,6520,10300.0,0.0,6524.0,6629.0,43900,26640,3305.0,0.0,19542.0,37951,12195.0,12642.0,17650.0,0.0
16490,20000.0,16544,2560,0.0,0.0,3600.0,24809.0,46500.0,17100.0,6490.0,56472.0,6003.0,6144,0.0,0.0,0.0,0.0,4745.0,16625.0,9433.0,7539.0,11875,0.0,18000.0,0.0,6490,10400.0,0.0,6573.0,6749.0,43994,26727,3289.0,0.0,19700.0,37966,12079.0,12590.0,17503.0,0.0
16496,19605.0,16489,2523,0.0,0.0,3600.0,24979.0,46646.0,17242.0,6490.0,56995.0,5924.0,6144,0.0,0.0,0.0,0.0,4735.0,16670.0,9293.0,7457.0,11735,0.0,17701.0,0.0,6605,10505.0,0.0,6695.0,6642.0,44400,27301,3333.0,0.0,19600.0,38120,12080.0,12352.0,17520.0,0.0
16200,19700.0,16397,2475,0.0,0.0,3610.0,25200.0,46552.0,17315.0,6244.0,56413.0,5931.0,6088,0.0,0.0,0.0,0.0,4641.0,16577.0,9317.0,7440.0,11625,0.0,16950.0,0.0,6637,10521.0,0.0,6706.0,6552.0,44321,27035,3296.0,0.0,19000.0,38100,11800.0,12171.0,17350.0,0.0
16483,19200.0,16239,2519,0.0,0.0,3686.0,24900.0,46416.0,17602.0,6360.0,57845.0,6000.0,6000,0.0,0.0,0.0,0.0,4554.0,16331.0,9131.0,7410.0,11667,0.0,16850.0,0.0,6459,10600.0,0.0,6530.0,6624.0,43800,26900,3225.0,0.0,19476.0,38727,11764.0,12477.0,17510.0,0.0
16340,19397.0,16717,2500,0.0,0.0,3849.0,25312.0,46540.0,17699.0,6468.0,57772.0,6000.0,6057,0.0,0.0,0.0,0.0,4499.0,16500.0,9328.0,7502.0,11650,0.0,17100.0,0.0,6568,10705.0,0.0,6617.0,6500.0,44809,27150,3185.0,0.0,19132.0,38561,11789.0,12350.0,17594.0,0.0
16210,19000.0,16900,2515,0.0,0.0,3935.0,25998.0,46167.0,17478.0,6490.0,58911.0,5900.0,6078,0.0,0.0,0.0,0.0,4419.0,16408.0,9504.0,7456.0,11726,0.0,16925.0,0.0,6604,10710.0,0.0,6610.0,6400.0,44755,27051,3119.0,0.0,18850.0,38735,11830.0,12134.0,17871.0,0.0
16700,19167.0,16395,2574,0.0,0.0,3980.0,25610.0,45900.0,17349.0,6580.0,58938.0,5975.0,6088,0.0,0.0,0.0,0.0,4405.0,16654.0,9405.0,7373.0,11944,0.0,17397.0,0.0,6597,10626.0,0.0,6605.0,6332.0,44997,27039,3170.0,0.0,19190.0,38902,11670.0,12135.0,18367.0,0.0
16598,19300.0,16379,2530,0.0,0.0,4000.0,25635.0,45976.0,17390.0,6575.0,59211.0,6031.0,6160,0.0,0.0,0.0,0.0,4360.0,16595.0,9282.0,7377.0,11652,0.0,17650.0,0.0,6625,10680.0,0.0,6650.0,6335.0,46200,27132,3178.0,0.0,18900.0,38741,11780.0,11620.0,17815.0,0.0
16627,19450.0,16386,2537,0.0,0.0,4000.0,25505.0,45410.0,17605.0,6700.0,59860.0,6043.0,6242,0.0,0.0,0.0,0.0,4399.0,16650.0,9208.0,7220.0,11895,0.0,18000.0,0.0,6689,10740.0,0.0,6690.0,6326.0,47000,27313,3181.0,0.0,19167.0,38930,11819.0,11700.0,17714.0,0.0
16668,19280.0,16516,2541,0.0,0.0,3990.0,25566.0,45890.0,17573.0,6722.0,59860.0,6100.0,6299,0.0,0.0,0.0,0.0,4398.0,16708.0,9310.0,7209.0,11875,0.0,18120.0,0.0,6759,10819.0,0.0,6750.0,6335.0,48200,27900,3178.0,0.0,19012.0,39741,11790.0,11702.0,17800.0,0.0
16730,19250.0,16350,2568,0.0,0.0,3925.0,25185.0,46268.0,17646.0,6770.0,60001.0,6135.0,6299,0.0,0.0,0.0,0.0,4371.0,16800.0,9150.0,7111.0,11780,0.0,18086.0,0.0,6850,10900.0,0.0,6850.0,6315.0,47000,27680,3180.0,0.0,19489.0,40162,11675.0,11650.0,17822.0,0.0
16300,18950.0,16200,2575,0.0,0.0,3895.0,25400.0,46400.0,17600.0,6720.0,59960.0,6090.0,6313,0.0,0.0,0.0,0.0,4320.0,16633.0,9125.0,7164.0,11760,0.0,17600.0,0.0,6736,11110.0,0.0,6805.0,6458.0,46999,27570,3170.0,0.0,19206.0,40300,11560.0,11655.0,17700.0,0.0
16164,19000.0,16613,2586,0.0,0.0,3900.0,25800.0,46177.0,17952.0,6715.0,59960.0,6025.0,6352,0.0,0.0,0.0,0.0,4294.0,16538.0,9204.0,7254.0,11880,0.0,17625.0,0.0,6850,11219.0,0.0,6865.0,6441.0,47200,27905,3160.0,0.0,19080.0,39750,11650.0,11643.0,17445.0,0.0
15838,18950.0,16100,2586,0.0,0.0,3975.0,25466.0,46239.0,18096.0,6540.0,59720.0,5957.0,6355,0.0,0.0,0.0,0.0,4300.0,16562.0,9026.0,7222.0,11951,0.0,17210.0,0.0,6770,11225.0,0.0,6760.0,6485.0,46750,27532,3149.0,0.0,18945.0,39838,11600.0,11501.0,17848.0,0.0
16100,19000.0,15100,2585,0.0,0.0,4022.0,24150.0,45931.0,18000.0,6656.0,59889.0,5983.0,6355,0.0,0.0,0.0,0.0,4309.0,16599.0,8539.0,7267.0,11820,0.0,17499.0,0.0,6786,11270.0,0.0,6791.0,6562.0,46550,28050,3095.0,0.0,18935.0,39700,11570.0,11349.0,18040.0,0.0
16234,18800.0,14725,2620,0.0,0.0,3939.0,24199.0,46039.0,17980.0,6700.0,59361.0,5898.0,6355,0.0,0.0,0.0,0.0,4398.0,16700.0,8300.0,7215.0,11845,0.0,17799.0,0.0,6798,11300.0,0.0,6799.0,6530.0,44294,27460,3103.0,0.0,18970.0,39515,11360.0,11319.0,17750.0,0.0
16465,18764.0,14559,2667,0.0,0.0,3910.0,24090.0,46464.0,18200.0,6615.0,59860.0,5793.0,6492,0.0,0.0,0.0,0.0,4390.0,16900.0,8312.0,7374.0,11899,0.0,17250.0,0.0,6770,11460.0,0.0,6819.0,6540.0,44700,27402,3135.0,0.0,19100.0,39676,11210.0,11500.0,17726.0,0.0
16265,19000.0,14548,2588,0.0,0.0,3864.0,23220.0,46894.0,17819.0,6619.0,59461.0,5831.0,6537,0.0,0.0,0.0,0.0,4455.0,16850.0,8064.0,7378.0,11951,0.0,17650.0,0.0,6700,11425.0,0.0,6750.0,6540.0,44199,26848,3110.0,0.0,19068.0,39286,11040.0,11700.0,17908.0,0.0
16450,18817.0,13700,2545,0.0,0.0,3785.0,22302.0,46417.0,17399.0,6600.0,59251.0,5850.0,6558,0.0,0.0,0.0,0.0,4400.0,16790.0,7790.0,7115.0,11900,0.0,17599.0,0.0,6520,11356.0,0.0,6539.0,6748.0,42800,26084,3077.0,0.0,18700.0,38263,10950.0,11775.0,17648.0,0.0
16380,18847.0,13900,2564,0.0,0.0,3822.0,22369.0,46691.0,17210.0,6640.0,58136.0,5842.0,6635,0.0,0.0,0.0,0.0,4385.0,16750.0,7800.0,7061.0,11790,0.0,17921.0,0.0,6625,11600.0,0.0,6626.0,6860.0,42800,26369,3050.0,0.0,18800.0,38800,10860.0,11650.0,17549.0,0.0
16419,19030.0,14100,2582,0.0,0.0,3918.0,22390.0,45820.0,17280.0,6880.0,58761.0,5922.0,6895,0.0,0.0,0.0,0.0,4455.0,16881.0,7765.0,7066.0,11825,0.0,18069.0,0.0,6575,11432.0,0.0,6617.0,7010.0,42895,26694,3073.0,0.0,18950.0,39146,10909.0,11742.0,17766.0,0.0
16279,18800.0,14233,2620,0.0,0.0,3920.0,22426.0,46148.0,17260.0,6916.0,58489.0,5950.0,6711,0.0,0.0,0.0,0.0,4465.0,16902.0,7771.0,6989.0,11716,0.0,17927.0,0.0,6500,11200.0,0.0,6520.0,7070.0,42500,26236,3030.0,0.0,18995.0,38760,10950.0,11898.0,17671.0,0.0
16054,18849.0,14086,2620,0.0,0.0,3862.0,22330.0,45872.0,17048.0,6700.0,57912.0,5878.0,6621,0.0,0.0,0.0,0.0,4415.0,16750.0,7624.0,6972.0,11525,0.0,17578.0,0.0,6389,11267.0,0.0,6404.0,7258.0,41845,25999,2992.0,0.0,19047.0,37995,10950.0,11688.0,17559.0,0.0
16318,18800.0,13900,2735,0.0,0.0,3918.0,22041.0,46509.0,17185.0,6464.0,58243.0,5925.0,6681,0.0,0.0,0.0,0.0,4528.0,17000.0,7643.0,7195.0,11649,0.0,17190.0,0.0,6401,11430.0,0.0,6511.0,7510.0,42500,26030,3085.0,0.0,19269.0,38387,10920.0,11915.0,17559.0,0.0
16700,19000.0,13900,2680,0.0,0.0,3800.0,21775.0,47610.0,17243.0,6655.0,60260.0,6000.0,6745,0.0,0.0,0.0,0.0,4650.0,16980.0,7450.0,7225.0,11810,0.0,17095.0,0.0,6541,11510.0,0.0,6560.0,7751.0,42747,25790,3140.0,0.0,19455.0,39437,10899.0,12280.0,18125.0,0.0
17069,18590.0,13200,2680,0.0,0.0,3814.0,21745.0,48707.0,16900.0,6600.0,61204.0,5898.0,6739,0.0,0.0,0.0,0.0,4634.0,17050.0,7268.0,7160.0,11559,0.0,16799.0,0.0,6550,11580.0,0.0,6592.0,7496.0,41680,25429,3083.0,0.0,19160.0,39400,10911.0,11900.0,17566.0,0.0
17750,19350.0,13699,2740,0.0,0.0,3884.0,21527.0,49050.0,17278.0,6850.0,61358.0,5925.0,6761,0.0,0.0,0.0,0.0,4731.0,17300.0,7275.0,7393.0,11835,0.0,17398.0,0.0,6655,11845.0,0.0,6710.0,7500.0,42400,25800,3220.0,0.0,19274.0,40179,11148.0,11900.0,17960.0,0.0
18599,19500.0,13461,2780,0.0,0.0,3864.0,21070.0,48263.0,17000.0,6920.0,62159.0,5994.0,6860,0.0,0.0,0.0,0.0,4770.0,17550.0,6945.0,7300.0,11650,0.0,17412.0,0.0,6758,11975.0,0.0,6795.0,7570.0,41000,25389,3126.0,0.0,19500.0,39838,11306.0,11850.0,17733.0,0.0
18700,19400.0,13399,2765,0.0,0.0,3875.0,22407.0,48373.0,16888.0,7008.0,62568.0,5845.0,6874,0.0,0.0,0.0,0.0,4790.0,17450.0,7472.0,7449.0,11551,0.0,17575.0,0.0,6815,12140.0,0.0,6847.0,7722.0,41050,25770,3133.0,0.0,19592.0,39848,11120.0,11736.0,17540.0,0.0
19350,19550.0,13600,2756,0.0,0.0,3895.0,22355.0,48493.0,16684.0,7154.0,63939.0,5900.0,6823,0.0,0.0,0.0,0.0,4825.0,17750.0,7250.0,7400.0,11770,0.0,17650.0,0.0,6905,12124.0,0.0,6900.0,7600.0,41551,25253,3145.0,0.0,19850.0,40300,11345.0,11904.0,17577.0,0.0
19551,19800.0,13750,2750,0.0,0.0,3855.0,22646.0,48106.0,16990.0,7200.0,63702.0,6239.0,6786,0.0,0.0,0.0,0.0,4861.0,17920.0,7260.0,7455.0,11900,0.0,17400.0,0.0,6989,12036.0,0.0,7000.0,7600.0,41749,25319,3134.0,0.0,20108.0,40750,11173.0,11900.0,17715.0,0.0
19557,19800.0,13690,2747,0.0,0.0,3826.0,23025.0,47994.0,16581.0,7145.0,62479.0,6150.0,6829,0.0,0.0,0.0,0.0,4812.0,17890.0,7345.0,7526.0,11760,0.0,17364.0,0.0,6965,12120.0,0.0,6936.0,7620.0,42388,25672,3086.0,0.0,19859.0,41322,11104.0,11670.0,17500.0,0.0
19505,19769.0,13375,2746,0.0,0.0,3825.0,23121.0,48343.0,16405.0,6995.0,63448.0,6117.0,6677,0.0,0.0,0.0,0.0,4785.0,17816.0,7418.0,7683.0,11452,0.0,17350.0,0.0,6909,12099.0,0.0,6915.0,7819.0,41767,25600,3022.0,0.0,19433.0,41429,11124.0,11399.0,17353.0,0.0
19810,19800.0,13445,2670,0.0,0.0,3900.0,22739.0,48207.0,16457.0,7019.0,62418.0,6080.0,6705,0.0,0.0,0.0,0.0,4780.0,17930.0,7261.0,7740.0,11625,0.0,17565.0,0.0,6880,12175.0,0.0,6898.0,7900.0,41000,25749,3058.0,0.0,19320.0,41333,11136.0,11290.0,17526.0,0.0
19602,19499.0,13875,2630,0.0,0.0,3920.0,22860.0,48499.0,16525.0,6900.0,61310.0,6080.0,6707,0.0,0.0,0.0,0.0,4687.0,17746.0,7433.0,7737.0,11375,0.0,17500.0,0.0,6807,12165.0,0.0,6782.0,7641.0,40855,25950,3023.0,0.0,19254.0,41740,11595.0,11091.0,17105.0,0.0
19500,19460.0,13750,2630,0.0,0.0,3910.0,22572.0,48350.0,16425.0,6868.0,60680.0,5976.0,6607,0.0,0.0,0.0,0.0,4738.0,17440.0,7451.0,7705.0,11370,0.0,17511.0,0.0,6745,12056.0,0.0,6653.0,7600.0,40500,25540,3061.0,0.0,19457.0,41400,11563.0,11008.0,17190.0,0.0
19365,19700.0,13740,2616,0.0,0.0,3900.0,22325.0,49008.0,16010.0,7020.0,58601.0,5919.0,6628,0.0,0.0,0.0,0.0,4718.0,17417.0,7446.0,7485.0,11624,0.0,17800.0,0.0,6715,12170.0,0.0,6636.0,7700.0,39867,25189,3106.0,0.0,19543.0,41400,11515.0,11050.0,17350.0,0.0
18722,19860.0,13645,2627,0.0,0.0,3931.0,22109.0,49420.0,15987.0,7106.0,59548.0,5950.0,6804,0.0,0.0,0.0,0.0,4655.0,17567.0,7412.0,7506.0,11689,0.0,17790.0,0.0,6769,12360.0,0.0,6701.0,7790.0,39300,24929,3132.0,0.0,19350.0,41125,11445.0,11153.0,17548.0,0.0
18722,19860.0,13645,2627,0.0,0.0,3931.0,22109.0,49420.0,15987.0,7106.0,59548.0,5950.0,6804,0.0,0.0,0.0,0.0,4655.0,17567.0,7412.0,7506.0,11689,0.0,17790.0,0.0,6769,12360.0,0.0,6701.0,7790.0,39300,24929,3132.0,0.0,19350.0,41125,11445.0,11153.0,17548.0,0.0
18700,20200.0,13388,2635,0.0,0.0,3950.0,22370.0,50070.0,16011.0,6990.0,56987.0,5900.0,6653,0.0,0.0,0.0,0.0,4650.0,17985.0,7451.0,7265.0,11685,0.0,17725.0,0.0,6725,12438.0,0.0,6680.0,7925.0,39400,24696,3199.0,0.0,19220.0,41700,11530.0,11130.0,16250.0,0.0
18917,20175.0,13477,2680,0.0,0.0,3920.0,22037.0,49655.0,16199.0,7057.0,56113.0,5950.0,6888,0.0,0.0,0.0,0.0,4696.0,18150.0,7193.0,7271.0,11806,0.0,17950.0,0.0,6615,12582.0,0.0,6560.0,7935.0,39500,24221,3230.0,0.0,19280.0,41600,11437.0,11325.0,16600.0,0.0
18985,20195.0,13708,2737,0.0,0.0,3920.0,21800.0,49110.0,16615.0,7084.0,57137.0,5990.0,6954,0.0,0.0,0.0,0.0,4760.0,18300.0,7100.0,7338.0,11966,0.0,18300.0,0.0,6685,12600.0,0.0,6589.0,7980.0,40192,24540,3253.0,0.0,19557.0,41602,11679.0,11349.0,16700.0,0.0
18836,20875.0,13450,2670,0.0,0.0,3881.0,21701.0,49272.0,16399.0,7030.0,57363.0,5950.0,6787,0.0,0.0,0.0,0.0,4635.0,18100.0,7073.0,7240.0,11860,0.0,17986.0,0.0,6427,12363.0,0.0,6384.0,7850.0,38690,24150,3225.0,0.0,19320.0,41011,11500.0,11060.0,16350.0,0.0
19099,21418.0,13560,2695,0.0,0.0,3970.0,21509.0,49570.0,16330.0,7060.0,57247.0,5799.0,6800,0.0,0.0,0.0,0.0,4718.0,18315.0,7030.0,7248.0,11839,0.0,18280.0,0.0,6426,12450.0,0.0,6433.0,7824.0,38216,23935,3220.0,0.0,19053.0,40734,11367.0,10990.0,16148.0,0.0
19099,21418.0,13560,2695,0.0,0.0,3970.0,21509.0,49570.0,16330.0,7060.0,57247.0,5799.0,6800,0.0,0.0,0.0,0.0,4718.0,18315.0,7030.0,7248.0,11839,0.0,18280.0,0.0,6426,12450.0,0.0,6433.0,7824.0,38216,23935,3220.0,0.0,19053.0,40734,11367.0,10990.0,16148.0,0.0
19099,21418.0,13560,2695,0.0,0.0,3970.0,21509.0,49570.0,16330.0,7060.0,57247.0,5799.0,6800,0.0,0.0,0.0,0.0,4718.0,18315.0,7030.0,7248.0,11839,0.0,18280.0,0.0,6426,12450.0,0.0,6433.0,7824.0,38216,23935,3220.0,0.0,19053.0,40734,11367.0,10990.0,16148.0,0.0
19013,21500.0,13382,2735,0.0,0.0,4001.0,21100.0,50121.0,16396.0,7179.0,56947.0,5900.0,6776,0.0,0.0,0.0,0.0,4795.0,18550.0,6854.0,7450.0,11945,0.0,18162.0,0.0,6467,12578.0,0.0,6411.0,7799.0,37120,23400,3285.0,0.0,19030.0,40779,11530.0,11170.0,16200.0,0.0
18135,21700.0,12950,2640,0.0,0.0,3891.0,20449.0,49726.0,15750.0,7030.0,56167.0,5900.0,6701,0.0,0.0,0.0,0.0,4603.0,18130.0,6491.0,7390.0,11750,0.0,18169.0,0.0,6425,12186.0,0.0,6330.0,7650.0,36609,23009,3252.0,0.0,18710.0,40109,11300.0,11079.0,16257.0,0.0
18819,21312.0,12735,2656,0.0,0.0,3740.0,20054.0,49521.0,15500.0,6875.0,56628.0,5822.0,6669,0.0,0.0,0.0,0.0,4628.0,17750.0,6416.0,7109.0,11705,0.0,17650.0,0.0,6260,11930.0,0.0,6218.0,7600.0,35857,22918,3240.0,0.0,18350.0,39056,11355.0,11033.0,16125.0,0.0
18270,21200.0,12350,2621,0.0,0.0,3498.0,19900.0,48874.0,14860.0,6646.0,55513.0,5796.0,6512,0.0,0.0,0.0,0.0,4492.0,17321.0,6542.0,6932.0,11650,0.0,17500.0,0.0,6059,11595.0,0.0,6027.0,7450.0,34803,22837,3180.0,0.0,18420.0,39489,11200.0,10825.0,15752.0,0.0
18400,21200.0,12501,2673,0.0,0.0,3613.0,19772.0,48950.0,14917.0,6679.0,56363.0,5838.0,6512,0.0,0.0,0.0,0.0,4510.0,17596.0,6422.0,7030.0,11535,0.0,17862.0,0.0,6078,11468.0,0.0,6054.0,7669.0,34500,22754,3200.0,0.0,18640.0,38568,11450.0,10900.0,15975.0,0.0
18380,21425.0,12725,2667,0.0,0.0,3652.0,20492.0,48322.0,15000.0,6692.0,55757.0,5710.0,6397,0.0,0.0,0.0,0.0,4511.0,17268.0,6761.0,6774.0,11450,0.0,17565.0,0.0,6176,11370.0,0.0,6113.0,7580.0,35200,23200,3200.0,0.0,18682.0,39012,11225.0,10900.0,15969.0,0.0
19000,21750.0,13001,2738,0.0,0.0,3750.0,20073.0,48750.0,15244.0,6946.0,56652.0,5840.0,6383,0.0,0.0,0.0,0.0,4553.0,17249.0,6606.0,6890.0,11600,0.0,17751.0,0.0,6252,11744.0,0.0,6224.0,7745.0,35550,23331,3207.0,0.0,18974.0,40015,11297.0,11029.0,16414.0,0.0
19102,22150.0,12720,2749,0.0,0.0,3666.0,19449.0,49288.0,15484.0,6959.0,56562.0,5851.0,6379,0.0,0.0,0.0,0.0,4581.0,17510.0,6482.0,7062.0,11646,0.0,18000.0,0.0,6330,11910.0,0.0,6279.0,7799.0,34800,22927,3206.0,0.0,18895.0,40015,11389.0,10838.0,16339.0,0.0
18780,21700.0,12300,2740,0.0,0.0,3518.0,18869.0,49276.0,14974.0,6925.0,56423.0,5795.0,6329,0.0,0.0,0.0,0.0,4568.0,17440.0,6163.0,6915.0,11501,0.0,17725.0,0.0,6190,11950.0,0.0,6116.0,7820.0,34400,22576,3200.0,0.0,18910.0,38800,11350.0,10840.0,16139.0,0.0
18872,21250.0,11602,2685,0.0,0.0,3460.0,17500.0,50132.0,14516.0,6869.0,56570.0,5720.0,6172,0.0,0.0,0.0,0.0,4482.0,17051.0,5882.0,6991.0,11017,0.0,17400.0,0.0,6120,11650.0,0.0,6112.0,7770.0,33349,21911,3116.0,0.0,18500.0,37065,11395.0,10648.0,15949.0,0.0
19194,21450.0,11800,2715,0.0,0.0,3500.0,17242.0,49664.0,14700.0,6961.0,57036.0,5695.0,6313,0.0,0.0,0.0,0.0,4629.0,17500.0,5940.0,7016.0,11198,0.0,17385.0,0.0,6182,11795.0,0.0,6192.0,7871.0,34525,22307,3140.0,0.0,18725.0,37500,11420.0,10600.0,16342.0,0.0
19085,21400.0,11436,2715,0.0,0.0,3430.0,16800.0,49500.0,14340.0,6850.0,57662.0,5780.0,6367,0.0,0.0,0.0,0.0,4574.0,17502.0,5980.0,6734.0,10823,0.0,17160.0,0.0,6038,11600.0,0.0,6000.0,7898.0,33649,21654,3070.0,0.0,18420.0,36904,11312.0,10408.0,16220.0,0.0
19100,21600.0,11430,2728,0.0,0.0,3240.0,16333.0,48613.0,14500.0,6894.0,57561.0,5653.0,6411,0.0,0.0,0.0,0.0,4575.0,17600.0,5861.0,6725.0,10920,0.0,16950.0,0.0,6100,11705.0,0.0,6084.0,7925.0,32700,21780,3091.0,0.0,18700.0,37246,11373.0,10370.0,16139.0,0.0
19000,21650.0,11751,2780,0.0,0.0,3293.0,17183.0,49472.0,14861.0,7017.0,59111.0,5719.0,6526,0.0,0.0,0.0,0.0,4660.0,17670.0,6098.0,6852.0,11035,0.0,17100.0,0.0,6180,11900.0,0.0,6160.0,7898.0,33847,22500,3116.0,0.0,19015.0,38541,11499.0,10675.0,16450.0,0.0
19100,21500.0,11839,2765,0.0,0.0,3290.0,17230.0,49600.0,14700.0,6850.0,59073.0,5700.0,6397,0.0,0.0,0.0,0.0,4465.0,17650.0,6250.0,6749.0,11100,0.0,16900.0,0.0,6153,11975.0,0.0,6125.0,7889.0,32980,22500,3096.0,0.0,18800.0,38218,11485.0,10500.0,15900.0,0.0
19251,21499.0,12048,2819,0.0,0.0,3303.0,16892.0,50201.0,15063.0,6951.0,60960.0,5705.0,6537,0.0,0.0,0.0,0.0,4500.0,18210.0,6186.0,7229.0,11202,0.0,17000.0,0.0,6342,12020.0,0.0,6291.0,7950.0,33200,22398,3130.0,0.0,18660.0,38530,11633.0,10490.0,16200.0,0.0
19300,21380.0,12191,2830,0.0,0.0,3375.0,17215.0,49782.0,14936.0,6875.0,59361.0,5768.0,6538,0.0,0.0,0.0,0.0,4546.0,17882.0,6450.0,7222.0,11221,0.0,16600.0,0.0,6292,12050.0,0.0,6310.0,7900.0,33671,22851,3083.0,0.0,18625.0,38208,11650.0,10859.0,16504.0,0.0
19300,21600.0,12371,2865,0.0,0.0,3435.0,17715.0,50300.0,14899.0,6959.0,59361.0,5712.0,6579,0.0,0.0,0.0,0.0,4570.0,18000.0,7014.0,7306.0,11251,0.0,17047.0,0.0,6389,12161.0,0.0,6358.0,7960.0,34085,23000,3080.0,0.0,18802.0,38960,11790.0,10615.0,16475.0,0.0
19320,21675.0,12373,2910,0.0,0.0,3385.0,17355.0,50799.0,15050.0,7015.0,59442.0,5750.0,6467,0.0,0.0,0.0,0.0,4541.0,18109.0,6785.0,7343.0,11227,0.0,17177.0,0.0,6389,12130.0,0.0,6400.0,7980.0,33957,22725,3095.0,0.0,18993.0,38824,11735.0,10415.0,16199.0,0.0
19520,21750.0,12785,2908,0.0,0.0,3370.0,16991.0,50046.0,14691.0,7077.0,59695.0,5730.0,6400,0.0,0.0,0.0,0.0,4568.0,18300.0,6658.0,7281.0,11275,0.0,17020.0,0.0,6335,11958.0,0.0,6299.0,7975.0,34450,22356,3083.0,0.0,18750.0,38980,11720.0,10477.0,16512.0,0.0
19490,21851.0,12246,2949,0.0,0.0,3329.0,16740.0,49709.0,14073.0,6994.0,60010.0,5720.0,6547,0.0,0.0,0.0,0.0,4599.0,18097.0,6387.0,7201.0,11210,0.0,17009.0,0.0,6437,11885.0,0.0,6338.0,8174.0,34039,21775,3118.0,0.0,19064.0,38783,11850.0,10521.0,16178.0,0.0
19490,21851.0,12246,2949,0.0,0.0,3329.0,16740.0,49709.0,14073.0,6994.0,60010.0,5720.0,6547,0.0,0.0,0.0,0.0,4599.0,18097.0,6387.0,7201.0,11210,0.0,17009.0,0.0,6437,11885.0,0.0,6338.0,8174.0,34039,21775,3118.0,0.0,19064.0,38783,11850.0,10521.0,16178.0,0.0
20140,21905.0,11865,2981,0.0,0.0,3358.0,17127.0,50550.0,14170.0,7310.0,61259.0,5810.0,6832,0.0,0.0,0.0,0.0,4621.0,18617.0,6480.0,7205.0,11290,0.0,17620.0,0.0,6412,11897.0,0.0,6336.0,8200.0,33676,21849,3136.0,0.0,18720.0,38500,11950.0,10700.0,16700.0,0.0
21300,20400.0,11679,2985,0.0,0.0,3287.0,16959.0,50500.0,14440.0,7454.0,62569.0,5799.0,7067,0.0,0.0,0.0,0.0,4600.0,18877.0,6397.0,7391.0,11198,0.0,17150.0,0.0,6623,11893.0,0.0,6565.0,8451.0,34777,22741,3100.0,0.0,18300.0,39467,12030.0,10740.0,17198.0,0.0
21600,20150.0,11800,2988,0.0,0.0,3200.0,17156.0,51000.0,14500.0,7465.0,62667.0,5797.0,7007,0.0,0.0,0.0,0.0,4600.0,18950.0,6381.0,7428.0,11180,0.0,17000.0,0.0,6750,12020.0,0.0,6676.0,8449.0,34500,23020,3081.0,0.0,18134.0,40050,12025.0,10809.0,17096.0,0.0
21600,20200.0,11545,3000,0.0,0.0,3190.0,16694.0,50806.0,14299.0,7445.0,61671.0,5762.0,7014,0.0,0.0,0.0,0.0,4575.0,19000.0,6153.0,7574.0,11311,0.0,17260.0,0.0,6721,12060.0,0.0,6646.0,8153.0,33500,22698,3138.0,0.0,18190.0,40155,11924.0,10750.0,16734.0,0.0
21900,20701.0,11561,3049,0.0,0.0,3224.0,16966.0,51701.0,14485.0,7600.0,63933.0,5760.0,7219,0.0,0.0,0.0,0.0,4610.0,19376.0,6085.0,7663.0,11375,0.0,17266.0,0.0,6805,12340.0,0.0,6750.0,8271.0,34200,23226,3200.0,0.0,18140.0,40659,11920.0,10933.0,17170.0,0.0
21840,21500.0,11555,2982,0.0,0.0,3222.0,17117.0,51423.0,14250.0,7500.0,62392.0,5752.0,7238,0.0,0.0,0.0,0.0,4630.0,19245.0,6264.0,7686.0,11485,0.0,17409.0,0.0,6930,12419.0,0.0,6897.0,8239.0,34500,23185,3201.0,0.0,18230.0,40881,11920.0,10970.0,17007.0,0.0
21500,21511.0,11000,2959,0.0,0.0,3190.0,16821.0,52302.0,14035.0,7418.0,64357.0,5735.0,7338,0.0,0.0,0.0,0.0,4650.0,19425.0,6010.0,7531.0,11550,0.0,17650.0,0.0,6885,12500.0,0.0,6810.0,8350.0,33000,22301,3160.0,0.0,18400.0,40914,12015.0,11060.0,17355.0,0.0
21700,21072.0,10425,3000,0.0,0.0,3150.0,16914.0,52380.0,13900.0,7569.0,64457.0,5750.0,7323,0.0,0.0,0.0,0.0,4650.0,19609.0,6026.0,7637.0,11490,0.0,17568.0,0.0,6900,12599.0,0.0,6889.0,8621.0,31290,22169,3152.0,0.0,18530.0,41081,12130.0,11355.0,17518.0,0.0
21700,21200.0,9890,3026,0.0,0.0,3093.0,17050.0,52700.0,13850.0,7748.0,66076.0,5813.0,7348,0.0,0.0,0.0,0.0,4730.0,19600.0,5995.0,7742.0,11480,0.0,18009.0,0.0,7011,12729.0,0.0,7031.0,8700.0,30100,21815,3150.0,0.0,18642.0,41301,12243.0,11467.0,17890.0,0.0
21900,21200.0,9735,2970,0.0,0.0,3080.0,16523.0,53256.0,13798.0,8025.0,69864.0,5891.0,7337,0.0,0.0,0.0,0.0,4862.0,19800.0,5732.0,7936.0,11450,0.0,18051.0,0.0,7060,12919.0,0.0,7050.0,8499.0,29850,21813,3175.0,0.0,18480.0,41214,12459.0,11490.0,18086.0,0.0
22000,20545.0,9625,3024,0.0,0.0,3099.0,16450.0,53400.0,13700.0,8005.0,71403.0,5990.0,7313,0.0,0.0,0.0,0.0,4967.0,20107.0,5864.0,8581.0,11479,0.0,17750.0,0.0,7179,13028.0,0.0,7132.0,8398.0,28600,21969,3191.0,0.0,18600.0,41199,12150.0,11478.0,18590.0,0.0
21774,20002.0,9799,3047,0.0,0.0,3100.0,16200.0,53650.0,14121.0,7931.0,70674.0,6048.0,7256,0.0,0.0,0.0,0.0,4960.0,19900.0,5534.0,8638.0,11381,0.0,17650.0,0.0,7177,13080.0,0.0,7160.0,8400.0,28934,22440,3142.0,0.0,18462.0,41645,12000.0,11582.0,18298.0,0.0
21677,19300.0,9600,3024,0.0,0.0,3100.0,15528.0,54318.0,14055.0,7607.0,71747.0,5854.0,7199,0.0,0.0,0.0,0.0,4881.0,19880.0,5415.0,8660.0,11018,0.0,17088.0,0.0,7079,13145.0,0.0,7000.0,8250.0,27850,22382,3085.0,0.0,17810.0,41558,11654.0,11450.0,18095.0,0.0
22000,19564.0,9700,2895,0.0,0.0,3120.0,15801.0,54486.0,14377.0,7704.0,74450.0,5935.0,7280,0.0,0.0,0.0,0.0,4947.0,19988.0,5508.0,9029.0,11225,0.0,17238.0,0.0,7133,13420.0,0.0,7117.0,8451.0,28850,23469,3165.0,0.0,18100.0,42600,11650.0,11417.0,18450.0,0.0
21666,19681.0,10059,2800,0.0,0.0,3220.0,15781.0,54100.0,14720.0,7708.0,72952.0,5914.0,7309,0.0,0.0,0.0,0.0,4900.0,19869.0,5600.0,9012.0,11345,0.0,17125.0,0.0,7250,13436.0,0.0,7264.0,8294.0,29751,23941,3111.0,0.0,17951.0,43000,11796.0,11575.0,18086.0,0.0
21054,19725.0,9950,2734,0.0,0.0,3240.0,15899.0,53227.0,14240.0,7724.0,71353.0,5862.0,7182,0.0,0.0,0.0,0.0,4802.0,19637.0,5658.0,8649.0,11115,0.0,17221.0,0.0,7000,13072.0,0.0,7003.0,8051.0,29500,22549,3014.0,0.0,17710.0,41950,11900.0,11200.0,17690.0,0.0
21200,19728.0,9885,2760,0.0,0.0,3329.0,15862.0,53730.0,14150.0,7745.0,72452.0,5903.0,7165,0.0,0.0,0.0,0.0,4771.0,19700.0,5538.0,8785.0,11100,0.0,17305.0,0.0,6986,13105.0,0.0,6998.0,7960.0,29650,22629,3012.0,0.0,17930.0,42315,11722.0,11200.0,17752.0,0.0
21200,19000.0,9915,2735,0.0,0.0,3467.0,15780.0,54450.0,14105.0,7645.0,72952.0,5865.0,7295,0.0,0.0,0.0,0.0,4820.0,19700.0,5640.0,8921.0,11129,0.0,17430.0,0.0,6980,13100.0,0.0,6990.0,8248.0,29500,23020,3010.0,0.0,17996.0,43750,11689.0,11450.0,18199.0,0.0
21752,18800.0,9985,2717,0.0,0.0,3500.0,15900.0,55833.0,14900.0,7744.0,74401.0,5972.0,7251,0.0,0.0,0.0,0.0,4928.0,19799.0,5531.0,9251.0,11308,0.0,17698.0,0.0,7349,13573.0,0.0,7278.0,8385.0,29500,22804,3035.0,0.0,17890.0,44850,11620.0,11625.0,18175.0,0.0
21100,19000.0,9985,2685,0.0,0.0,3449.0,15905.0,54124.0,15025.0,7542.0,73052.0,5900.0,7196,0.0,0.0,0.0,0.0,4763.0,19128.0,5640.0,8930.0,11000,0.0,17299.0,0.0,7040,13382.0,0.0,7048.0,7990.0,29800,22731,2974.0,0.0,17801.0,44100,11579.0,11583.0,17600.0,0.0
21493,18690.0,10349,2575,0.0,0.0,3500.0,17650.0,55666.0,15256.0,7542.0,72852.0,5970.0,7210,0.0,0.0,0.0,0.0,4757.0,19376.0,6220.0,9111.0,11170,0.0,17305.0,0.0,7050,13665.0,0.0,7090.0,8025.0,32000,23715,2971.0,0.0,18000.0,44700,11600.0,11508.0,17817.0,0.0
20750,18499.0,10600,2539,0.0,0.0,3589.0,18205.0,55612.0,15858.0,7257.0,74464.0,5977.0,7279,0.0,0.0,0.0,0.0,4740.0,19788.0,6144.0,9019.0,11186,0.0,17622.0,0.0,7200,13382.0,0.0,7107.0,8100.0,32900,23517,2950.0,0.0,18167.0,45296,12107.0,11205.0,18280.0,0.0
20000,18150.0,10112,2415,0.0,0.0,3444.0,18159.0,54555.0,15277.0,7174.0,72452.0,5980.0,7174,0.0,0.0,0.0,0.0,4707.0,19000.0,6061.0,8650.0,10950,0.0,17050.0,0.0,7000,12931.0,0.0,6932.0,8090.0,31375,23182,2825.0,0.0,17500.0,43904,11600.0,11160.0,17700.0,0.0
20441,18583.0,9950,2580,0.0,0.0,3550.0,17392.0,53965.0,15303.0,7250.0,72924.0,6000.0,7171,0.0,0.0,0.0,0.0,4720.0,18801.0,5934.0,8592.0,11140,0.0,17500.0,0.0,7023,12855.0,0.0,6967.0,8271.0,30847,22519,2815.0,0.0,17700.0,43910,11679.0,11044.0,17575.0,0.0
19600,18506.0,9977,2540,0.0,0.0,3562.0,17779.0,54703.0,15060.0,7030.0,71203.0,5910.0,7084,0.0,0.0,0.0,0.0,4822.0,19093.0,6128.0,8751.0,11032,0.0,17224.0,0.0,6887,12683.0,0.0,6839.0,8270.0,30250,22380,2771.0,0.0,17450.0,44021,11590.0,11040.0,17040.0,0.0
18974,18200.0,9905,2535,0.0,0.0,3621.0,17578.0,54349.0,14800.0,6711.0,69861.0,5681.0,6732,0.0,0.0,0.0,0.0,4723.0,18500.0,6229.0,8701.0,10860,0.0,17105.0,0.0,6840,12510.0,0.0,6841.0,8016.0,30700,22412,2700.0,0.0,17100.0,43910,11450.0,11184.0,16618.0,0.0
18801,18300.0,10141,2670,0.0,0.0,3609.0,16996.0,54603.0,15332.0,6828.0,70953.0,5647.0,6752,0.0,0.0,0.0,0.0,4760.0,18965.0,6155.0,9013.0,10990,0.0,17000.0,0.0,6900,12792.0,0.0,6943.0,8064.0,31800,22690,2725.0,0.0,17292.0,44500,11450.0,11350.0,17120.0,0.0
19940,18335.0,10350,2587,0.0,0.0,3700.0,17375.0,55789.0,15340.0,6725.0,71354.0,5638.0,6846,0.0,0.0,0.0,0.0,4709.0,18895.0,6275.0,9135.0,10810,0.0,17001.0,0.0,6931,12800.0,0.0,6955.0,8050.0,31647,22450,2700.0,0.0,17032.0,44546,11380.0,11275.0,17050.0,0.0
18805,18246.0,9804,2465,0.0,0.0,3600.0,16760.0,54610.0,14570.0,6335.0,69854.0,5460.0,6492,0.0,0.0,0.0,0.0,4469.0,18054.0,6027.0,8821.0,10600,0.0,16418.0,0.0,6677,12262.0,0.0,6670.0,7818.0,30600,21513,2637.0,0.0,16820.0,42867,11225.0,10921.0,16525.0,0.0
18811,18391.0,9716,2474,0.0,0.0,3565.0,16701.0,54922.0,14600.0,6166.0,72152.0,5385.0,6484,0.0,0.0,0.0,0.0,4390.0,18151.0,5988.0,8900.0,10604,0.0,16230.0,0.0,6684,12145.0,0.0,6641.0,7815.0,31500,21630,2650.0,0.0,16840.0,42163,11194.0,11025.0,16925.0,0.0
18621,18714.0,9590,2527,0.0,0.0,3635.0,16100.0,54367.0,14250.0,6349.0,72495.0,5477.0,6509,0.0,0.0,0.0,0.0,4278.0,17800.0,5817.0,8757.0,10570,0.0,17168.0,0.0,6650,12141.0,0.0,6630.0,7875.0,30731,21749,2655.0,0.0,16700.0,42683,11200.0,11100.0,17526.0,0.0
18503,19291.0,9695,2560,0.0,0.0,3645.0,16213.0,53980.0,14384.0,6615.0,73851.0,5475.0,6497,0.0,0.0,0.0,0.0,4325.0,17910.0,5957.0,8963.0,10545,0.0,17775.0,0.0,6611,12601.0,0.0,6628.0,7999.0,30775,22267,2743.0,0.0,16788.0,42534,11425.0,11202.0,17850.0,0.0
18503,19291.0,9695,2560,0.0,0.0,3645.0,16213.0,53980.0,14384.0,6615.0,73851.0,5475.0,6497,0.0,0.0,0.0,0.0,4325.0,17910.0,5957.0,8963.0,10545,0.0,17775.0,0.0,6611,12601.0,0.0,6628.0,7999.0,30775,22267,2743.0,0.0,16788.0,42534,11425.0,11202.0,17850.0,0.0
19325,19400.0,9922,2625,0.0,0.0,3650.0,15905.0,54624.0,14450.0,6660.0,75750.0,5550.0,6758,0.0,0.0,0.0,0.0,4500.0,18800.0,5919.0,9227.0,10973,0.0,18163.0,0.0,6697,12802.0,0.0,6750.0,8220.0,31500,22369,2819.0,0.0,17220.0,43316,11300.0,11300.0,17995.0,0.0
20100,18801.0,9850,2550,0.0,0.0,3632.0,15380.0,54243.0,14340.0,6668.0,75650.0,5578.0,6804,0.0,0.0,0.0,0.0,4500.0,18537.0,5777.0,9177.0,10750,0.0,18311.0,0.0,6553,12725.0,0.0,6609.0,8134.0,31005,22075,2823.0,0.0,17190.0,43971,11349.0,11285.0,17688.0,0.0
19400,18710.0,9480,2410,0.0,0.0,3584.0,14924.0,53093.0,13700.0,6300.0,71553.0,5350.0,6612,0.0,0.0,0.0,0.0,4290.0,17806.0,5535.0,8837.0,10532,0.0,17710.0,0.0,6450,12561.0,0.0,6499.0,7880.0,29500,21490,2724.0,0.0,16900.0,42731,11450.0,10965.0,17402.0,0.0
19100,18200.0,9469,2440,0.0,0.0,3430.0,14552.0,52725.0,14200.0,6011.0,69454.0,5300.0,6313,0.0,0.0,0.0,0.0,4225.0,17829.0,5333.0,8680.0,10740,0.0,17561.0,0.0,6130,12300.0,0.0,6256.0,7830.0,29000,21150,2740.0,0.0,16771.0,41900,11600.0,11175.0,17020.0,0.0
18400,18517.0,8981,2350,0.0,0.0,3376.0,14536.0,51413.0,13900.0,5882.0,67655.0,5269.0,6254,0.0,0.0,0.0,0.0,4133.0,17398.0,5172.0,8369.0,10521,0.0,17200.0,0.0,6009,11870.0,0.0,6016.0,7462.0,28600,20399,2726.0,0.0,16650.0,41340,11100.0,10240.0,16900.0,0.0
19100,18700.0,8600,2380,0.0,0.0,3250.0,14070.0,51863.0,13965.0,6062.0,67165.0,5369.0,6313,0.0,0.0,0.0,0.0,4320.0,17649.0,5033.0,8578.0,10636,0.0,17638.0,0.0,6209,12119.0,0.0,6264.0,7818.0,28100,20242,2780.0,0.0,16893.0,41886,11200.0,10155.0,16756.0,0.0
19800,18970.0,8714,2495,0.0,0.0,3155.0,13313.0,52508.0,14003.0,6224.0,69654.0,5456.0,6600,0.0,0.0,0.0,0.0,4462.0,18243.0,4825.0,8774.0,11035,0.0,18221.0,0.0,6433,12356.0,0.0,6436.0,8134.0,27401,19550,2875.0,0.0,17300.0,41277,11450.0,10483.0,17350.0,0.0
21014,19100.0,8922,2509,0.0,0.0,3185.0,13421.0,52279.0,14157.0,6250.0,70203.0,5440.0,6594,0.0,0.0,0.0,0.0,4470.0,17995.0,4761.0,8763.0,11085,0.0,17961.0,0.0,6395,12275.0,0.0,6381.0,8250.0,28055,19350,2880.0,0.0,17500.0,41934,11548.0,10401.0,17877.0,0.0
22707,19300.0,9300,2639,0.0,0.0,3200.0,13998.0,51293.0,14558.0,6441.0,72952.0,5548.0,6872,0.0,0.0,0.0,0.0,4600.0,18995.0,5077.0,8803.0,11148,0.0,18550.0,0.0,6399,12358.0,0.0,6303.0,8406.0,29500,19185,2893.0,0.0,17553.0,43154,11999.0,10502.0,18400.0,0.0
22450,19400.0,9426,2595,0.0,0.0,3333.0,14450.0,51840.0,14701.0,6605.0,72978.0,5760.0,6860,0.0,0.0,0.0,0.0,4691.0,18721.0,5150.0,8806.0,11150,0.0,19100.0,0.0,6590,12590.0,0.0,6509.0,8594.0,29088,19389,2949.0,0.0,17700.0,43629,11770.0,10425.0,18450.0,0.0
22505,19100.0,9645,2605,0.0,0.0,3400.0,14615.0,51761.0,14747.0,6827.0,73581.0,5841.0,6789,0.0,0.0,0.0,0.0,4709.0,18722.0,5150.0,8733.0,11202,0.0,18900.0,0.0,6417,12630.0,0.0,6330.0,8471.0,29272,19301,2940.0,0.0,17700.0,43223,11865.0,10500.0,18340.0,0.0
23000,18850.0,9167,2592,0.0,0.0,3234.0,13900.0,52144.0,14412.0,6775.0,74151.0,5585.0,6621,0.0,0.0,0.0,0.0,4521.0,18274.0,4873.0,8752.0,10779,0.0,18398.0,0.0,6487,12580.0,0.0,6400.0,8217.0,28000,18545,2830.0,0.0,17029.0,43201,11734.0,10499.0,17967.0,0.0
22849,18850.0,9398,2615,0.0,0.0,3296.0,13770.0,53020.0,14600.0,6740.0,75654.0,5631.0,6896,0.0,0.0,0.0,0.0,4700.0,18700.0,4960.0,8942.0,10930,0.0,18550.0,0.0,6548,12825.0,0.0,6524.0,8570.0,29405,19175,2898.0,0.0,17201.0,43229,11738.0,10701.0,18364.0,0.0
22840,19055.0,9355,2559,0.0,0.0,3300.0,12800.0,52784.0,14266.0,6500.0,75260.0,5490.0,6654,0.0,0.0,0.0,0.0,4526.0,18400.0,4890.0,8877.0,10567,0.0,17859.0,0.0,6308,12732.0,0.0,6348.0,8261.0,27978,18519,2809.0,0.0,16950.0,42000,11550.0,10440.0,17751.0,0.0
23525,19200.0,9155,2530,0.0,0.0,3430.0,13032.0,54311.0,14282.0,6453.0,75450.0,5606.0,6733,0.0,0.0,0.0,0.0,4589.0,18355.0,4983.0,9098.0,10651,0.0,18395.0,0.0,6469,13180.0,0.0,6535.0,8440.0,28695,19141,2845.0,0.0,17295.0,42950,11321.0,10535.0,17997.0,0.0
24033,19300.0,8935,2553,0.0,0.0,3382.0,12780.0,53320.0,14500.0,6545.0,75197.0,5676.0,6754,0.0,0.0,0.0,0.0,4587.0,18950.0,4950.0,9125.0,10780,0.0,18495.0,0.0,6405,13225.0,0.0,6429.0,8650.0,28299,19020,2880.0,0.0,17400.0,42824,11325.0,10729.0,18061.0,0.0
23212,19400.0,8835,2545,0.0,0.0,3455.0,12867.0,52505.0,14480.0,6451.0,75734.0,5650.0,6706,0.0,0.0,0.0,0.0,4599.0,18800.0,4960.0,9133.0,10600,0.0,18399.0,0.0,6385,13331.0,0.0,6396.0,8594.0,28000,19061,2800.0,0.0,16980.0,43150,11225.0,10650.0,18245.0,0.0
22925,19660.0,9174,2578,0.0,0.0,3580.0,13047.0,52859.0,14802.0,6596.0,76949.0,5629.0,6832,0.0,0.0,0.0,0.0,4668.0,19038.0,5218.0,9343.0,10783,0.0,18750.0,0.0,6450,13575.0,0.0,6510.0,8660.0,28500,20149,2855.0,0.0,17300.0,43900,11220.0,10700.0,18600.0,0.0
23394,20300.0,9155,2599,0.0,0.0,3697.0,12750.0,52465.0,14976.0,6699.0,78248.0,5636.0,6924,0.0,0.0,0.0,0.0,4752.0,19392.0,5264.0,9350.0,10885,0.0,18982.0,0.0,6489,13640.0,0.0,6519.0,8675.0,29124,19534,2894.0,0.0,17500.0,44872,11268.0,10700.0,18933.0,0.0
23349,19700.0,9100,2583,0.0,0.0,3670.0,12542.0,52650.0,15188.0,6650.0,79048.0,5795.0,7007,0.0,0.0,0.0,0.0,4750.0,19401.0,5144.0,9307.0,10954,0.0,19115.0,0.0,6521,13598.0,0.0,6580.0,8651.0,30350,19391,2906.0,0.0,17700.0,44538,11400.0,10925.0,18800.0,0.0
22660,19030.0,9025,2650,0.0,0.0,3709.0,12230.0,52131.0,15104.0,6422.0,79449.0,5746.0,6929,0.0,0.0,0.0,0.0,4705.0,19301.0,5240.0,9108.0,10764,0.0,18200.0,0.0,6435,13648.0,0.0,6533.0,8628.0,30000,19657,2840.0,0.0,17400.0,43800,11160.0,10967.0,18500.0,0.0
23480,18850.0,9150,2670,0.0,0.0,3700.0,12600.0,52781.0,15095.0,6494.0,79448.0,5790.0,6944,0.0,0.0,0.0,0.0,4800.0,19400.0,5245.0,9152.0,10933,0.0,18000.0,0.0,6588,13734.0,0.0,6615.0,9200.0,30598,20478,2845.0,0.0,17894.0,44470,11302.0,11350.0,18500.0,0.0
22451,18499.0,9150,2728,0.0,0.0,3619.0,12721.0,53001.0,14850.0,6510.0,79897.0,5689.0,7084,0.0,0.0,0.0,0.0,4889.0,19350.0,5245.0,9265.0,10856,0.0,17400.0,0.0,6658,13743.0,0.0,6700.0,8913.0,30300,20792,2876.0,0.0,17900.0,44944,11290.0,11650.0,18250.0,0.0
21805,18404.0,8935,2689,0.0,0.0,3495.0,12700.0,52204.0,14556.0,6450.0,77549.0,5600.0,6846,0.0,0.0,0.0,0.0,4689.0,18851.0,5290.0,9174.0,10816,0.0,17042.0,0.0,6570,13702.0,0.0,6677.0,8719.0,29890,20600,2855.0,0.0,17525.0,44000,11300.0,11200.0,18000.0,0.0
21607,18379.0,9116,2685,0.0,0.0,3544.0,13735.0,52717.0,15437.0,6450.0,77948.0,5590.0,6832,0.0,0.0,0.0,0.0,4717.0,18800.0,5670.0,9257.0,10850,0.0,16800.0,0.0,6686,13800.0,0.0,6761.0,8700.0,30400,21200,2877.0,0.0,17550.0,44650,11224.0,11345.0,18000.0,0.0
21540,18500.0,9463,2650,0.0,0.0,3483.0,13857.0,52200.0,15923.0,6512.0,78448.0,5665.0,6947,0.0,0.0,0.0,0.0,4760.0,19000.0,5720.0,9213.0,11086,0.0,16800.0,0.0,6856,13855.0,0.0,6836.0,8903.0,30953,21660,2926.0,0.0,17800.0,45259,11399.0,11470.0,17500.0,0.0
21960,18399.0,9402,2635,0.0,0.0,3450.0,13728.0,51525.0,15628.0,6522.0,77950.0,5638.0,6819,0.0,0.0,0.0,0.0,4640.0,18770.0,5846.0,9300.0,11055,0.0,16851.0,0.0,6877,13899.0,0.0,6778.0,8870.0,31850,21400,2880.0,0.0,17849.0,44900,11300.0,11440.0,17499.0,0.0
21948,18333.0,9540,2595,0.0,0.0,3526.0,13698.0,51433.0,15740.0,6430.0,79446.0,5653.0,6947,0.0,0.0,0.0,0.0,4625.0,18884.0,5786.0,9314.0,10910,0.0,16899.0,0.0,6856,13905.0,0.0,6756.0,9000.0,32858,21035,2899.0,0.0,17535.0,44800,11349.0,11500.0,17700.0,0.0
21930,18300.0,9600,2560,0.0,0.0,3550.0,13129.0,51530.0,15100.0,6435.0,77964.0,5620.0,6818,0.0,0.0,0.0,0.0,4647.0,18588.0,5623.0,9259.0,10820,0.0,16500.0,0.0,6820,13725.0,0.0,6700.0,8801.0,33110,21052,2874.0,0.0,17440.0,44680,11314.0,11500.0,17630.0,0.0
21330,18200.0,10000,2507,0.0,0.0,3635.0,13305.0,52100.0,15423.0,6575.0,80247.0,5743.0,6775,0.0,0.0,0.0,0.0,4693.0,18494.0,5916.0,9284.0,10950,0.0,16380.0,0.0,6694,13853.0,0.0,6615.0,8955.0,34900,21519,2925.0,0.0,17692.0,45074,11351.0,11631.0,17620.0,0.0
21450,18050.0,9650,2501,0.0,0.0,3620.0,12845.0,52225.0,15323.0,6664.0,82945.0,5796.0,6790,0.0,0.0,0.0,0.0,4620.0,18900.0,5910.0,9440.0,10930,0.0,16786.0,0.0,6602,14563.0,0.0,6575.0,8938.0,35100,21370,2860.0,0.0,17790.0,45321,11520.0,11714.0,18289.0,0.0
21888,18013.0,9700,2486,0.0,0.0,3617.0,12832.0,53400.0,15271.0,6726.0,82535.0,5740.0,6845,0.0,0.0,0.0,0.0,4753.0,18900.0,5850.0,9640.0,11051,0.0,16686.0,0.0,6649,14625.0,0.0,6573.0,8925.0,35041,21350,2966.0,0.0,17775.0,45453,11477.0,11671.0,18525.0,0.0
22490,17900.0,10154,2450,0.0,0.0,3703.0,12969.0,54099.0,15435.0,6750.0,82545.0,5800.0,6846,0.0,0.0,0.0,0.0,4740.0,18890.0,5981.0,9800.0,11298,0.0,16600.0,0.0,6871,14899.0,0.0,6770.0,9010.0,35500,22216,2945.0,0.0,17933.0,47200,11564.0,11939.0,18940.0,0.0
22400,18009.0,10125,2445,0.0,0.0,3700.0,12744.0,53580.0,15585.0,6700.0,79947.0,5800.0,6958,0.0,0.0,0.0,0.0,4791.0,19000.0,5670.0,9820.0,11300,0.0,16700.0,0.0,6695,14792.0,0.0,6650.0,9100.0,35425,22069,2950.0,0.0,17950.0,46610,11680.0,11910.0,18950.0,0.0
21800,18419.0,10159,2517,0.0,0.0,3720.0,12612.0,53566.0,15321.0,6650.0,81546.0,5807.0,6916,0.0,0.0,0.0,0.0,4695.0,18977.0,5545.0,9800.0,11400,0.0,16400.0,0.0,6666,14812.0,0.0,6624.0,9484.0,35800,22300,2956.0,0.0,18149.0,46829,11690.0,11900.0,19100.0,0.0
21700,18450.0,9890,2490,0.0,0.0,3677.0,12198.0,53269.0,15261.0,6525.0,83435.0,5779.0,6901,0.0,0.0,0.0,0.0,4655.0,18908.0,5300.0,10014.0,11311,0.0,15982.0,0.0,6562,14889.0,0.0,6542.0,9515.0,35391,21580,2980.0,0.0,17900.0,46650,11524.0,11850.0,19140.0,0.0
22207,18450.0,9790,2510,0.0,0.0,3671.0,11750.0,53161.0,15263.0,6409.0,84434.0,5788.0,6833,0.0,0.0,0.0,0.0,4596.0,19000.0,5188.0,9923.0,11350,0.0,15985.0,0.0,6701,15130.0,0.0,6627.0,9400.0,34800,21600,2976.0,0.0,18091.0,47007,11379.0,11995.0,19100.0,0.0
22601,18548.0,9950,2484,0.0,0.0,3820.0,11799.0,52661.0,15304.0,6440.0,83319.0,5800.0,6828,0.0,0.0,0.0,0.0,4610.0,18930.0,5275.0,9921.0,11309,0.0,16099.0,0.0,6610,15600.0,0.0,6560.0,9451.0,35650,22200,3010.0,0.0,18400.0,46311,11300.0,12000.0,19200.0,0.0
22601,18548.0,9950,2484,0.0,0.0,3820.0,11799.0,52661.0,15304.0,6440.0,83319.0,5800.0,6828,0.0,0.0,0.0,0.0,4610.0,18930.0,5275.0,9921.0,11309,0.0,16099.0,0.0,6610,15600.0,0.0,6560.0,9451.0,35650,22200,3010.0,0.0,18400.0,46311,11300.0,12000.0,19200.0,0.0
22950,18854.0,10865,2477,0.0,0.0,3878.0,13199.0,52793.0,15874.0,6562.0,84644.0,5815.0,6997,0.0,0.0,0.0,0.0,4700.0,19000.0,5982.0,10030.0,11320,0.0,16300.0,0.0,6810,15731.0,0.0,6711.0,9494.0,38600,23660,3042.0,0.0,18450.0,46545,11376.0,12180.0,19450.0,0.0
23199,18750.0,10975,2475,0.0,0.0,3987.0,13187.0,53313.0,15900.0,6515.0,84139.0,5900.0,6874,0.0,0.0,0.0,0.0,4700.0,18700.0,5908.0,10120.0,11425,0.0,16175.0,0.0,6766,15900.0,0.0,6772.0,9506.0,39200,23800,3077.0,0.0,18782.0,47174,11398.0,12245.0,19596.0,0.0
23556,18700.0,10958,2503,0.0,0.0,4025.0,13400.0,53607.0,16420.0,6530.0,80696.0,5799.0,6958,0.0,0.0,0.0,0.0,4750.0,18878.0,6153.0,10150.0,11585,0.0,16419.0,0.0,6946,16075.0,0.0,6863.0,9635.0,38980,23971,3122.0,0.0,19061.0,47438,11392.0,12200.0,19900.0,0.0
23100,18408.0,10625,2463,0.0,0.0,3967.0,13550.0,53200.0,16140.0,6335.0,82827.0,5700.0,6846,0.0,0.0,0.0,0.0,4644.0,18631.0,6164.0,9953.0,11395,0.0,16225.0,0.0,6800,15892.0,0.0,6724.0,9600.0,37813,23251,3085.0,0.0,18950.0,46789,11318.0,12026.0,19603.0,0.0
23548,18800.0,11425,2495,0.0,0.0,4038.0,14498.0,53303.0,16525.0,6402.0,86031.0,5665.0,6961,0.0,0.0,0.0,0.0,4736.0,18637.0,6450.0,10112.0,11523,0.0,16215.0,0.0,6900,16209.0,0.0,6866.0,9550.0,39600,24045,3105.0,0.0,19066.0,46908,11500.0,11929.0,19420.0,0.0
23370,18600.0,11260,2430,0.0,0.0,4010.0,14170.0,53608.0,16125.0,6402.0,85642.0,5650.0,6874,0.0,0.0,0.0,0.0,4638.0,18691.0,6380.0,10266.0,11400,0.0,16157.0,0.0,6968,16157.0,0.0,6892.0,9540.0,39854,23840,3036.0,0.0,18960.0,46700,11500.0,11949.0,18920.0,0.0
23160,18500.0,11362,2350,0.0,0.0,3909.0,14451.0,53493.0,16175.0,6368.0,85343.0,5700.0,6874,0.0,0.0,0.0,0.0,4607.0,18656.0,6468.0,10238.0,11408,0.0,16350.0,0.0,6820,16127.0,0.0,6763.0,9550.0,40412,23656,3050.0,0.0,19020.0,46600,11346.0,12000.0,19150.0,0.0
23300,18500.0,11401,2320,0.0,0.0,3899.0,14909.0,53502.0,16254.0,6279.0,86333.0,5620.0,6777,0.0,0.0,0.0,0.0,4592.0,18695.0,6591.0,10306.0,11316,0.0,16350.0,0.0,6800,16329.0,0.0,6769.0,9530.0,40581,23750,3020.0,0.0,19010.0,47450,11308.0,11860.0,18960.0,0.0
23692,18450.0,11688,2290,0.0,0.0,3999.0,14266.0,53466.0,16060.0,6156.0,87387.0,5637.0,6731,0.0,0.0,0.0,0.0,4750.0,18595.0,5989.0,10456.0,11446,0.0,16390.0,0.0,6890,16525.0,0.0,6794.0,9650.0,41795,24135,3020.0,0.0,19177.0,47961,11250.0,11965.0,19397.0,0.0
23990,18464.0,11603,2359,0.0,0.0,4011.0,14441.0,53050.0,16318.0,6130.0,86442.0,5600.0,6789,0.0,0.0,0.0,0.0,4750.0,18600.0,5520.0,10356.0,11525,0.0,16318.0,0.0,6889,16704.0,0.0,6800.0,9755.0,42000,24228,3000.0,0.0,19160.0,48100,11395.0,11700.0,19200.0,0.0
23783,18400.0,11780,2371,0.0,0.0,4120.0,14797.0,53250.0,16550.0,6151.0,86343.0,5590.0,6972,0.0,0.0,0.0,0.0,4789.0,18677.0,5770.0,10385.0,11550,0.0,16320.0,0.0,6977,17156.0,0.0,6873.0,9831.0,42460,24596,3035.0,0.0,19174.0,48001,11263.0,11668.0,19408.0,0.0
23453,18700.0,11750,2382,0.0,0.0,4124.0,15415.0,53443.0,16450.0,6050.0,85843.0,5540.0,6986,0.0,0.0,0.0,0.0,4720.0,18653.0,6040.0,10250.0,11448,0.0,15865.0,0.0,6820,16631.0,0.0,6769.0,9505.0,41800,24288,3055.0,0.0,18850.0,48132,11200.0,11689.0,19346.0,0.0
22675,18451.0,11500,2340,0.0,0.0,4100.0,14480.0,52167.0,16170.0,5984.0,83492.0,5433.0,6902,0.0,0.0,0.0,0.0,4512.0,18027.0,5697.0,9889.0,11250,0.0,15805.0,0.0,6609,16019.0,0.0,6609.0,8641.0,41550,24427,2975.0,0.0,18550.0,48460,11000.0,11440.0,18735.0,0.0
22600,18400.0,11600,2330,0.0,0.0,4249.0,13369.0,52300.0,16452.0,6500.0,84744.0,5418.0,7014,0.0,0.0,0.0,0.0,4589.0,18427.0,5250.0,9945.0,11385,0.0,16002.0,0.0,6639,16020.0,0.0,6616.0,8230.0,41110,24237,3014.0,0.0,18646.0,48788,11272.0,11606.0,18702.0,0.0
23599,18500.0,11350,2375,0.0,0.0,4170.0,14000.0,51993.0,16239.0,6821.0,84781.0,5483.0,7092,0.0,0.0,0.0,0.0,4603.0,18700.0,5391.0,9714.0,11450,0.0,16116.0,0.0,6644,15743.0,0.0,6550.0,8463.0,40975,23550,3007.0,0.0,18852.0,48183,11525.0,11606.0,18785.0,0.0
23570,18301.0,11725,2441,0.0,0.0,4201.0,13839.0,52346.0,16396.0,6911.0,85943.0,5527.0,7202,0.0,0.0,0.0,0.0,4702.0,18682.0,5332.0,10051.0,11509,0.0,16390.0,0.0,6782,16275.0,0.0,6710.0,8430.0,41450,24453,3055.0,0.0,19260.0,47992,11527.0,11676.0,18131.0,0.0
23213,18346.0,11672,2371,0.0,0.0,4200.0,14070.0,52383.0,16402.0,6900.0,86243.0,5500.0,7137,0.0,0.0,0.0,0.0,4687.0,18700.0,5326.0,10058.0,11563,0.0,16330.0,0.0,6771,16688.0,0.0,6700.0,8700.0,41500,24905,3074.0,0.0,19500.0,48304,11563.0,11680.0,18166.0,0.0
23030,18350.0,11580,2340,0.0,0.0,4250.0,13520.0,52042.0,16471.0,6780.0,86892.0,5436.0,7104,0.0,0.0,0.0,0.0,4678.0,18550.0,5291.0,9869.0,11411,0.0,16100.0,0.0,6698,16647.0,0.0,6659.0,8350.0,41400,24648,3060.0,0.0,19350.0,48230,11428.0,11313.0,17800.0,0.0
23300,18526.0,11750,2340,0.0,0.0,4299.0,13922.0,52044.0,16640.0,6880.0,88821.0,5481.0,7213,0.0,0.0,0.0,0.0,4695.0,18799.0,5290.0,9855.0,11550,0.0,16360.0,0.0,6748,16796.0,0.0,6689.0,8545.0,41000,24951,3108.0,0.0,19674.0,48675,11619.0,11474.0,17899.0,0.0
23900,19300.0,11777,2415,0.0,0.0,4260.0,13825.0,51563.0,16585.0,7000.0,88966.0,5470.0,7215,0.0,0.0,0.0,0.0,4700.0,18840.0,5253.0,9869.0,11588,0.0,16250.0,0.0,6667,16745.0,0.0,6596.0,8575.0,41000,24774,3136.0,0.0,19950.0,48956,11757.0,11500.0,17966.0,0.0
24001,19562.0,12164,2470,0.0,0.0,4352.0,14180.0,51900.0,16500.0,7200.0,87771.0,5456.0,7182,0.0,0.0,0.0,0.0,4700.0,18800.0,5225.0,9866.0,11301,0.0,16087.0,0.0,6822,16793.0,0.0,6740.0,8702.0,41694,25056,3130.0,0.0,19445.0,48905,11889.0,11454.0,17757.0,0.0
24405,19455.0,12570,2457,0.0,0.0,4275.0,13753.0,52400.0,16794.0,7475.0,90190.0,5538.0,7206,0.0,0.0,0.0,0.0,4775.0,18993.0,5170.0,10035.0,11332,0.0,16300.0,0.0,6864,17174.0,0.0,6835.0,8899.0,42200,25625,3230.0,0.0,19603.0,48800,12000.0,11525.0,18366.0,0.0
25442,19580.0,12692,2452,0.0,0.0,4257.0,13445.0,52050.0,16850.0,7366.0,91569.0,5570.0,7174,0.0,0.0,0.0,0.0,4680.0,19276.0,5040.0,9980.0,11475,0.0,16610.0,0.0,6856,17151.0,0.0,6806.0,8816.0,43000,25089,3275.0,0.0,19801.0,48018,12081.0,11738.0,18494.0,0.0
26400,19800.0,12500,2457,0.0,0.0,4200.0,12980.0,52135.0,16799.0,7400.0,93953.0,5795.0,7210,0.0,0.0,0.0,0.0,4748.0,19710.0,4813.0,9798.0,11615,0.0,16994.0,0.0,7038,17294.0,0.0,6945.0,8720.0,42200,25380,3356.0,0.0,20350.0,48131,12490.0,11579.0,18845.0,0.0
26900,19727.0,12335,2430,0.0,0.0,4145.0,12755.0,52050.0,16500.0,7425.0,94215.0,5718.0,7182,0.0,0.0,0.0,0.0,4706.0,19414.0,4740.0,9878.0,11723,0.0,16920.0,0.0,6900,17250.0,0.0,6873.0,8699.0,42500,24668,3340.0,0.0,20300.0,48474,12375.0,11654.0,18820.0,0.0
27150,19321.0,12200,2423,0.0,0.0,4115.0,12581.0,52385.0,16451.0,7300.0,93939.0,5682.0,7154,0.0,0.0,0.0,0.0,4745.0,19649.0,4655.0,9823.0,11650,0.0,16900.0,0.0,6911,17198.0,0.0,6875.0,8571.0,42000,24684,3310.0,0.0,20000.0,47889,12365.0,11900.0,18900.0,0.0
27102,19478.0,12195,2412,0.0,0.0,4178.0,12749.0,52550.0,16800.0,7375.0,95587.0,5800.0,7190,0.0,0.0,0.0,0.0,4800.0,19787.0,4679.0,9762.0,11840,0.0,16910.0,0.0,6700,17081.0,0.0,6650.0,8654.0,42700,24661,3370.0,0.0,20200.0,47834,12450.0,12100.0,18975.0,0.0
26351,19400.0,12136,2368,0.0,0.0,4107.0,12510.0,52258.0,16455.0,7280.0,91839.0,5635.0,7140,0.0,0.0,0.0,0.0,4760.0,19362.0,4700.0,9822.0,11666,0.0,16660.0,0.0,6598,17000.0,0.0,6540.0,8550.0,42200,24672,3322.0,0.0,20150.0,47200,12150.0,12030.0,18958.0,0.0
26305,19650.0,13076,2470,0.0,0.0,4265.0,13800.0,52536.0,16998.0,7520.0,92948.0,5718.0,7249,0.0,0.0,0.0,0.0,4918.0,19900.0,4914.0,10100.0,12100,0.0,16800.0,0.0,6612,16733.0,0.0,6532.0,8875.0,45505,25440,3450.0,0.0,20825.0,47449,12385.0,12170.0,19793.0,0.0
26650,20250.0,12630,2465,0.0,0.0,4174.0,13348.0,53100.0,16850.0,7430.0,92928.0,5750.0,7144,0.0,0.0,0.0,0.0,4821.0,19500.0,4646.0,10085.0,11957,0.0,16800.0,0.0,6550,16707.0,0.0,6496.0,8791.0,44519,25021,3440.0,0.0,20322.0,47709,12303.0,12300.0,19472.0,0.0
26981,20289.0,12690,2480,0.0,0.0,4215.0,13188.0,52975.0,16597.0,7430.0,93932.0,5687.0,7126,0.0,0.0,0.0,0.0,4854.0,19700.0,4756.0,10070.0,12005,0.0,16775.0,0.0,6444,16650.0,0.0,6400.0,8750.0,44410,24827,3410.0,0.0,20510.0,47750,12433.0,12330.0,19310.0,0.0
26981,20289.0,12690,2480,0.0,0.0,4215.0,13188.0,52975.0,16597.0,7430.0,93932.0,5687.0,7126,0.0,0.0,0.0,0.0,4854.0,19700.0,4756.0,10070.0,12005,0.0,16775.0,0.0,6444,16650.0,0.0,6400.0,8750.0,44410,24827,3410.0,0.0,20510.0,47750,12433.0,12330.0,19310.0,0.0
27072,20127.0,12781,2516,0.0,0.0,4202.0,13215.0,52880.0,16578.0,7570.0,94193.0,5625.0,7203,0.0,0.0,0.0,0.0,4872.0,20015.0,4700.0,10083.0,12130,0.0,17309.0,0.0,6446,17150.0,0.0,6430.0,8724.0,44280,25110,3470.0,0.0,20740.0,48589,12677.0,12667.0,19848.0,0.0
26760,20200.0,12514,2505,0.0,0.0,4195.0,13412.0,53263.0,16533.0,7431.0,93578.0,5665.0,7127,0.0,0.0,0.0,0.0,4820.0,19795.0,4702.0,10081.0,12165,0.0,17000.0,0.0,6423,17040.0,0.0,6442.0,8475.0,44000,24989,3445.0,0.0,20675.0,48203,12300.0,12600.0,19500.0,0.0
26830,20261.0,12525,2504,0.0,0.0,4230.0,13457.0,53670.0,16525.0,7304.0,93688.0,5381.0,7154,0.0,0.0,0.0,0.0,4815.0,19460.0,4700.0,10246.0,12080,0.0,16987.0,0.0,6541,17021.0,0.0,6520.0,8300.0,44000,25045,3392.0,0.0,20502.0,48304,12200.0,12590.0,19870.0,0.0
26275,20100.0,12387,2465,0.0,0.0,4240.0,13442.0,53569.0,16450.0,7419.0,92782.0,5475.0,7062,0.0,0.0,0.0,0.0,4686.0,19400.0,4609.0,10094.0,11988,0.0,16540.0,0.0,6597,17009.0,0.0,6511.0,8108.0,43619,24649,3350.0,0.0,20450.0,47893,12120.0,12445.0,19600.0,0.0
26250,20120.0,12190,2483,0.0,0.0,4075.0,12951.0,52497.0,16232.0,7485.0,93563.0,5495.0,7098,0.0,0.0,0.0,0.0,4741.0,19706.0,4480.0,10240.0,11986,0.0,16500.0,0.0,6560,16892.0,0.0,6499.0,8155.0,42047,24012,3436.0,0.0,20475.0,48120,12275.0,12640.0,19800.0,0.0
26220,20279.0,11969,2465,0.0,0.0,3925.0,13178.0,51950.0,16000.0,7475.0,93423.0,5580.0,7154,0.0,0.0,0.0,0.0,4811.0,19562.0,4537.0,10175.0,11932,0.0,16630.0,0.0,6640,17000.0,0.0,6529.0,8220.0,40750,24321,3415.0,0.0,20390.0,48235,12250.0,12698.0,19839.0,0.0
26390,20383.0,12018,2470,0.0,0.0,3925.0,12935.0,52000.0,16200.0,7480.0,93738.0,5600.0,7240,0.0,0.0,0.0,0.0,4850.0,19461.0,4539.0,10286.0,12166,0.0,17130.0,0.0,6605,17011.0,0.0,6528.0,8200.0,41000,23925,3450.0,0.0,20750.0,48866,12513.0,12720.0,19815.0,0.0
26500,20700.0,11738,2470,0.0,0.0,3900.0,12753.0,51700.0,16316.0,7452.0,94332.0,5598.0,7239,0.0,0.0,0.0,0.0,4777.0,19499.0,4506.0,10252.0,12242,0.0,16950.0,0.0,6609,17020.0,0.0,6484.0,8128.0,40625,24013,3446.0,0.0,20650.0,49001,12575.0,12374.0,19910.0,0.0
26335,20940.0,11790,2475,0.0,0.0,3920.0,13020.0,51356.0,16449.0,7500.0,94667.0,5498.0,7268,0.0,0.0,0.0,0.0,4732.0,19350.0,4496.0,10149.0,12253,0.0,17085.0,0.0,6569,17132.0,0.0,6482.0,7975.0,40200,23773,3389.0,0.0,20675.0,48599,12556.0,11600.0,19300.0,0.0
26131,20950.0,11759,2450,0.0,0.0,3953.0,13026.0,51579.0,16050.0,7422.0,94145.0,5490.0,7167,0.0,0.0,0.0,0.0,4730.0,19400.0,4462.0,9989.0,12160,0.0,16980.0,0.0,6476,16712.0,0.0,6389.0,7800.0,40300,23479,3358.0,0.0,20700.0,48463,12200.0,11337.0,18855.0,0.0
26150,20700.0,11828,2430,0.0,0.0,3971.0,12579.0,51106.0,16010.0,7373.0,89940.0,5480.0,7203,0.0,0.0,0.0,0.0,4635.0,19130.0,4391.0,9770.0,12000,0.0,16950.0,0.0,6385,16260.0,0.0,6308.0,7800.0,40000,23042,3322.0,0.0,20600.0,48200,12277.0,11380.0,19100.0,0.0
26490,20825.0,11800,2429,0.0,0.0,4100.0,13150.0,51250.0,16010.0,7444.0,90639.0,5540.0,7231,0.0,0.0,0.0,0.0,4731.0,19543.0,4453.0,9880.0,12200,0.0,17080.0,0.0,6540,16639.0,0.0,6454.0,8000.0,41600,23464,3422.0,0.0,20750.0,48865,12433.0,11510.0,19570.0,0.0
26600,21050.0,11777,2460,0.0,0.0,4099.0,12918.0,51144.0,16052.0,7433.0,92638.0,5580.0,7238,0.0,0.0,0.0,0.0,4795.0,19610.0,4347.0,10046.0,12230,0.0,17210.0,0.0,6736,16739.0,0.0,6683.0,8000.0,41500,23800,3420.0,0.0,20503.0,49250,12510.0,11500.0,19800.0,0.0
26550,20872.0,11700,2450,0.0,0.0,4107.0,13375.0,51700.0,16117.0,7375.0,92236.0,5595.0,7224,0.0,0.0,0.0,0.0,4814.0,19705.0,4410.0,10025.0,12235,0.0,16960.0,0.0,6793,17000.0,0.0,6756.0,8030.0,41550,24156,3475.0,0.0,20700.0,49187,12348.0,11350.0,19700.0,0.0
26600,21700.0,12168,2485,0.0,0.0,4099.0,13342.0,51300.0,16330.0,7509.0,95334.0,5650.0,7293,0.0,0.0,0.0,0.0,4943.0,19901.0,4347.0,10025.0,12440,0.0,17155.0,0.0,6800,17191.0,0.0,6790.0,8199.0,42000,24877,3548.0,0.0,20829.0,50201,12400.0,11410.0,19975.0,0.0
26501,21575.0,12262,2513,0.0,0.0,4210.0,13540.0,51300.0,16080.0,7552.0,96982.0,5770.0,7323,0.0,0.0,0.0,0.0,4980.0,20150.0,4380.0,9822.0,12750,0.0,17500.0,0.0,6820,17218.0,0.0,6756.0,8261.0,42400,24677,3585.0,0.0,21247.0,50160,12450.0,11447.0,20290.0,0.0
26500,21200.0,12200,2532,0.0,0.0,4244.0,14324.0,52219.0,16100.0,7470.0,94787.0,5760.0,7230,0.0,0.0,0.0,0.0,4956.0,20101.0,4435.0,9892.0,12620,0.0,17410.0,0.0,6739,17390.0,0.0,6700.0,8224.0,42632,24454,3572.0,0.0,21083.0,50126,12450.0,11400.0,20379.0,0.0
26650,21152.0,12161,2564,0.0,0.0,4200.0,14413.0,52537.0,15500.0,7661.0,94937.0,5760.0,7294,0.0,0.0,0.0,0.0,5227.0,20450.0,4437.0,10048.0,12700,0.0,17550.0,0.0,6819,17200.0,0.0,6758.0,8185.0,43655,24223,3570.0,0.0,21124.0,50622,12665.0,11385.0,19900.0,0.0
26500,21200.0,12250,2551,0.0,0.0,4200.0,14716.0,52900.0,15521.0,7748.0,95936.0,5663.0,7421,0.0,0.0,0.0,0.0,5286.0,20267.0,4443.0,10144.0,12769,0.0,17726.0,0.0,6875,17535.0,0.0,6845.0,8244.0,42823,24275,3582.0,0.0,21357.0,51181,12800.0,11160.0,19835.0,0.0
26500,21401.0,12650,2535,0.0,0.0,4250.0,15882.0,53418.0,15715.0,7700.0,96128.0,5600.0,7393,0.0,0.0,0.0,0.0,5500.0,20150.0,4632.0,10261.0,12567,0.0,17975.0,0.0,6889,17467.0,0.0,6841.0,8400.0,43114,24470,3545.0,0.0,21000.0,50482,12859.0,11400.0,20374.0,0.0
26300,20850.0,12280,2534,0.0,0.0,4200.0,15776.0,53300.0,15100.0,7616.0,93938.0,5620.0,7292,0.0,0.0,0.0,0.0,5351.0,20104.0,4646.0,10338.0,12560,0.0,18050.0,0.0,6872,17475.0,0.0,6842.0,8300.0,42650,23715,3533.0,0.0,21107.0,50000,12952.0,11555.0,20114.0,0.0
26100,20900.0,12315,2534,0.0,0.0,4183.0,15532.0,53394.0,15325.0,7676.0,93763.0,6070.0,7350,0.0,0.0,0.0,0.0,5270.0,20000.0,4623.0,10252.0,12427,0.0,17901.0,0.0,6914,17611.0,0.0,6901.0,8315.0,41626,23795,3551.0,0.0,20920.0,50167,12888.0,11400.0,19830.0,0.0
26521,21150.0,12480,2545,0.0,0.0,4098.0,15438.0,54170.0,15300.0,7675.0,93738.0,6080.0,7295,0.0,0.0,0.0,0.0,5256.0,19960.0,4658.0,10164.0,12450,0.0,18080.0,0.0,7010,17713.0,0.0,7000.0,8400.0,41500,23919,3517.0,0.0,21100.0,49701,12800.0,11500.0,19700.0,0.0
27012,21300.0,12385,2533,0.0,0.0,4080.0,15944.0,54516.0,15500.0,7695.0,93539.0,6100.0,7414,0.0,0.0,0.0,0.0,5350.0,20201.0,4886.0,10264.0,12673,0.0,18150.0,0.0,7000,17485.0,0.0,6982.0,8450.0,41067,23845,3600.0,0.0,21540.0,50600,12874.0,11659.0,19700.0,0.0
27500,21406.0,12375,2517,0.0,0.0,4198.0,16229.0,54400.0,15500.0,7707.0,93288.0,6180.0,7505,0.0,0.0,0.0,0.0,5329.0,20394.0,4800.0,10245.0,12750,0.0,18350.0,0.0,6876,17534.0,0.0,6853.0,8500.0,41203,23867,3600.0,0.0,21750.0,50733,12953.0,11697.0,19690.0,0.0
27698,21400.0,12235,2545,0.0,0.0,4224.0,16116.0,54600.0,15500.0,7697.0,93902.0,6238.0,7522,0.0,0.0,0.0,0.0,5385.0,20650.0,4796.0,10303.0,12740,0.0,18390.0,0.0,7037,17760.0,0.0,7001.0,8455.0,41432,24155,3619.0,0.0,21750.0,51449,12901.0,11590.0,19900.0,0.0
27947,21400.0,12200,2550,0.0,0.0,4120.0,15270.0,55400.0,15400.0,7550.0,93838.0,6255.0,7511,0.0,0.0,0.0,0.0,5388.0,20440.0,4710.0,10207.0,12752,0.0,18380.0,0.0,7122,17820.0,0.0,6978.0,8500.0,40613,23807,3600.0,0.0,21800.0,51290,12850.0,11500.0,19954.0,0.0
27948,21350.0,12135,2500,0.0,0.0,4119.0,15372.0,55541.0,15340.0,7510.0,93438.0,6195.0,7477,0.0,0.0,0.0,0.0,5395.0,20450.0,4601.0,10351.0,12694,0.0,18650.0,0.0,7105,17942.0,0.0,7078.0,8571.0,40326,23856,3543.0,0.0,21665.0,50600,12861.0,11601.0,19900.0,0.0
27500,21285.0,12046,2466,0.0,0.0,4060.0,15075.0,55577.0,15300.0,7469.0,93338.0,6126.0,7491,0.0,0.0,0.0,0.0,5400.0,20270.0,4557.0,10476.0,12540,0.0,18775.0,0.0,7129,18250.0,0.0,7100.0,8412.0,40000,24150,3536.0,0.0,21780.0,50200,12850.0,11620.0,19901.0,0.0
27499,21357.0,12763,2465,0.0,0.0,4125.0,14901.0,56141.0,15580.0,7394.0,91939.0,6120.0,7547,0.0,0.0,0.0,0.0,5374.0,19974.0,4455.0,10377.0,12351,0.0,18749.0,0.0,7022,18206.0,0.0,6987.0,8350.0,41500,25151,3479.0,0.0,21375.0,50241,12945.0,11510.0,19800.0,0.0
27700,21233.0,13360,2480,0.0,0.0,4245.0,15820.0,56750.0,15600.0,7404.0,92838.0,6120.0,7575,0.0,0.0,0.0,0.0,5394.0,20080.0,4565.0,10525.0,12459,0.0,18535.0,0.0,7053,17565.0,0.0,7048.0,8356.0,42500,25699,3445.0,0.0,21570.0,50450,12950.0,11527.0,20090.0,0.0
27700,21190.0,13624,2500,0.0,0.0,4268.0,16089.0,56725.0,15510.0,7225.0,92938.0,6042.0,7562,0.0,0.0,0.0,0.0,5380.0,20133.0,4673.0,10460.0,12450,0.0,18202.0,0.0,7100,17192.0,0.0,7082.0,8327.0,44500,25283,3428.0,0.0,21300.0,51195,12700.0,11640.0,20024.0,0.0
26926,20200.0,13500,2475,0.0,0.0,4180.0,15475.0,56851.0,15245.0,7220.0,91739.0,5975.0,7338,0.0,0.0,0.0,0.0,5300.0,19611.0,4610.0,10320.0,12451,0.0,18055.0,0.0,6883,16815.0,0.0,6909.0,8100.0,43200,24473,3320.0,0.0,21075.0,50598,12600.0,11492.0,19830.0,0.0
26600,20323.0,13506,2420,0.0,0.0,4100.0,15475.0,56849.0,15230.0,7060.0,92389.0,5930.0,7323,0.0,0.0,0.0,0.0,5309.0,19452.0,4515.0,10413.0,12439,0.0,17766.0,0.0,7040,17400.0,0.0,7000.0,8252.0,42700,24383,3320.0,0.0,20993.0,50300,12300.0,11475.0,19788.0,0.0
27100,20100.0,13450,2405,0.0,0.0,4239.0,15831.0,56550.0,15000.0,7000.0,93359.0,5905.0,7294,0.0,0.0,0.0,0.0,5309.0,19400.0,4660.0,10384.0,12505,5710.0,17830.0,0.0,7015,17306.0,0.0,7010.0,8311.0,42451,23917,3328.0,0.0,20929.0,50502,12200.0,11851.0,19873.0,0.0
26810,20000.0,13023,2382,0.0,0.0,4100.0,15620.0,55970.0,14819.0,6880.0,90284.0,5950.0,7195,0.0,0.0,0.0,0.0,5142.0,19200.0,4555.0,10023.0,12175,5387.0,17441.0,0.0,6837,16654.0,0.0,6836.0,8125.0,41650,23343,3286.0,0.0,20350.0,50634,12522.0,12100.0,19728.0,0.0
26600,20155.0,13090,2383,0.0,0.0,4067.0,16035.0,56165.0,14694.0,6964.0,94208.0,6199.0,7189,0.0,0.0,0.0,0.0,5210.0,19355.0,4653.0,10180.0,12257,5370.0,17551.0,0.0,6990,16513.0,0.0,7029.0,8206.0,41800,23197,3290.0,0.0,20714.0,50918,12900.0,12252.0,19186.0,0.0
26518,20200.0,13250,2443,0.0,0.0,4060.0,16038.0,55417.0,14600.0,7278.0,93366.0,6386.0,7255,0.0,0.0,0.0,0.0,5180.0,19527.0,4769.0,10235.0,12273,5342.0,17775.0,0.0,6946,16616.0,0.0,6994.0,8101.0,42120,23492,3300.0,0.0,20930.0,51750,13125.0,12915.0,19786.0,0.0
26830,20500.0,13441,2470,0.0,0.0,4175.0,15580.0,55285.0,14600.0,7365.0,94437.0,6500.0,7325,0.0,0.0,0.0,0.0,5230.0,19766.0,4605.0,10321.0,12325,5324.0,18027.0,0.0,7001,16674.0,0.0,7021.0,8160.0,42450,23442,3360.0,0.0,21075.0,51900,13225.0,12825.0,19751.0,0.0
26740,20270.0,13430,2484,0.0,0.0,4119.0,14945.0,55410.0,14400.0,7220.0,93843.0,6410.0,7316,0.0,0.0,0.0,0.0,5214.0,19644.0,4582.0,10314.0,12225,5296.0,17545.0,0.0,6960,16580.0,0.0,6947.0,8121.0,41200,22962,3310.0,0.0,20991.0,51396,13080.0,12750.0,19523.0,0.0
25700,20300.0,13275,2500,0.0,0.0,4188.0,14569.0,55085.0,14250.0,7494.0,94183.0,6398.0,7318,0.0,0.0,0.0,0.0,5240.0,19624.0,4402.0,10243.0,12377,5210.0,17745.0,0.0,6935,16650.0,0.0,6974.0,8210.0,40979,22959,3325.0,0.0,21005.0,51719,13100.0,12901.0,19891.0,0.0
25153,20350.0,12775,2455,0.0,0.0,4120.0,13930.0,53988.0,14241.0,7441.0,93857.0,6358.0,7266,0.0,0.0,0.0,0.0,5183.0,19304.0,4187.0,10175.0,12236,5162.0,17562.0,0.0,6840,16492.0,0.0,6895.0,8119.0,39800,22511,3300.0,0.0,20800.0,50982,13025.0,12719.0,19527.0,0.0
25400,20009.0,12154,2455,0.0,0.0,4066.0,14005.0,53520.0,13900.0,7450.0,93938.0,6310.0,7066,0.0,0.0,0.0,0.0,5168.0,19312.0,4085.0,10160.0,12117,5098.0,17167.0,0.0,6909,16300.0,0.0,6967.0,8115.0,39320,22553,3280.0,0.0,20383.0,50390,12955.0,12550.0,19366.0,0.0
25700,20100.0,11840,2472,0.0,0.0,4000.0,13430.0,53680.0,13966.0,7400.0,97136.0,6333.0,7226,0.0,0.0,0.0,0.0,5190.0,19400.0,4034.0,10194.0,12157,5074.0,17503.0,0.0,6849,16146.0,0.0,6909.0,8225.0,39102,22271,3300.0,0.0,20530.0,50429,12970.0,12244.0,19846.0,0.0
25800,19850.0,11600,2393,0.0,0.0,4041.0,13309.0,53794.0,13871.0,7270.0,93131.0,6217.0,6930,0.0,0.0,0.0,0.0,5045.0,19209.0,4057.0,10166.0,11925,4999.0,17221.0,0.0,6829,16235.0,0.0,6880.0,8051.0,38651,21889,3185.0,0.0,20300.0,50012,12700.0,12389.0,19514.0,0.0
25710,19711.0,11451,2444,0.0,0.0,3950.0,13348.0,54710.0,13934.0,7330.0,95237.0,6340.0,7088,0.0,0.0,0.0,0.0,5085.0,19217.0,4034.0,10423.0,12011,5129.0,17749.0,0.0,6932,16811.0,0.0,7000.0,8075.0,37832,22249,3300.0,0.0,20807.0,49999,12806.0,12140.0,19698.0,0.0
26100,19830.0,12000,2429,0.0,0.0,3980.0,13468.0,54416.0,14198.0,7396.0,96936.0,6364.0,7190,0.0,0.0,0.0,0.0,5129.0,19310.0,4124.0,10505.0,12200,5239.0,17681.0,0.0,7154,17020.0,0.0,7180.0,8090.0,39373,23008,3358.0,0.0,21005.0,50500,12900.0,12186.0,19920.0,0.0
26263,19900.0,11825,2404,0.0,0.0,4000.0,13552.0,54223.0,14031.0,7401.0,97224.0,6446.0,7191,0.0,0.0,0.0,0.0,5157.0,19455.0,4072.0,10449.0,12065,5214.0,17882.0,0.0,7120,16868.0,0.0,7186.0,8149.0,40300,22641,3381.0,0.0,21070.0,50410,13000.0,12182.0,19828.0,0.0
26300,19600.0,11800,2404,0.0,0.0,3982.0,13701.0,54273.0,14135.0,7369.0,98050.0,6400.0,7215,0.0,0.0,0.0,0.0,5188.0,19376.0,3970.0,10386.0,12200,5180.0,17650.0,0.0,7090,16379.0,0.0,7146.0,8245.0,39031,22011,3385.0,0.0,21070.0,49855,12680.0,12001.0,19765.0,0.0
25487,19500.0,11590,2355,0.0,0.0,3943.0,12850.0,54027.0,13943.0,7154.0,96931.0,6368.0,7054,0.0,0.0,0.0,0.0,4995.0,19170.0,3920.0,10174.0,11976,5190.0,17100.0,0.0,6967,16060.0,0.0,6963.0,8087.0,38000,21991,3280.0,0.0,20700.0,49473,12350.0,11914.0,19100.0,0.0
25046,19500.0,11310,2341,0.0,0.0,3861.0,12921.0,54737.0,13900.0,7198.0,95437.0,6219.0,7021,0.0,0.0,0.0,0.0,4940.0,18973.0,3792.0,10135.0,11972,5199.0,16715.0,0.0,6877,16020.0,0.0,6981.0,7980.0,37613,22188,3290.0,0.0,20500.0,49600,12250.0,11803.0,19057.0,0.0
25502,19552.0,11399,2340,0.0,0.0,3907.0,12758.0,54500.0,14027.0,7190.0,98905.0,6250.0,7095,0.0,0.0,0.0,0.0,5015.0,19004.0,3681.0,10195.0,12015,5250.0,16575.0,0.0,7038,16108.0,0.0,7029.0,7910.0,37700,22500,3313.0,0.0,20850.0,50425,12325.0,11870.0,19599.0,0.0
26188,20050.0,11600,2340,0.0,0.0,3969.0,12737.0,54129.0,14103.0,7442.0,99954.0,6230.0,7263,0.0,0.0,0.0,0.0,5100.0,19619.0,3729.0,10065.0,12288,5220.0,16550.0,0.0,7116,16184.0,0.0,7115.0,7988.0,38029,22390,3405.0,0.0,21070.0,51200,12421.0,12009.0,20140.0,0.0
26440,20105.0,11670,2340,0.0,0.0,4023.0,12550.0,53992.0,14205.0,7540.0,101922.0,6250.0,7505,0.0,0.0,0.0,0.0,5110.0,19650.0,3726.0,10129.0,12399,5210.0,16699.0,0.0,7001,16250.0,0.0,7010.0,7930.0,38150,22519,3425.0,0.0,21000.0,50185,12786.0,12395.0,20319.0,0.0
26236,20400.0,11789,2337,0.0,0.0,4025.0,13420.0,53829.0,14620.0,7380.0,101932.0,6159.0,7379,0.0,0.0,0.0,0.0,5145.0,19700.0,3814.0,10181.0,12249,5240.0,16550.0,0.0,6994,16506.0,0.0,6987.0,7800.0,38005,22514,3386.0,0.0,20716.0,49754,12749.0,12351.0,20256.0,0.0
26183,20150.0,11600,2317,0.0,0.0,3975.0,13139.0,53801.0,14351.0,7497.0,103731.0,6110.0,7403,0.0,0.0,0.0,0.0,5073.0,19550.0,3807.0,10190.0,12299,5224.0,16400.0,0.0,7067,16050.0,0.0,7066.0,7825.0,37700,22095,3379.0,0.0,20477.0,49485,12567.0,12125.0,20084.0,0.0
25363,20226.0,11142,2272,0.0,0.0,3966.0,12185.0,53392.0,14146.0,7266.0,99134.0,5929.0,7179,0.0,0.0,0.0,0.0,4960.0,18690.0,3576.0,9904.0,12115,5092.0,16118.0,0.0,6731,15293.0,0.0,6810.0,7805.0,36593,21622,3270.0,0.0,19976.0,48128,12500.0,11983.0,19223.0,0.0
25645,20175.0,10919,2265,0.0,0.0,3913.0,12142.0,52600.0,14550.0,7134.0,100733.0,5906.0,7135,0.0,0.0,0.0,0.0,4970.0,18995.0,3532.0,9900.0,12002,5079.0,15975.0,0.0,6838,15210.0,0.0,6837.0,7778.0,36373,21220,3292.0,0.0,19950.0,48380,12272.0,11999.0,19449.0,0.0
25645,20175.0,10919,2265,0.0,0.0,3913.0,12142.0,52600.0,14550.0,7134.0,100733.0,5906.0,7135,0.0,0.0,0.0,0.0,4970.0,18995.0,3532.0,9900.0,12002,5079.0,15975.0,0.0,6838,15210.0,0.0,6837.0,7778.0,36373,21220,3292.0,0.0,19950.0,48380,12272.0,11999.0,19449.0,0.0
26298,20200.0,11145,2294,0.0,0.0,3900.0,12372.0,53300.0,14300.0,7284.0,99934.0,6060.0,7295,0.0,0.0,0.0,0.0,5100.0,19282.0,3529.0,9958.0,12300,5196.0,16241.0,0.0,6905,16278.0,0.0,7012.0,7890.0,36576,21527,3350.0,0.0,20094.0,49650,12841.0,12348.0,19862.0,0.0
26800,20271.0,10949,2300,0.0,0.0,3957.0,12200.0,53875.0,14530.0,7225.0,101000.0,6108.0,7247,0.0,0.0,0.0,0.0,5078.0,19200.0,3375.0,9950.0,12159,5213.0,15970.0,0.0,6972,16319.0,0.0,7010.0,7809.0,36260,21645,3342.0,0.0,20102.0,49183,12880.0,12287.0,19950.0,0.0
26600,20300.0,11102,2330,0.0,0.0,4000.0,11680.0,54227.0,14320.0,7499.0,103370.0,6280.0,7266,0.0,0.0,0.0,0.0,5168.0,20121.0,3231.0,9952.0,12500,5233.0,16231.0,0.0,7181,16595.0,0.0,7220.0,7910.0,36200,21602,3400.0,0.0,20200.0,49400,13100.0,12570.0,20340.0,0.0
26368,20300.0,11779,2349,0.0,0.0,4124.0,11756.0,54201.0,14029.0,7477.0,102932.0,6300.0,7309,0.0,0.0,0.0,0.0,5145.0,20051.0,3140.0,10061.0,12749,5203.0,16315.0,0.0,7285,16694.0,0.0,7345.0,7996.0,37882,21440,3399.0,0.0,20911.0,49900,13580.0,12840.0,20702.0,0.0
27100,20240.0,11669,2370,0.0,0.0,4156.0,11614.0,53958.0,14328.0,7530.0,103881.0,6250.0,7463,0.0,0.0,0.0,0.0,5240.0,20300.0,3172.0,10134.0,12705,5178.0,16350.0,0.0,7312,16726.0,0.0,7361.0,8165.0,38922,21355,3386.0,0.0,20396.0,50557,13339.0,12949.0,20728.0,0.0
27000,20245.0,11700,2379,0.0,0.0,4050.0,11590.0,54606.0,14314.0,7550.0,104142.0,6252.0,7479,0.0,0.0,0.0,0.0,5196.0,20233.0,3194.0,10232.0,12850,5191.0,16390.0,0.0,7136,16812.0,0.0,7202.0,8175.0,38700,21627,3404.0,0.0,20437.0,50465,13319.0,13000.0,20680.0,0.0
27000,20245.0,11700,2379,0.0,0.0,4050.0,11590.0,54606.0,14314.0,7550.0,104142.0,6252.0,7479,0.0,0.0,0.0,0.0,5196.0,20233.0,3194.0,10232.0,12850,5191.0,16390.0,0.0,7136,16812.0,0.0,7202.0,8175.0,38700,21627,3404.0,0.0,20437.0,50465,13319.0,13000.0,20680.0,0.0
27000,20245.0,11700,2379,0.0,0.0,4050.0,11590.0,54606.0,14314.0,7550.0,104142.0,6252.0,7479,0.0,0.0,0.0,0.0,5196.0,20233.0,3194.0,10232.0,12850,5191.0,16390.0,0.0,7136,16812.0,0.0,7202.0,8175.0,38700,21627,3404.0,0.0,20437.0,50465,13319.0,13000.0,20680.0,0.0
27295,20440.0,12100,2415,0.0,0.0,4185.0,12240.0,55977.0,14550.0,7539.0,106066.0,6398.0,7507,0.0,0.0,0.0,0.0,5240.0,20500.0,3299.0,10412.0,12859,5455.0,16230.0,0.0,7352,17500.0,0.0,7420.0,8330.0,39800,22429,3474.0,0.0,20807.0,51100,13331.0,13132.0,21095.0,0.0
27183,20765.0,12279,2438,0.0,0.0,4101.0,12388.0,55473.0,14734.0,7460.0,107729.0,6315.0,7575,0.0,0.0,0.0,0.0,5291.0,20788.0,3325.0,10465.0,13019,5465.0,16325.0,0.0,7416,18051.0,0.0,7500.0,8400.0,39780,23032,3542.0,0.0,20926.0,51542,13399.0,13400.0,21621.0,0.0
26872,20827.0,12300,2428,0.0,0.0,4200.0,12292.0,56013.0,14646.0,7465.0,109528.0,6279.0,7529,0.0,0.0,0.0,0.0,5324.0,20782.0,3289.0,10458.0,12942,5481.0,16400.0,0.0,7450,18119.0,0.0,7557.0,8450.0,39391,22900,3589.0,0.0,21000.0,51450,13154.0,13300.0,21702.0,0.0
26872,20827.0,12300,2428,0.0,0.0,4200.0,12292.0,56013.0,14646.0,7465.0,109528.0,6279.0,7529,0.0,0.0,0.0,0.0,5324.0,20782.0,3289.0,10458.0,12942,5481.0,16400.0,0.0,7450,18119.0,0.0,7557.0,8450.0,39391,22900,3589.0,0.0,21000.0,51450,13154.0,13300.0,21702.0,0.0
27305,20950.0,12700,2420,0.0,0.0,4214.0,13032.0,56246.0,15000.0,7571.0,110525.0,6280.0,7596,0.0,0.0,0.0,0.0,5340.0,21071.0,3450.0,10700.0,13031,5409.0,16550.0,0.0,7436,18280.0,0.0,7501.0,8515.0,39701,22699,3571.0,0.0,21100.0,51704,13356.0,13261.0,21714.0,0.0
27353,20704.0,12703,2405,0.0,0.0,4155.0,13096.0,55909.0,15198.0,7460.0,108403.0,6290.0,7491,0.0,0.0,0.0,0.0,5290.0,20675.0,3477.0,10499.0,12853,5349.0,16351.0,0.0,7448,17951.0,0.0,7509.0,8401.0,39900,22500,3550.0,0.0,20719.0,51611,13300.0,13200.0,21525.0,0.0
26801,20340.0,12755,2370,0.0,0.0,4216.0,13045.0,56144.0,15081.0,7350.0,108163.0,6203.0,7449,0.0,0.0,0.0,0.0,5160.0,20500.0,3404.0,10490.0,12630,5364.0,16199.0,0.0,7355,17833.0,0.0,7461.0,8187.0,39372,22406,3462.0,0.0,20115.0,51610,12903.0,13149.0,21145.0,0.0
27089,20900.0,12793,2397,0.0,0.0,4073.0,12453.0,55757.0,15000.0,7377.0,107928.0,6186.0,7522,0.0,0.0,0.0,0.0,5256.0,20800.0,3345.0,10245.0,12886,5370.0,16173.0,0.0,7387,17659.0,0.0,7450.0,8450.0,38765,22239,3500.0,0.0,20400.0,52105,12800.0,13300.0,21447.0,0.0
26961,20700.0,12600,2362,0.0,0.0,4040.0,12493.0,55759.0,15083.0,7226.0,108780.0,6071.0,7448,0.0,0.0,0.0,0.0,5107.0,20594.0,3320.0,10120.0,12792,5567.0,15897.0,0.0,7486,17624.0,0.0,7550.0,8336.0,38133,22319,3445.0,0.0,20236.0,51768,12403.0,12925.0,21224.0,0.0
26500,20670.0,11801,2355,0.0,0.0,3991.0,12417.0,55448.0,14830.0,7100.0,107092.0,6065.0,7403,0.0,0.0,0.0,0.0,5196.0,20402.0,3290.0,10104.0,12695,5542.0,15900.0,0.0,7550,17400.0,0.0,7630.0,8130.0,37207,22050,3378.0,0.0,20250.0,51350,12470.0,13005.0,21121.0,0.0
26279,20300.0,11296,2376,0.0,0.0,3970.0,12340.0,54701.0,14711.0,7289.0,108378.0,6200.0,7352,0.0,0.0,0.0,0.0,5272.0,20494.0,3235.0,10400.0,12753,5587.0,16031.0,0.0,7589,17628.0,0.0,7676.0,8205.0,36730,22015,3385.0,0.0,20505.0,51300,12634.0,13233.0,21268.0,0.0
26500,20400.0,11615,2420,0.0,0.0,4250.0,13015.0,53216.0,14809.0,7459.0,109306.0,6125.0,7575,0.0,0.0,0.0,0.0,5370.0,20896.0,3341.0,10539.0,13025,5635.0,16070.0,0.0,7728,17923.0,0.0,7760.0,8230.0,38001,22479,3432.0,0.0,20717.0,52000,12605.0,13120.0,21500.0,0.0
25990,20360.0,11579,2389,0.0,0.0,4258.0,13701.0,54600.0,14966.0,7340.0,111116.0,6100.0,7508,0.0,0.0,0.0,0.0,5250.0,20504.0,3442.0,10536.0,12850,5640.0,15881.0,0.0,7645,18000.0,0.0,7746.0,8180.0,37837,22460,3375.0,0.0,20445.0,51571,12400.0,13010.0,21025.0,0.0
26174,20600.0,11600,2400,0.0,0.0,4191.0,13550.0,54837.0,15140.0,7150.0,114674.0,6120.0,7584,0.0,0.0,0.0,0.0,5259.0,20450.0,3435.0,10650.0,12800,5680.0,15620.0,0.0,7687,18348.0,0.0,7820.0,8219.0,38878,23759,3400.0,0.0,20586.0,52367,12449.0,12855.0,21046.0,0.0
25870,20400.0,11685,2350,0.0,0.0,4256.0,13834.0,54970.0,15401.0,7013.0,115174.0,6123.0,7561,0.0,0.0,0.0,0.0,5110.0,20272.0,3545.0,10463.0,12751,5870.0,15875.0,0.0,7770,18202.0,0.0,7810.0,8046.0,39501,24739,3380.0,0.0,20400.0,53217,12600.0,12840.0,21360.0,0.0
25530,20350.0,12006,2316,0.0,0.0,4365.0,14450.0,54852.0,15750.0,6875.0,116423.0,5959.0,7407,0.0,0.0,0.0,0.0,4951.0,20250.0,3650.0,10467.0,12645,6020.0,15165.0,0.0,7725,17915.0,0.0,7732.0,7940.0,40581,24882,3343.0,0.0,20380.0,53700,12211.0,13050.0,21125.0,0.0
25581,19790.0,12140,2308,0.0,0.0,4400.0,15121.0,55488.0,15861.0,6860.0,117722.0,5780.0,7492,0.0,0.0,0.0,0.0,4997.0,20232.0,3745.0,10660.0,12570,6050.0,14845.0,0.0,7750,17873.0,0.0,7780.0,8041.0,40860,24865,3330.0,0.0,20250.0,53785,12150.0,12920.0,21150.0,0.0
25750,19845.0,12241,2330,0.0,0.0,4491.0,14400.0,56291.0,15700.0,6949.0,116485.0,5800.0,7439,0.0,0.0,0.0,0.0,5071.0,20303.0,3625.0,10800.0,12455,5950.0,15000.0,0.0,7750,17675.0,0.0,7793.0,8200.0,41765,24184,3400.0,0.0,20305.0,54500,12375.0,13000.0,21240.0,0.0
25800,20040.0,12585,2346,0.0,0.0,4611.0,14665.0,57057.0,15755.0,7028.0,116397.0,5798.0,7568,0.0,0.0,0.0,0.0,5075.0,20370.0,3659.0,10660.0,12725,6034.0,15410.0,0.0,7583,17516.0,0.0,7642.0,8143.0,43200,24550,3421.0,0.0,20525.0,54268,12600.0,13172.0,21400.0,0.0
25760,20000.0,12755,2332,0.0,0.0,4710.0,14800.0,57146.0,15895.0,6922.0,114884.0,5795.0,7467,0.0,0.0,0.0,0.0,4955.0,20300.0,3750.0,10632.0,12712,6085.0,15477.0,0.0,7434,17790.0,0.0,7486.0,8205.0,44201,25234,3400.0,0.0,20521.0,55797,12527.0,13100.0,21366.0,0.0
25263,19802.0,12610,2295,0.0,0.0,4610.0,15800.0,56703.0,15502.0,6844.0,108889.0,5707.0,7263,0.0,0.0,0.0,0.0,4885.0,19800.0,3899.0,10764.0,12295,6050.0,15233.0,0.0,7276,17305.0,0.0,7301.0,8000.0,43799,25158,3289.0,0.0,20200.0,55292,12201.0,12675.0,20962.0,0.0
24724,19390.0,11875,2280,0.0,0.0,4321.0,15800.0,56207.0,15597.0,6576.0,103394.0,5528.0,7165,0.0,0.0,0.0,0.0,4829.0,19190.0,3925.0,10535.0,12050,5960.0,15001.0,0.0,7250,16902.0,0.0,7290.0,7946.0,42849,24687,3271.0,0.0,20000.0,53700,12020.0,12343.0,20764.0,0.0
24855,19250.0,12049,2275,0.0,0.0,4345.0,15255.0,55128.0,15180.0,6620.0,107129.0,5569.0,7176,0.0,0.0,0.0,0.0,4839.0,19200.0,3840.0,10472.0,12196,5998.0,14949.0,0.0,7140,16804.0,0.0,7223.0,7940.0,43550,24749,3275.0,0.0,20100.0,54340,12117.0,12233.0,20512.0,0.0
24397,19100.0,11887,2210,0.0,0.0,4266.0,16310.0,54640.0,15576.0,6325.0,112876.0,5491.0,6876,0.0,0.0,0.0,0.0,4678.0,18665.0,3939.0,10458.0,11801,6030.0,14550.0,0.0,7025,17084.0,0.0,7082.0,7770.0,45800,25850,3200.0,0.0,19300.0,53942,12100.0,11695.0,19650.0,0.0
24464,19000.0,12000,2190,0.0,0.0,4293.0,15963.0,53641.0,15219.0,6125.0,111430.0,5530.0,6911,0.0,0.0,0.0,0.0,4666.0,18439.0,3788.0,10276.0,11501,5922.0,14200.0,0.0,6990,16990.0,0.0,7026.0,7573.0,45996,26410,3102.0,0.0,19087.0,53794,11814.0,11800.0,20015.0,0.0
25079,18850.0,11544,2195,0.0,0.0,4165.0,16276.0,53384.0,14986.0,6050.0,113492.0,5678.0,6933,0.0,0.0,0.0,0.0,4769.0,18548.0,3925.0,10340.0,11695,5902.0,14270.0,0.0,7121,16900.0,0.0,7163.0,7500.0,44271,25957,3112.0,0.0,19271.0,53328,11981.0,11738.0,19749.0,0.0
24971,18840.0,11510,2190,0.0,0.0,4094.0,16530.0,53700.0,14974.0,6079.0,113863.0,5630.0,6913,0.0,0.0,0.0,0.0,4775.0,18249.0,3850.0,10255.0,11595,5823.0,14431.0,0.0,7060,16810.0,0.0,7100.0,7360.0,44089,25969,3048.0,0.0,19215.0,53115,11750.0,11575.0,19664.0,0.0
24727,18499.0,11558,2198,0.0,0.0,4238.0,15982.0,52909.0,14806.0,6071.0,112593.0,5565.0,6897,0.0,0.0,0.0,0.0,4800.0,18000.0,3824.0,10011.0,11417,5685.0,14280.0,0.0,6946,16728.0,0.0,6972.0,7110.0,42336,26084,3055.0,0.0,19370.0,52561,11698.0,11975.0,19789.0,0.0
24920,18375.0,11318,2200,0.0,0.0,4053.0,16280.0,52482.0,14899.0,6049.0,112037.0,5578.0,6635,0.0,0.0,0.0,0.0,4702.0,18000.0,3880.0,10261.0,11416,5679.0,14322.0,0.0,7108,17078.0,0.0,7136.0,7230.0,42500,26400,3041.0,0.0,19120.0,52204,11800.0,11742.0,19403.0,0.0
24714,18050.0,11275,2259,0.0,0.0,4050.0,16235.0,52800.0,14900.0,6179.0,112424.0,5660.0,6726,0.0,0.0,0.0,0.0,4736.0,18110.0,3880.0,10591.0,11585,5800.0,14459.0,0.0,7400,17042.0,0.0,7450.0,7230.0,42200,26326,3067.0,0.0,19196.0,53219,11890.0,11881.0,20070.0,0.0
25100,18400.0,11459,2266,0.0,0.0,4046.0,16433.0,53296.0,15040.0,6250.0,114024.0,5882.0,6846,0.0,0.0,0.0,0.0,4825.0,18590.0,3800.0,10597.0,11800,5919.0,14450.0,0.0,7477,17398.0,0.0,7496.0,7334.0,42140,26525,3145.0,0.0,19650.0,52574,11985.0,11975.0,19900.0,0.0
25500,18500.0,11867,2297,0.0,0.0,4153.0,17574.0,53910.0,14824.0,6187.0,117916.0,5711.0,6839,0.0,0.0,0.0,0.0,5100.0,18889.0,4041.0,10865.0,11709,5936.0,14200.0,0.0,7485,17520.0,0.0,7528.0,7500.0,43953,27208,3125.0,0.0,19400.0,52862,11918.0,11716.0,19690.0,0.0
25290,18500.0,11950,2245,0.0,0.0,4187.0,17922.0,54165.0,14887.0,5971.0,116507.0,5640.0,6695,0.0,0.0,0.0,0.0,5080.0,18499.0,4163.0,10852.0,11560,6000.0,14279.0,0.0,7500,17551.0,0.0,7540.0,7477.0,44400,27490,3105.0,0.0,19330.0,52760,11651.0,11798.0,19600.0,0.0
25410,18100.0,12305,2275,0.0,0.0,4179.0,18550.0,54281.0,15030.0,6136.0,118322.0,5525.0,6781,0.0,0.0,0.0,0.0,5219.0,18553.0,4317.0,10884.0,11770,6130.0,14302.0,0.0,7710,18012.0,0.0,7775.0,7793.0,46549,28025,3161.0,0.0,19900.0,53843,11681.0,11990.0,19515.0,0.0
25500,18100.0,12076,2255,0.0,0.0,4197.0,18499.0,55664.0,14729.0,5897.0,118821.0,5415.0,6688,0.0,0.0,0.0,0.0,5115.0,18269.0,4093.0,10937.0,11629,6065.0,14220.0,0.0,7716,17721.0,0.0,7718.0,7738.0,45462,27900,3140.0,0.0,19571.0,53800,11600.0,11763.0,19282.0,0.0
25495,18400.0,12390,2254,0.0,0.0,4283.0,19223.0,55264.0,14759.0,6030.0,121848.0,5500.0,6718,0.0,0.0,0.0,0.0,5230.0,18754.0,4442.0,10863.0,11896,6185.0,14149.0,0.0,7741,18544.0,0.0,7730.0,7805.0,46200,27800,3180.0,0.0,19700.0,54371,11510.0,11816.0,19400.0,0.0
25790,18768.0,12345,2276,0.0,0.0,4303.0,19241.0,56252.0,15200.0,6150.0,127216.0,5500.0,6818,0.0,0.0,0.0,0.0,5238.0,18538.0,4495.0,10823.0,12066,6240.0,14200.0,0.0,7750,18530.0,0.0,7800.0,7925.0,46200,27976,3228.0,0.0,20042.0,53800,11706.0,12050.0,19800.0,0.0
25868,19240.0,12163,2275,0.0,0.0,4260.0,19001.0,56642.0,15405.0,6200.0,128914.0,5535.0,6761,0.0,0.0,0.0,0.0,5225.0,18405.0,4344.0,10680.0,11900,6286.0,14090.0,0.0,7857,18441.0,0.0,7899.0,7925.0,45050,28361,3213.0,0.0,20060.0,54251,11650.0,11975.0,19531.0,0.0
25850,19500.0,11963,2282,0.0,0.0,4265.0,19431.0,56850.0,15297.0,6220.0,129414.0,5540.0,6733,0.0,0.0,0.0,0.0,5185.0,18324.0,4389.0,10753.0,11920,6280.0,13900.0,0.0,7940,18958.0,0.0,7930.0,7863.0,45301,28599,3237.0,0.0,20100.0,56000,11608.0,11962.0,20069.0,0.0
25334,19400.0,11960,2240,0.0,0.0,4238.0,19190.0,57800.0,15004.0,6200.0,124437.0,5425.0,6761,0.0,0.0,0.0,0.0,5115.0,18029.0,4247.0,10813.0,11910,6219.0,14055.0,0.0,7940,18972.0,0.0,7940.0,7750.0,45037,28174,3215.0,0.0,20000.0,54805,11461.0,11692.0,19788.0,0.0
25900,19085.0,12067,2275,0.0,0.0,4300.0,19572.0,57480.0,14950.0,6250.0,127062.0,5524.0,6761,0.0,0.0,0.0,0.0,5083.0,18332.0,4318.0,10813.0,11850,6183.0,14015.0,0.0,7913,19021.0,0.0,7955.0,7800.0,45252,28400,3277.0,0.0,20278.0,55327,11612.0,11888.0,19800.0,0.0
26020,19400.0,11800,2230,0.0,0.0,4200.0,19805.0,57110.0,14844.0,6295.0,128914.0,5562.0,6768,0.0,0.0,0.0,0.0,5109.0,18500.0,4339.0,10822.0,12412,6061.0,14324.0,0.0,7890,18870.0,0.0,7942.0,7755.0,44841,27595,3405.0,0.0,20930.0,55111,11641.0,11850.0,19909.0,0.0
26281,19300.0,11778,2225,0.0,0.0,4095.0,19562.0,56661.0,14656.0,6306.0,128615.0,5570.0,6836,0.0,0.0,0.0,0.0,5115.0,18675.0,4186.0,10663.0,12546,5930.0,14053.0,0.0,7785,18665.0,0.0,7772.0,7815.0,44018,26700,3441.0,0.0,20710.0,54063,11503.0,11880.0,19683.0,0.0
27700,19195.0,11200,2280,0.0,0.0,4087.0,18940.0,57347.0,14400.0,6320.0,128665.0,5550.0,6876,0.0,0.0,0.0,0.0,5160.0,18964.0,4024.0,10665.0,12244,5937.0,13670.0,0.0,7810,18800.0,0.0,7867.0,7790.0,43600,26780,3391.0,0.0,21012.0,54999,11335.0,11728.0,19658.0,0.0
27371,19100.0,11903,2275,0.0,0.0,4132.0,18924.0,57350.0,14160.0,6340.0,130913.0,5440.0,7049,0.0,0.0,0.0,0.0,5160.0,18800.0,4035.0,10679.0,12174,5909.0,13900.0,0.0,7791,18508.0,0.0,7820.0,7821.0,45134,26945,3374.0,0.0,20963.0,54472,11400.0,11950.0,19800.0,0.0
27300,18375.0,11400,2350,0.0,0.0,4222.0,19055.0,58165.0,14302.0,6388.0,129792.0,5622.0,7116,0.0,0.0,0.0,0.0,5290.0,18589.0,4091.0,10611.0,12321,5900.0,14088.0,0.0,7920,19400.0,0.0,7921.0,7944.0,45950,27247,3417.0,0.0,21100.0,54607,11347.0,11958.0,19690.0,0.0
27780,18244.0,11457,2325,0.0,0.0,4110.0,19838.0,58100.0,14550.0,6320.0,126916.0,5586.0,7126,0.0,0.0,0.0,0.0,5240.0,18500.0,4111.0,10573.0,12125,5879.0,14292.0,0.0,7900,19451.0,0.0,7900.0,7900.0,45000,26750,3449.0,0.0,20503.0,55396,11320.0,12180.0,19525.0,0.0
27942,18200.0,11471,2344,0.0,0.0,4090.0,19067.0,58904.0,14900.0,6400.0,130913.0,5645.0,7182,0.0,0.0,0.0,0.0,5370.0,18380.0,3911.0,10664.0,12301,6005.0,14530.0,0.0,7921,19720.0,0.0,7948.0,7940.0,44500,27156,3501.0,0.0,21210.0,55700,11476.0,12261.0,19934.0,0.0
27901,19000.0,11480,2333,0.0,0.0,4040.0,18800.0,59868.0,14548.0,6439.0,130913.0,5844.0,7317,0.0,0.0,0.0,0.0,5380.0,18500.0,3777.0,10430.0,12455,5935.0,14624.0,0.0,7892,19499.0,0.0,7895.0,7825.0,44800,27179,3499.0,0.0,21419.0,56446,11375.0,12151.0,19950.0,0.0
28126,19400.0,11700,2324,0.0,0.0,4035.0,19512.0,59133.0,14950.0,6475.0,131813.0,5849.0,7362,0.0,0.0,0.0,0.0,5227.0,18842.0,4010.0,10450.0,12687,6075.0,14619.0,0.0,7932,19674.0,0.0,7907.0,7845.0,45667,27875,3539.0,0.0,21517.0,57402,11489.0,12320.0,20253.0,0.0
28599,19377.0,11650,2331,0.0,0.0,4013.0,19691.0,59383.0,14900.0,6445.0,132612.0,5840.0,7387,0.0,0.0,0.0,0.0,5319.0,18701.0,4045.0,10527.0,12800,5874.0,14410.0,0.0,8008,19660.0,0.0,7982.0,7902.0,44969,26674,3541.0,0.0,21577.0,58200,11428.0,12479.0,20514.0,0.0
28750,19151.0,11488,2329,0.0,0.0,3951.0,20218.0,57882.0,14499.0,6440.0,130414.0,5785.0,7407,0.0,0.0,0.0,0.0,5325.0,18800.0,4070.0,10482.0,12565,5670.0,14515.0,0.0,7980,19419.0,0.0,7980.0,7932.0,44075,25560,3500.0,0.0,21300.0,57976,11266.0,12444.0,20435.0,0.0
28000,18800.0,11713,2327,0.0,0.0,3952.0,20257.0,58180.0,14050.0,6450.0,135319.0,5777.0,7484,0.0,0.0,0.0,0.0,5293.0,18911.0,4236.0,10594.0,12453,5710.0,14560.0,0.0,7935,19740.0,0.0,7962.0,7891.0,44577,26161,3511.0,0.0,20898.0,58504,11264.0,12295.0,20482.0,0.0
27979,18400.0,11775,2312,0.0,0.0,3913.0,20395.0,58384.0,14177.0,6471.0,132412.0,5842.0,7405,0.0,0.0,0.0,0.0,5256.0,19055.0,4387.0,10507.0,12313,5581.0,14590.0,0.0,7972,19850.0,0.0,7942.0,7750.0,44937,25715,3435.0,0.0,20500.0,57600,11233.0,12218.0,20413.0,0.0
27950,18394.0,11700,2323,0.0,0.0,3999.0,20309.0,57534.0,13833.0,6550.0,128615.0,5821.0,7515,0.0,0.0,0.0,0.0,5285.0,19330.0,4459.0,10249.0,12297,5517.0,14770.0,0.0,7862,19400.0,0.0,7919.0,7829.0,44949,25596,3441.0,0.0,20428.0,56521,11550.0,12419.0,20540.0,0.0
28010,18407.0,11425,2308,0.0,0.0,3930.0,20900.0,57757.0,13700.0,6580.0,122819.0,5853.0,7505,0.0,0.0,0.0,0.0,5264.0,19359.0,4565.0,9994.0,12429,5275.0,14515.0,0.0,7750,19172.0,0.0,7762.0,7750.0,45197,24860,3440.0,0.0,20643.0,56500,11489.0,12300.0,20791.0,0.0
28000,18700.0,11813,2326,0.0,0.0,3981.0,20760.0,57519.0,14286.0,6773.0,116669.0,5941.0,7619,0.0,0.0,0.0,0.0,5290.0,19657.0,4595.0,10112.0,12920,5505.0,14852.0,0.0,7860,19444.0,0.0,7834.0,7700.0,47579,25700,3460.0,0.0,21010.0,57794,11525.0,12515.0,21197.0,0.0
28122,18600.0,11900,2392,0.0,0.0,3973.0,20300.0,58010.0,14025.0,6850.0,121919.0,5855.0,7632,0.0,0.0,0.0,0.0,5301.0,19700.0,4385.0,10237.0,12804,5544.0,15095.0,0.0,7754,19272.0,0.0,7794.0,7800.0,47718,25639,3451.0,0.0,20782.0,58229,11725.0,12564.0,21239.0,0.0
28300,18949.0,11659,2403,0.0,0.0,3929.0,20016.0,58120.0,13775.0,6860.0,115928.0,5851.0,7600,0.0,0.0,0.0,0.0,5353.0,19590.0,4346.0,10140.0,12805,5400.0,14867.0,0.0,7870,19174.0,0.0,7918.0,7762.0,46300,25053,3480.0,0.0,21144.0,57984,11561.0,12651.0,21400.0,0.0
27850,18495.0,11807,2393,0.0,0.0,3863.0,19700.0,58056.0,13700.0,6920.0,115489.0,5881.0,7689,0.0,0.0,0.0,0.0,5250.0,19379.0,4564.0,10108.0,12688,5437.0,14887.0,0.0,7915,18681.0,0.0,7911.0,7834.0,47068,25173,3480.0,0.0,20901.0,56910,11700.0,12749.0,21340.0,0.0
27850,18495.0,11807,2393,0.0,0.0,3863.0,19700.0,58056.0,13700.0,6920.0,115489.0,5881.0,7689,0.0,0.0,0.0,0.0,5250.0,19379.0,4564.0,10108.0,12688,5437.0,14887.0,0.0,7915,18681.0,0.0,7911.0,7834.0,47068,25173,3480.0,0.0,20901.0,56910,11700.0,12749.0,21340.0,0.0
27971,18300.0,11619,2315,0.0,0.0,3860.0,18785.0,57594.0,14031.0,7081.0,121919.0,6010.0,7830,0.0,0.0,0.0,0.0,5306.0,19150.0,4390.0,10025.0,12945,5507.0,14900.0,0.0,8240,18724.0,0.0,8300.0,7800.0,46738,25750,3442.0,0.0,21305.0,57540,11703.0,12898.0,20990.0,0.0
27750,18700.0,11900,2398,0.0,0.0,4015.0,19117.0,57644.0,14138.0,7140.0,118361.0,6100.0,7791,0.0,0.0,0.0,0.0,5450.0,19566.0,4407.0,9999.0,13281,5545.0,15200.0,0.0,8325,18811.0,0.0,8388.0,7875.0,47305,26460,3560.0,0.0,21900.0,58628,11773.0,12917.0,21400.0,0.0
27685,19190.0,11999,2390,0.0,0.0,4000.0,18450.0,57328.0,14203.0,7227.0,117426.0,6100.0,7822,0.0,0.0,0.0,0.0,5620.0,20155.0,4297.0,10236.0,13650,5542.0,15367.0,0.0,8470,19047.0,0.0,8490.0,7900.0,48250,26529,3665.0,0.0,22495.0,59701,11901.0,12985.0,21400.0,0.0
28059,19500.0,11775,2489,0.0,0.0,3840.0,17955.0,57454.0,13999.0,7280.0,113524.0,6233.0,7687,0.0,0.0,0.0,0.0,5633.0,20196.0,4119.0,10063.0,13589,5419.0,15419.0,0.0,8359,18303.0,0.0,8432.0,8085.0,47010,26199,3606.0,0.0,22000.0,59725,11726.0,12974.0,21351.0,0.0
28300,19500.0,11969,2450,0.0,0.0,3865.0,18628.0,58792.0,14050.0,7346.0,115423.0,6434.0,7828,0.0,0.0,0.0,0.0,5809.0,20735.0,4174.0,10005.0,13900,5546.0,15850.0,0.0,8435,18413.0,0.0,8435.0,8284.0,47000,26951,3590.0,0.0,22500.0,59530,12059.0,13258.0,21800.0,0.0
28130,19450.0,12000,2440,0.0,0.0,3893.0,18290.0,58768.0,14000.0,7338.0,116057.0,6555.0,7811,0.0,0.0,0.0,0.0,5754.0,20494.0,4053.0,10098.0,13880,5475.0,15920.0,0.0,8484,18476.0,0.0,8480.0,8437.0,47365,26861,3610.0,0.0,22404.0,58957,12152.0,12999.0,21555.0,0.0
28016,19701.0,12069,2456,0.0,0.0,3900.0,18261.0,58409.0,14261.0,7350.0,118921.0,6585.0,7922,0.0,0.0,0.0,0.0,5880.0,20314.0,3970.0,10218.0,14010,5450.0,16491.0,0.0,8602,18300.0,0.0,8598.0,8355.0,49000,26701,3610.0,0.0,22250.0,58429,12295.0,12937.0,21764.0,0.0
27510,20600.0,12250,2420,0.0,0.0,3865.0,18543.0,58560.0,14400.0,7258.0,118438.0,6512.0,7842,0.0,0.0,0.0,0.0,5780.0,20537.0,4101.0,10344.0,14050,5575.0,16400.0,0.0,8770,18942.0,0.0,8750.0,8467.0,50071,27301,3640.0,0.0,22166.0,58156,12391.0,13205.0,21600.0,0.0
27400,20600.0,12154,2405,0.0,0.0,3865.0,18267.0,58542.0,14650.0,7265.0,115159.0,6374.0,7962,0.0,0.0,0.0,0.0,5660.0,20087.0,4085.0,10308.0,13940,5509.0,16389.0,0.0,8767,18602.0,0.0,8703.0,8669.0,49860,26739,3655.0,0.0,21651.0,58120,12250.0,13435.0,21599.0,0.0
27478,20400.0,11950,2412,0.0,0.0,3884.0,18503.0,58691.0,15050.0,7276.0,110448.0,6350.0,7940,0.0,0.0,0.0,0.0,5683.0,20700.0,4133.0,10205.0,14000,5570.0,16560.0,0.0,8765,18958.0,0.0,8828.0,8875.0,49006,27301,3740.0,0.0,21754.0,58200,12362.0,13369.0,21410.0,0.0
27499,20101.0,11900,2430,0.0,0.0,3928.0,18629.0,58058.0,14568.0,7373.0,104061.0,6279.0,7912,0.0,0.0,0.0,0.0,5499.0,20372.0,4091.0,10094.0,14026,5520.0,16460.0,0.0,8751,18389.0,0.0,8708.0,8950.0,49100,27097,3809.0,0.0,21900.0,57200,12527.0,13384.0,21590.0,0.0
27261,20599.0,11797,2436,0.0,0.0,3870.0,18987.0,59400.0,14745.0,7347.0,106363.0,6297.0,7965,0.0,0.0,0.0,0.0,5489.0,20380.0,4135.0,10010.0,14370,5498.0,16600.0,0.0,8738,17711.0,0.0,8676.0,8935.0,49300,27299,3875.0,0.0,21900.0,57446,12351.0,13875.0,21600.0,0.0
27758,20890.0,11995,2455,0.0,0.0,3923.0,19017.0,59850.0,14550.0,6790.0,109563.0,6315.0,7955,0.0,0.0,0.0,0.0,5487.0,20600.0,4228.0,10175.0,13999,5500.0,17000.0,0.0,8750,17995.0,0.0,8682.0,8887.0,49600,27336,3812.0,0.0,21906.0,57564,12381.0,13839.0,21560.0,0.0
27326,20900.0,11859,2490,0.0,0.0,3981.0,19293.0,59728.0,14359.0,6925.0,114002.0,6376.0,7996,0.0,0.0,0.0,0.0,5490.0,20503.0,4295.0,10296.0,14197,5495.0,17450.0,0.0,8868,17915.0,0.0,8800.0,8800.0,49699,27000,3804.0,0.0,22250.0,57888,12372.0,13920.0,21700.0,0.0
26788,20600.0,11876,2500,0.0,0.0,4012.0,19060.0,59367.0,14228.0,6850.0,106550.0,6277.0,7926,0.0,0.0,0.0,0.0,5469.0,20020.0,4350.0,10285.0,14090,5450.0,17079.0,0.0,8780,17512.0,0.0,8697.0,8750.0,49250,27006,3716.0,0.0,22080.0,57405,12542.0,13750.0,21900.0,0.0
27293,20805.0,11833,2455,0.0,0.0,4009.0,19149.0,60596.0,14125.0,6718.0,106404.0,6300.0,7968,0.0,0.0,0.0,0.0,5461.0,20600.0,4339.0,10333.0,13896,5567.0,16860.0,0.0,8656,17373.0,0.0,8621.0,8801.0,49586,26856,3755.0,0.0,21983.0,57288,12420.0,13640.0,21925.0,0.0
27136,20650.0,11800,2475,0.0,0.0,4000.0,18425.0,60734.0,14101.0,6749.0,105530.0,6050.0,7857,0.0,0.0,0.0,0.0,5386.0,20368.0,4225.0,10379.0,13600,5528.0,16709.0,0.0,8625,17100.0,0.0,8666.0,8937.0,48848,26752,3744.0,0.0,21786.0,57087,12000.0,13216.0,21600.0,0.0
27580,20645.0,11899,2463,0.0,0.0,4017.0,18263.0,60400.0,14105.0,6812.0,106659.0,6099.0,7968,0.0,0.0,0.0,0.0,5455.0,20493.0,4316.0,10506.0,13690,5560.0,16708.0,0.0,8789,17407.0,0.0,8772.0,8877.0,49135,27140,3749.0,0.0,21714.0,58295,12090.0,12863.0,21437.0,0.0
27800,20800.0,12201,2449,0.0,0.0,4156.0,18373.0,59995.0,14200.0,6848.0,108928.0,6101.0,7950,0.0,0.0,0.0,0.0,5505.0,20814.0,4274.0,10468.0,13890,5567.0,16836.0,0.0,8848,17389.0,0.0,8834.0,8900.0,50521,27359,3800.0,0.0,22250.0,58430,12396.0,12880.0,21600.0,0.0
27800,20800.0,12201,2449,0.0,0.0,4156.0,18373.0,59995.0,14200.0,6848.0,108928.0,6101.0,7950,0.0,0.0,0.0,0.0,5505.0,20814.0,4274.0,10468.0,13890,5567.0,16836.0,0.0,8848,17389.0,0.0,8834.0,8900.0,50521,27359,3800.0,0.0,22250.0,58430,12396.0,12880.0,21600.0,0.0
27800,20800.0,12201,2449,0.0,0.0,4156.0,18373.0,59995.0,14200.0,6848.0,108928.0,6101.0,7950,0.0,0.0,0.0,0.0,5505.0,20814.0,4274.0,10468.0,13890,5567.0,16836.0,0.0,8848,17389.0,0.0,8834.0,8900.0,50521,27359,3800.0,0.0,22250.0,58430,12396.0,12880.0,21600.0,0.0
27101,21248.0,12340,2450,0.0,0.0,4158.0,18265.0,60973.0,14198.0,6856.0,108928.0,6249.0,7982,0.0,0.0,0.0,0.0,5521.0,20756.0,4220.0,10544.0,13976,5601.0,16914.0,0.0,9000,17649.0,0.0,8940.0,9000.0,50999,27301,3844.0,0.0,22112.0,58645,12399.0,12795.0,21851.0,0.0
27000,22310.0,12026,2448,0.0,0.0,4088.0,18670.0,60885.0,14040.0,6970.0,109335.0,6250.0,8052,0.0,0.0,0.0,0.0,5532.0,20500.0,4282.0,10597.0,13854,5624.0,17050.0,0.0,8941,17730.0,0.0,8940.0,8951.0,50800,27341,3834.0,0.0,21820.0,58548,12386.0,12640.0,21633.0,0.0
27400,22400.0,12193,2435,0.0,0.0,4195.0,19025.0,61052.0,14230.0,7090.0,109927.0,6305.0,8101,0.0,0.0,0.0,0.0,5587.0,20851.0,4390.0,10643.0,13816,5660.0,17264.0,0.0,9088,17938.0,0.0,9055.0,8953.0,51000,27801,3870.0,0.0,22100.0,58989,12490.0,12300.0,20820.0,0.0
27822,22565.0,12000,2435,0.0,0.0,4205.0,19301.0,60945.0,14237.0,7150.0,106929.0,6450.0,8046,0.0,0.0,0.0,0.0,5664.0,21113.0,4441.0,10656.0,13993,5640.0,17459.0,0.0,9198,17568.0,0.0,9129.0,9057.0,50550,27328,3907.0,0.0,22845.0,58656,12350.0,12297.0,21020.0,0.0
27822,22565.0,12000,2435,0.0,0.0,4205.0,19301.0,60945.0,14237.0,7150.0,106929.0,6450.0,8046,0.0,0.0,0.0,0.0,5664.0,21113.0,4441.0,10656.0,13993,5640.0,17459.0,0.0,9198,17568.0,0.0,9129.0,9057.0,50550,27328,3907.0,0.0,22845.0,58656,12350.0,12297.0,21020.0,0.0
28010,22500.0,11810,2438,0.0,0.0,4085.0,19141.0,61631.0,14250.0,7119.0,103431.0,6430.0,8135,0.0,0.0,0.0,0.0,5620.0,20943.0,4379.0,10639.0,13850,5600.0,17611.0,0.0,9254,17300.0,0.0,9236.0,9089.0,49886,27359,3886.0,0.0,22650.0,58700,12393.0,12300.0,21500.0,0.0
27997,22748.0,11840,2430,0.0,0.0,4100.0,18987.0,60568.0,14338.0,7150.0,99134.0,6415.0,8094,0.0,0.0,0.0,0.0,5625.0,21165.0,4411.0,10719.0,13808,5675.0,17569.0,0.0,9241,17500.0,0.0,9226.0,9120.0,50000,28050,3866.0,0.0,22515.0,59029,12350.0,12545.0,21081.0,0.0
27997,22748.0,11840,2430,0.0,0.0,4100.0,18987.0,60568.0,14338.0,7150.0,99134.0,6415.0,8094,0.0,0.0,0.0,0.0,5625.0,21165.0,4411.0,10719.0,13808,5675.0,17569.0,0.0,9241,17500.0,0.0,9226.0,9120.0,50000,28050,3866.0,0.0,22515.0,59029,12350.0,12545.0,21081.0,0.0
28181,22800.0,11960,2430,0.0,0.0,4214.0,18993.0,60050.0,14615.0,7249.0,102132.0,6460.0,8192,0.0,0.0,0.0,0.0,5700.0,21350.0,4391.0,10529.0,14100,5620.0,17448.0,0.0,9289,17212.0,0.0,9284.0,9200.0,50400,27699,3936.0,0.0,23250.0,59728,12385.0,12699.0,21416.0,0.0
27799,22748.0,12000,2419,0.0,0.0,4315.0,19200.0,60333.0,14600.0,7177.0,102135.0,6383.0,8156,0.0,0.0,0.0,0.0,5690.0,21162.0,4485.0,10498.0,13900,5685.0,17110.0,0.0,9206,17350.0,0.0,9159.0,9150.0,50200,27427,3890.0,0.0,22800.0,59259,12462.0,12503.0,21285.0,0.0
27650,22440.0,11949,2430,0.0,0.0,4400.0,19044.0,60331.0,14542.0,7190.0,102532.0,6390.0,8119,0.0,0.0,0.0,0.0,5621.0,21339.0,4390.0,10481.0,13950,5716.0,17029.0,0.0,9200,17580.0,0.0,9200.0,9171.0,49889,27372,3910.0,0.0,22850.0,59400,12396.0,12701.0,21600.0,0.0
27650,22440.0,11949,2430,0.0,0.0,4400.0,19044.0,60331.0,14542.0,7190.0,102532.0,6390.0,8119,0.0,0.0,0.0,0.0,5621.0,21339.0,4390.0,10481.0,13950,5716.0,17029.0,0.0,9200,17580.0,0.0,9200.0,9171.0,49889,27372,3910.0,0.0,22850.0,59400,12396.0,12701.0,21600.0,0.0
27550,22450.0,11905,2429,0.0,0.0,4350.0,18485.0,60300.0,14276.0,7288.0,101932.0,6450.0,8220,0.0,0.0,0.0,0.0,5696.0,21700.0,4256.0,10330.0,14255,5737.0,17067.0,0.0,9199,17810.0,0.0,9180.0,9410.0,49310,27757,3950.0,0.0,23600.0,59900,12622.0,13174.0,22190.0,0.0
27474,22150.0,11767,2435,0.0,0.0,4279.0,18082.0,59761.0,14079.0,7325.0,103931.0,6420.0,8121,0.0,0.0,0.0,0.0,5715.0,21451.0,4189.0,10300.0,14379,5699.0,16942.0,0.0,9185,17750.0,0.0,9159.0,9315.0,48864,27902,3905.0,0.0,23550.0,59434,12453.0,13203.0,22064.0,0.0
27399,22155.0,11900,2455,0.0,0.0,4440.0,18047.0,60479.0,14200.0,7420.0,108523.0,6497.0,8122,0.0,0.0,0.0,0.0,5710.0,21520.0,4160.0,10226.0,14372,5800.0,16850.0,0.0,9190,18274.0,0.0,9190.0,9315.0,48600,28670,3915.0,0.0,23721.0,59400,12584.0,12957.0,22037.0,0.0
27500,22435.0,11970,2442,0.0,0.0,4450.0,17739.0,60094.0,14160.0,7530.0,107729.0,6470.0,8228,0.0,0.0,0.0,0.0,5773.0,21598.0,4105.0,10079.0,14437,5900.0,16782.0,0.0,9240,18015.0,0.0,9194.0,9400.0,48699,28408,3950.0,0.0,23400.0,60060,12551.0,12930.0,22199.0,0.0
27635,22332.0,11860,2449,0.0,0.0,4465.0,17860.0,59994.0,14360.0,7780.0,118859.0,6500.0,8211,0.0,0.0,0.0,0.0,5851.0,21354.0,4104.0,10134.0,14500,5900.0,16933.0,0.0,9325,18154.0,0.0,9250.0,9300.0,49109,28277,3946.0,0.0,22853.0,59847,12530.0,12938.0,22150.0,0.0
27390,22385.0,11820,2442,0.0,0.0,4455.0,17584.0,60390.0,14200.0,7652.0,114929.0,6492.0,8192,0.0,0.0,0.0,0.0,5837.0,21600.0,4130.0,10555.0,14300,5879.0,16880.0,0.0,9188,17675.0,0.0,9075.0,9201.0,47795,28011,3920.0,0.0,22622.0,58903,12571.0,12886.0,22176.0,0.0
27527,22300.0,11700,2450,0.0,0.0,4355.0,17594.0,61304.0,14300.0,7660.0,113534.0,6439.0,8136,0.0,0.0,0.0,0.0,5806.0,21600.0,4138.0,10503.0,14116,5700.0,16800.0,0.0,9006,17250.0,0.0,8937.0,9048.0,46750,27045,3900.0,0.0,22450.0,58400,12650.0,12895.0,22201.0,0.0
27700,22449.0,11500,2440,0.0,0.0,4360.0,17650.0,61481.0,14333.0,7670.0,115923.0,6430.0,8276,0.0,0.0,0.0,0.0,5904.0,21940.0,4172.0,10567.0,14250,5713.0,16800.0,0.0,9130,17820.0,0.0,9074.0,9321.0,46624,27036,3955.0,0.0,22700.0,59900,12754.0,12652.0,22380.0,0.0
27656,22400.0,11415,2420,0.0,0.0,4415.0,17700.0,61643.0,14002.0,7710.0,119371.0,6419.0,8248,0.0,0.0,0.0,0.0,5840.0,21858.0,4135.0,10861.0,14224,5780.0,16629.0,0.0,9101,18088.0,0.0,9060.0,9359.0,46200,26940,3960.0,0.0,22600.0,59690,12680.0,12676.0,22253.0,0.0
27425,22300.0,11421,2415,0.0,0.0,4401.0,17647.0,61817.0,14070.0,7660.0,121919.0,6450.0,8305,0.0,0.0,0.0,0.0,5900.0,21901.0,4150.0,10782.0,14200,5744.0,16590.0,0.0,9030,18254.0,0.0,9000.0,9203.0,46950,27021,3940.0,0.0,22701.0,59300,12617.0,12681.0,22196.0,0.0
27720,22250.0,11499,2413,0.0,0.0,4564.0,17573.0,61980.0,14225.0,7649.0,120780.0,6440.0,8361,0.0,0.0,0.0,0.0,5935.0,21900.0,4160.0,10806.0,14388,5769.0,16685.0,0.0,8940,18364.0,0.0,8859.0,9345.0,47033,26866,3980.0,0.0,22800.0,59495,12847.0,12700.0,22225.0,0.0
28100,22478.0,11535,2401,0.0,0.0,4565.0,17450.0,61000.0,14178.0,7695.0,120762.0,6401.0,8333,0.0,0.0,0.0,0.0,6000.0,22182.0,4053.0,10836.0,14500,5721.0,16700.0,0.0,8981,18705.0,0.0,8908.0,9330.0,47599,27204,4025.0,0.0,23092.0,60118,12750.0,12530.0,22340.0,0.0
27989,22250.0,11650,2407,0.0,0.0,4509.0,17420.0,62024.0,14115.0,7700.0,119973.0,6350.0,8280,0.0,0.0,0.0,0.0,5950.0,22070.0,4060.0,10885.0,14350,5820.0,16700.0,0.0,9000,18761.0,0.0,8961.0,9240.0,47602,27573,4019.0,0.0,23090.0,59798,12640.0,12700.0,22427.0,0.0
27550,22251.0,11490,2389,0.0,0.0,4350.0,16541.0,62100.0,14012.0,7620.0,119444.0,6369.0,8248,0.0,0.0,0.0,0.0,5920.0,21959.0,3925.0,10967.0,14240,5780.0,16480.0,0.0,8935,18998.0,0.0,8869.0,9090.0,47350,27300,3934.0,0.0,22459.0,59069,12645.0,12810.0,22350.0,0.0
27700,22250.0,11450,2397,0.0,0.0,4315.0,16086.0,62144.0,13850.0,7611.0,118177.0,6340.0,8220,0.0,0.0,0.0,0.0,5938.0,22000.0,3805.0,11027.0,14200,5769.0,16499.0,0.0,9111,18998.0,0.0,9069.0,9000.0,46800,26844,3963.0,0.0,22738.0,59683,12550.0,12790.0,22510.0,0.0
27835,22199.0,11222,2400,0.0,0.0,4200.0,16359.0,62479.0,13905.0,7698.0,117779.0,6436.0,8244,0.0,0.0,0.0,0.0,5972.0,22174.0,3690.0,10930.0,14300,5729.0,16500.0,0.0,9119,18820.0,0.0,9062.0,9170.0,46400,26741,3985.0,0.0,22600.0,59650,12520.0,13200.0,22575.0,0.0
27315,22200.0,11076,2350,0.0,0.0,4250.0,16489.0,64237.0,13847.0,7494.0,116596.0,6355.0,8252,0.0,0.0,0.0,0.0,5911.0,21929.0,3715.0,11118.0,14165,5741.0,16500.0,0.0,9082,18998.0,0.0,9111.0,9150.0,45100,26000,3983.0,0.0,22187.0,59526,12600.0,12832.0,22306.0,0.0
27205,22120.0,11299,2376,0.0,0.0,4260.0,16760.0,63980.0,13960.0,7480.0,117297.0,6351.0,8136,0.0,0.0,0.0,0.0,5985.0,22000.0,3735.0,11100.0,14140,5865.0,16388.0,0.0,9269,19148.0,0.0,9248.0,8977.0,45756,26520,4001.0,0.0,22489.0,60305,12704.0,12700.0,22572.0,0.0
28033,21954.0,11500,2372,0.0,0.0,4350.0,16832.0,64045.0,13877.0,7340.0,119022.0,6130.0,7996,0.0,0.0,0.0,0.0,6037.0,21827.0,3802.0,11182.0,14050,5845.0,16140.0,0.0,9171,19350.0,0.0,9185.0,8911.0,47313,26156,3966.0,0.0,22368.0,61396,12700.0,12632.0,22601.0,0.0
28750,21850.0,11275,2376,0.0,0.0,4360.0,16781.0,64335.0,13810.0,7339.0,116922.0,6080.0,7986,0.0,0.0,0.0,0.0,5923.0,21963.0,3798.0,11154.0,14200,5850.0,16090.0,0.0,9222,19722.0,0.0,9257.0,8875.0,47385,26200,3965.0,0.0,22304.0,60802,12700.0,12690.0,22849.0,0.0
28100,21900.0,11136,2404,0.0,0.0,4380.0,16981.0,63606.0,13995.0,7450.0,116023.0,6187.0,8017,0.0,0.0,0.0,0.0,6201.0,22175.0,3816.0,11030.0,14432,5845.0,16079.0,0.0,9197,19850.0,0.0,9222.0,9095.0,46750,26231,3970.0,0.0,22401.0,60984,12800.0,12690.0,22750.0,0.0
28260,22000.0,11176,2409,0.0,0.0,4348.0,16640.0,62900.0,14030.0,7548.0,117440.0,6150.0,8018,0.0,0.0,0.0,0.0,6180.0,22319.0,3773.0,10878.0,14600,5783.0,15950.0,0.0,9306,19958.0,0.0,9313.0,9100.0,47000,25999,4030.0,0.0,23050.0,60883,12680.0,12730.0,23050.0,0.0
28319,21835.0,11100,2407,0.0,0.0,4415.0,16950.0,63168.0,13999.0,7509.0,119421.0,6240.0,8010,0.0,0.0,0.0,0.0,6117.0,22110.0,3825.0,10958.0,14550,5840.0,15878.0,0.0,9350,19900.0,0.0,9375.0,9107.0,47246,26225,4030.0,0.0,22950.0,60684,12550.0,12666.0,23015.0,0.0
29344,22000.0,11100,2399,0.0,0.0,4480.0,17100.0,63460.0,14290.0,7632.0,124219.0,6259.0,8038,0.0,0.0,0.0,0.0,6177.0,22446.0,3984.0,10962.0,14800,5810.0,15800.0,0.0,9595,19577.0,0.0,9553.0,9050.0,46774,25937,4077.0,0.0,23300.0,61456,12590.0,12700.0,23510.0,0.0
29506,22000.0,11306,2389,0.0,0.0,4700.0,17134.0,63792.0,14198.0,7620.0,123844.0,6198.0,7965,0.0,0.0,0.0,0.0,6134.0,21926.0,3952.0,10999.0,14700,5850.0,15990.0,0.0,9530,19215.0,0.0,9523.0,9133.0,47829,26217,4060.0,0.0,22980.0,61278,12570.0,12645.0,23303.0,0.0
30500,22046.0,11300,2375,0.0,0.0,4600.0,17206.0,64057.0,14050.0,7750.0,125082.0,6231.0,8024,0.0,0.0,0.0,0.0,6136.0,22350.0,3885.0,11030.0,14685,5750.0,16049.0,0.0,9568,19300.0,0.0,9579.0,9116.0,47026,25471,4092.0,0.0,23433.0,61850,12557.0,12573.0,23110.0,0.0
30312,22020.0,11395,2379,0.0,0.0,4550.0,17050.0,64450.0,14077.0,7789.0,124942.0,6215.0,7971,0.0,0.0,0.0,0.0,6116.0,22226.0,3856.0,11062.0,14674,5800.0,15985.0,0.0,9598,19400.0,0.0,9598.0,9020.0,47240,25635,4043.0,0.0,23005.0,64510,12500.0,12630.0,22950.0,0.0
30312,22020.0,11395,2379,0.0,0.0,4550.0,17050.0,64450.0,14077.0,7789.0,124942.0,6215.0,7971,0.0,0.0,0.0,0.0,6116.0,22226.0,3856.0,11062.0,14674,5800.0,15985.0,0.0,9598,19400.0,0.0,9598.0,9020.0,47240,25635,4043.0,0.0,23005.0,64510,12500.0,12630.0,22950.0,0.0
30500,22060.0,11262,2425,0.0,0.0,4564.0,17241.0,65000.0,14050.0,7859.0,123418.0,6405.0,8025,0.0,0.0,0.0,0.0,6166.0,22319.0,3890.0,11106.0,14600,5957.0,15900.0,0.0,9651,19320.0,0.0,9635.0,9301.0,47670,25958,4110.0,0.0,23240.0,63862,12502.0,12750.0,22900.0,0.0
29978,22120.0,11214,2427,0.0,0.0,4580.0,17273.0,64474.0,14075.0,7780.0,124168.0,6272.0,7869,0.0,0.0,0.0,0.0,6128.0,22004.0,3880.0,11100.0,14410,5938.0,15670.0,0.0,9554,19539.0,0.0,9524.0,9097.0,48450,26017,3986.0,0.0,23097.0,63400,12459.0,12850.0,22700.0,0.0
30276,22305.0,11372,2429,0.0,0.0,4617.0,18000.0,65471.0,14115.0,7824.0,126916.0,6250.0,7899,0.0,0.0,0.0,0.0,6220.0,22375.0,3956.0,11214.0,14710,5940.0,15590.0,0.0,9665,19900.0,0.0,9620.0,9251.0,49200,26482,4034.0,0.0,23102.0,64101,12471.0,13100.0,22966.0,0.0
30364,22375.0,11300,2450,0.0,0.0,4649.0,18330.0,65673.0,14175.0,7782.0,126902.0,6230.0,7968,0.0,0.0,0.0,0.0,6141.0,22462.0,4000.0,11226.0,14626,5965.0,15570.0,0.0,9641,20100.0,0.0,9596.0,9360.0,49000,26701,4096.0,0.0,23439.0,64049,12531.0,13540.0,22850.0,0.0
31405,22403.0,11425,2455,0.0,0.0,4650.0,18058.0,64160.0,14196.0,7841.0,120613.0,6280.0,7996,0.0,0.0,0.0,0.0,6145.0,22574.0,3990.0,11150.0,14701,5952.0,15425.0,0.0,9734,19930.0,0.0,9689.0,9340.0,49800,26606,4087.0,0.0,23364.0,63859,12581.0,12950.0,22700.0,0.0
31810,22400.0,11399,2450,0.0,0.0,4619.0,18094.0,64000.0,13789.0,7735.0,123118.0,6305.0,8009,0.0,0.0,0.0,0.0,6249.0,22668.0,3996.0,11051.0,14694,5900.0,15389.0,0.0,9555,19679.0,0.0,9542.0,9445.0,48700,26319,4120.0,0.0,23150.0,63300,12530.0,13070.0,22520.0,0.0
30907,22300.0,10937,2430,0.0,0.0,4490.0,17537.0,63432.0,13735.0,7623.0,123118.0,6305.0,7906,0.0,0.0,0.0,0.0,6163.0,22541.0,3910.0,11039.0,14480,5830.0,15339.0,0.0,9300,19401.0,0.0,9325.0,9415.0,45700,25719,4049.0,0.0,22472.0,62479,12318.0,12853.0,22456.0,0.0
30700,22282.0,10900,2440,0.0,0.0,4511.0,17681.0,63121.0,13999.0,7625.0,126387.0,6305.0,7931,0.0,0.0,0.0,0.0,6169.0,22994.0,3887.0,11103.0,14481,5890.0,15370.0,0.0,9586,19665.0,0.0,9570.0,9500.0,45732,25853,4040.0,0.0,22701.0,63064,12348.0,13000.0,22500.0,0.0
28800,22145.0,10800,2458,0.0,0.0,4493.0,17823.0,62990.0,13853.0,7739.0,124899.0,6350.0,7878,0.0,0.0,0.0,0.0,6152.0,22775.0,3864.0,11080.0,14379,5840.0,15400.0,0.0,9659,19400.0,0.0,9650.0,9480.0,46250,25878,4028.0,0.0,22746.0,62510,12320.0,13003.0,22409.0,0.0
29889,22249.0,10688,2473,0.0,0.0,4550.0,17785.0,63425.0,13850.0,7815.0,125117.0,6350.0,7928,0.0,0.0,0.0,0.0,6175.0,23000.0,3840.0,11187.0,14500,5930.0,15400.0,0.0,9748,19369.0,0.0,9779.0,9715.0,46107,26025,4075.0,0.0,22917.0,63236,12441.0,13145.0,22399.0,0.0
29090,22830.0,10920,2490,0.0,0.0,4575.0,18500.0,64271.0,13873.0,7910.0,126216.0,6270.0,7897,0.0,0.0,0.0,0.0,6300.0,23061.0,4004.0,11200.0,14570,6110.0,15400.0,0.0,9575,19561.0,0.0,9622.0,9790.0,47921,27129,4100.0,0.0,23019.0,63101,12541.0,13170.0,22450.0,0.0
28499,22844.0,11139,2466,0.0,0.0,4568.0,18577.0,65083.0,13700.0,7884.0,133064.0,6284.0,7917,0.0,0.0,0.0,0.0,6320.0,23037.0,4081.0,11200.0,14570,6206.0,15450.0,0.0,9500,19655.0,0.0,9562.0,9700.0,48760,27241,4082.0,0.0,22915.0,63256,12500.0,13145.0,22690.0,0.0
28201,22685.0,11200,2445,0.0,0.0,4553.0,18227.0,65800.0,13673.0,7794.0,134566.0,6225.0,7898,0.0,0.0,0.0,0.0,6230.0,23010.0,3981.0,11226.0,14419,6300.0,15342.0,0.0,9767,19819.0,0.0,9827.0,9647.0,49391,27965,4044.0,0.0,22863.0,62928,12500.0,13133.0,22609.0,0.0
28778,22766.0,11275,2448,0.0,0.0,4486.0,18357.0,66547.0,13790.0,7786.0,134611.0,6250.0,7898,0.0,0.0,0.0,0.0,6185.0,22951.0,4030.0,11184.0,14464,6320.0,15400.0,0.0,9716,19608.0,0.0,9781.0,9625.0,49700,28049,4077.0,0.0,23100.0,62794,12400.0,13195.0,22515.0,0.0
28680,22800.0,11130,2431,0.0,0.0,4475.0,18496.0,66115.0,13800.0,7796.0,132912.0,6317.0,7912,0.0,0.0,0.0,0.0,6212.0,23024.0,4023.0,11030.0,14562,6297.0,15400.0,0.0,9796,19295.0,0.0,9838.0,9600.0,50000,27910,4055.0,0.0,23149.0,62601,12430.0,13150.0,22589.0,0.0
28652,22759.0,11108,2435,0.0,0.0,4502.0,18400.0,65537.0,13820.0,7800.0,132716.0,6300.0,7876,0.0,0.0,0.0,0.0,6215.0,23170.0,4002.0,10889.0,14600,6325.0,15629.0,0.0,9730,19025.0,0.0,9727.0,9649.0,49618,27689,4093.0,0.0,23565.0,63169,12360.0,13071.0,22398.0,0.0
28619,22911.0,10900,2451,0.0,0.0,4540.0,19297.0,64960.0,13784.0,7859.0,129914.0,6260.0,7940,0.0,0.0,0.0,0.0,6300.0,23060.0,4242.0,10792.0,14698,6330.0,15945.0,0.0,9700,18839.0,0.0,9679.0,9700.0,48043,27503,4129.0,0.0,23680.0,62951,12478.0,12939.0,22420.0,0.0
28392,22897.0,10901,2428,0.0,0.0,4497.0,19636.0,64713.0,13786.0,7825.0,128810.0,6227.0,7904,0.0,0.0,0.0,0.0,6180.0,22704.0,4357.0,10813.0,14450,6280.0,15732.0,0.0,9540,18539.0,0.0,9600.0,9583.0,47813,27369,4075.0,0.0,23250.0,61901,12411.0,12759.0,22000.0,0.0
28714,22801.0,11041,2430,0.0,0.0,4550.0,19282.0,64780.0,13618.0,8009.0,129238.0,6363.0,7996,0.0,0.0,0.0,0.0,6157.0,22948.0,4300.0,10819.0,14614,6285.0,15837.0,0.0,9800,18805.0,0.0,9785.0,9517.0,47622,27050,4113.0,0.0,23200.0,61961,12445.0,12819.0,22311.0,0.0
28736,22899.0,11002,2432,0.0,0.0,4550.0,19393.0,65804.0,13682.0,8200.0,129970.0,6485.0,8056,0.0,0.0,0.0,0.0,6152.0,22950.0,4199.0,10975.0,14530,6350.0,16305.0,0.0,9728,18848.0,0.0,9741.0,9615.0,46650,27413,4142.0,0.0,23491.0,61833,12631.0,12800.0,22350.0,0.0
29513,22912.0,10950,2430,0.0,0.0,4539.0,19029.0,64793.0,13673.0,8361.0,131667.0,6480.0,8153,0.0,0.0,0.0,0.0,6115.0,23100.0,4183.0,10947.0,14524,6370.0,16267.0,0.0,9750,18981.0,0.0,9746.0,9602.0,46000,27865,4153.0,0.0,23600.0,62001,12743.0,12690.0,22307.0,0.0
29921,23338.0,10840,2426,0.0,0.0,4560.0,18939.0,63897.0,13736.0,8336.0,133137.0,6712.0,8192,0.0,0.0,0.0,0.0,6197.0,23114.0,4140.0,10976.0,14665,6600.0,16488.0,0.0,9796,19350.0,0.0,9795.0,9730.0,46946,28511,4268.0,0.0,23624.0,61953,12961.0,12600.0,22500.0,0.0
29328,23520.0,10700,2435,0.0,0.0,4545.0,18704.0,64600.0,13665.0,8149.0,132112.0,6828.0,8122,0.0,0.0,0.0,0.0,6123.0,23075.0,4116.0,10874.0,14610,6478.0,16237.0,0.0,9655,18999.0,0.0,9680.0,9700.0,46075,28012,4250.0,0.0,23550.0,62339,12740.0,12528.0,22300.0,0.0
29393,23023.0,10390,2410,0.0,0.0,4530.0,18830.0,64134.0,13607.0,8200.0,129914.0,6657.0,8174,0.0,0.0,0.0,0.0,6109.0,23403.0,4195.0,10831.0,14600,6465.0,16236.0,0.0,9676,18900.0,0.0,9661.0,9705.0,45729,27939,4258.0,0.0,23500.0,62264,12809.0,12475.0,22201.0,0.0
29050,23155.0,10596,2416,0.0,0.0,4530.0,19251.0,63526.0,13718.0,8144.0,127415.0,6600.0,8102,0.0,0.0,0.0,0.0,6048.0,23000.0,4190.0,10707.0,14498,6497.0,16289.0,0.0,9455,18720.0,0.0,9490.0,9511.0,47874,27924,4248.0,0.0,23735.0,62045,12740.0,12574.0,22050.0,0.0
29361,23599.0,10799,2435,0.0,0.0,4549.0,19200.0,63561.0,13846.0,8165.0,129846.0,6585.0,8195,0.0,0.0,0.0,0.0,6187.0,23551.0,4146.0,10606.0,14546,6665.0,16560.0,0.0,9718,18921.0,0.0,9727.0,9692.0,47824,28721,4315.0,0.0,23701.0,63174,12733.0,12690.0,22474.0,0.0
29588,23701.0,10744,2460,0.0,0.0,4540.0,19165.0,63715.0,13871.0,8352.0,129914.0,6640.0,8319,0.0,0.0,0.0,0.0,6118.0,23594.0,4175.0,10600.0,14655,6689.0,16599.0,0.0,9670,18600.0,0.0,9675.0,9850.0,47182,28544,4350.0,0.0,24010.0,63899,12903.0,12610.0,22240.0,0.0
29443,23900.0,10750,2467,0.0,0.0,4524.0,18400.0,63275.0,13901.0,8375.0,129357.0,6680.0,8291,0.0,0.0,0.0,0.0,6129.0,23650.0,4060.0,10505.0,14767,6670.0,16600.0,0.0,9503,18650.0,0.0,9487.0,9800.0,46950,28232,4318.0,0.0,24240.0,63684,12741.0,12711.0,22279.0,0.0
29400,23833.0,11010,2494,0.0,0.0,4524.0,18743.0,63026.0,14125.0,8291.0,128315.0,6650.0,8248,0.0,0.0,0.0,0.0,6080.0,23309.0,4150.0,10250.0,14728,6727.0,16377.0,0.0,9506,18830.0,0.0,9514.0,9761.0,48388,29101,4266.0,0.0,23944.0,62538,12700.0,12551.0,22279.0,0.0
29800,23600.0,11130,2510,0.0,0.0,4493.0,19068.0,63599.0,14401.0,8333.0,130753.0,6700.0,8381,0.0,0.0,0.0,0.0,6175.0,23650.0,4278.0,10319.0,14900,6655.0,16670.0,0.0,9365,19050.0,0.0,9377.0,9740.0,47839,29200,4377.0,0.0,24229.0,62347,12700.0,12705.0,22300.0,0.0
29850,23701.0,11160,2490,0.0,0.0,4488.0,19092.0,63839.0,14584.0,8316.0,132943.0,6700.0,8275,0.0,0.0,0.0,0.0,6250.0,23777.0,4250.0,10348.0,14930,6750.0,16650.0,0.0,9483,19315.0,0.0,9455.0,9740.0,48505,29556,4433.0,0.0,24537.0,63055,12650.0,12630.0,22530.0,0.0
29566,23600.0,10950,2492,0.0,0.0,4420.0,18736.0,63698.0,14651.0,8299.0,133212.0,6675.0,8122,0.0,0.0,0.0,0.0,6102.0,23303.0,4281.0,10347.0,14600,6680.0,16333.0,0.0,9344,18992.0,0.0,9346.0,9494.0,48200,29363,4288.0,0.0,23799.0,62632,12526.0,12557.0,22320.0,0.0
29055,24356.0,10633,2482,0.0,0.0,4401.0,18305.0,63032.0,14550.0,8291.0,132980.0,6568.0,8106,0.0,0.0,0.0,0.0,6110.0,23189.0,4220.0,10208.0,14474,6514.0,16199.0,0.0,9256,18839.0,0.0,9269.0,9400.0,47132,28962,4325.0,0.0,23400.0,61963,12400.0,12552.0,22240.0,0.0
29025,23600.0,10347,2465,0.0,0.0,4470.0,18165.0,61883.0,14539.0,8187.0,133610.0,6588.0,7940,0.0,0.0,0.0,0.0,6074.0,23140.0,4200.0,10133.0,14450,6399.0,16084.0,0.0,9078,18450.0,0.0,9065.0,9394.0,46667,28300,4363.0,0.0,23239.0,61292,12730.0,12465.0,22023.0,0.0
29663,23344.0,10785,2450,0.0,0.0,4500.0,18333.0,61358.0,14494.0,8270.0,137909.0,6747.0,8067,0.0,0.0,0.0,0.0,6154.0,23531.0,4252.0,10033.0,14695,6510.0,16179.0,0.0,9248,18533.0,0.0,9200.0,9548.0,46996,28182,4458.0,0.0,23790.0,62108,13038.0,12564.0,22100.0,0.0
29517,23700.0,10710,2456,0.0,0.0,4480.0,18212.0,62371.0,14471.0,8185.0,139907.0,6600.0,8066,0.0,0.0,0.0,0.0,6150.0,23241.0,4282.0,10181.0,14621,6483.0,16063.0,0.0,9250,18628.0,0.0,9180.0,9721.0,46421,28006,4423.0,0.0,24010.0,61191,12782.0,12650.0,21879.0,0.0
29730,23400.0,10691,2429,0.0,0.0,4505.0,18894.0,62472.0,14193.0,7953.0,139175.0,6530.0,7905,0.0,0.0,0.0,0.0,6024.0,23164.0,4337.0,10161.0,14375,6514.0,15754.0,0.0,9004,18383.0,0.0,8950.0,9508.0,46086,28185,4358.0,0.0,23654.0,60233,12584.0,12450.0,21750.0,0.0
29363,23200.0,10500,2412,0.0,0.0,4462.0,18600.0,62053.0,14425.0,7833.0,134294.0,6559.0,7950,0.0,0.0,0.0,0.0,6019.0,22945.0,4269.0,10050.0,14333,6475.0,15650.0,0.0,8934,18200.0,0.0,8889.0,9548.0,46000,27683,4331.0,0.0,23650.0,59765,12585.0,12430.0,22361.0,0.0
29285,21955.0,10664,2434,0.0,0.0,4550.0,18933.0,61355.0,14472.0,7906.0,135910.0,6499.0,7891,0.0,0.0,0.0,0.0,6018.0,23061.0,4295.0,10019.0,14445,6574.0,15599.0,0.0,8936,18009.0,0.0,8895.0,9540.0,46037,27784,4342.0,0.0,23650.0,60522,12712.0,12439.0,23235.0,0.0
29900,22100.0,10950,2479,0.0,0.0,4654.0,19161.0,61900.0,14876.0,8026.0,140606.0,6590.0,8051,0.0,0.0,0.0,0.0,6140.0,23649.0,4438.0,10169.0,14641,6709.0,15901.0,0.0,9149,18256.0,0.0,9051.0,9730.0,46996,28602,4423.0,0.0,23970.0,61492,13385.0,12645.0,23489.0,0.0
29775,21570.0,10881,2507,0.0,0.0,4696.0,18880.0,61584.0,15161.0,8000.0,141525.0,6565.0,8063,0.0,0.0,0.0,0.0,6172.0,23668.0,4503.0,10115.0,14650,6660.0,15793.0,0.0,9320,18020.0,0.0,9262.0,9800.0,46385,28198,4439.0,0.0,23995.0,61450,13174.0,12700.0,23450.0,0.0
30159,21577.0,10585,2527,0.0,0.0,4596.0,18575.0,61343.0,15051.0,7974.0,143147.0,6588.0,8063,0.0,0.0,0.0,0.0,6338.0,23710.0,4390.0,10097.0,14586,6445.0,15700.0,0.0,9320,17832.0,0.0,9218.0,9800.0,46073,27645,4419.0,0.0,24053.0,61172,13190.0,12662.0,23434.0,0.0
30467,21650.0,10655,2547,0.0,0.0,4550.0,18578.0,61743.0,14800.0,7875.0,136450.0,6645.0,8085,0.0,0.0,0.0,0.0,6382.0,23871.0,4427.0,10075.0,14085,6357.0,15800.0,0.0,9350,17744.0,0.0,9290.0,9911.0,46405,27801,4415.0,0.0,24000.0,61014,13191.0,12599.0,23685.0,0.0
30360,21600.0,10627,2551,0.0,0.0,4551.0,18210.0,62300.0,14723.0,7827.0,134833.0,6642.0,8026,0.0,0.0,0.0,0.0,6362.0,23814.0,4402.0,10150.0,13913,6419.0,15649.0,0.0,9200,17906.0,0.0,9174.0,9859.0,46300,28113,4310.0,0.0,23526.0,61361,13000.0,12595.0,23900.0,0.0
30500,21020.0,10930,2572,0.0,0.0,4550.0,18279.0,62301.0,14790.0,7947.0,134911.0,6681.0,8131,0.0,0.0,0.0,0.0,6420.0,24021.0,4399.0,10227.0,13951,6484.0,15413.0,0.0,9345,17865.0,0.0,9305.0,9745.0,47337,28454,4295.0,0.0,23355.0,61888,13000.0,12600.0,24100.0,0.0
30590,21600.0,11030,2559,0.0,0.0,4591.0,18250.0,62366.0,14916.0,7705.0,135975.0,6525.0,8213,0.0,0.0,0.0,0.0,6453.0,24120.0,4405.0,10307.0,13995,6363.0,14550.0,0.0,9429,17865.0,0.0,9367.0,9787.0,47502,28030,4331.0,0.0,23347.0,62268,12840.0,12847.0,24440.0,0.0
30370,21670.0,10535,2549,0.0,0.0,4581.0,18250.0,62419.0,14900.0,7700.0,139057.0,6440.0,8220,0.0,0.0,0.0,0.0,6413.0,23900.0,4525.0,10237.0,13780,6414.0,14200.0,0.0,9440,17886.0,0.0,9350.0,9700.0,46182,28363,4274.0,0.0,23130.0,62902,12776.0,12925.0,24480.0,0.0
30400,21800.0,10100,2568,0.0,0.0,4400.0,18200.0,62299.0,14850.0,7883.0,138423.0,6500.0,8136,0.0,0.0,0.0,0.0,6456.0,24109.0,4459.0,10271.0,13929,6420.0,14199.0,0.0,9592,18014.0,0.0,9511.0,9700.0,46079,27867,4350.0,0.0,23450.0,62769,13049.0,13064.0,24655.0,0.0
30199,21900.0,10041,2568,0.0,0.0,4350.0,18032.0,62017.0,14789.0,7891.0,137132.0,6615.0,8113,0.0,0.0,0.0,0.0,6400.0,24101.0,4477.0,10190.0,13810,6384.0,14263.0,0.0,9646,17825.0,0.0,9559.0,9765.0,46132,27503,4346.0,0.0,23325.0,61935,13138.0,12973.0,24697.0,0.0
30250,21700.0,9950,2568,0.0,0.0,4300.0,17800.0,62890.0,14799.0,7934.0,138082.0,6766.0,8185,0.0,0.0,0.0,0.0,6476.0,24220.0,4530.0,10278.0,13850,6525.0,14300.0,0.0,9790,18156.0,0.0,9730.0,9795.0,46374,27648,4362.0,0.0,23718.0,61940,12941.0,13000.0,24302.0,0.0
30400,21700.0,10198,2579,0.0,0.0,4300.0,18020.0,62517.0,14700.0,7900.0,140407.0,6865.0,8186,0.0,0.0,0.0,0.0,6595.0,24454.0,4625.0,10329.0,13891,6415.0,14474.0,0.0,9792,18250.0,0.0,9729.0,9815.0,46450,27927,4375.0,0.0,23750.0,63299,12997.0,12999.0,24566.0,0.0
30350,21300.0,10240,2554,0.0,0.0,4300.0,18045.0,62103.0,14900.0,7753.0,140175.0,6850.0,8160,0.0,0.0,0.0,0.0,6603.0,24367.0,4800.0,10342.0,13900,6499.0,14720.0,0.0,9785,18298.0,0.0,9690.0,10000.0,46300,27639,4325.0,0.0,23496.0,62553,13104.0,13000.0,24530.0,0.0
29785,21299.0,9700,2520,0.0,0.0,4268.0,18028.0,62419.0,15050.0,7906.0,137409.0,6838.0,8103,0.0,0.0,0.0,0.0,6630.0,24432.0,4895.0,10221.0,13795,6385.0,14800.0,0.0,9757,18239.0,0.0,9692.0,9905.0,45307,26789,4344.0,0.0,23300.0,62335,13057.0,12985.0,24410.0,0.0
30565,21205.0,9625,2520,0.0,0.0,4270.0,18105.0,62602.0,15088.0,7946.0,135462.0,6915.0,7893,0.0,0.0,0.0,0.0,6600.0,24350.0,5041.0,10149.0,13800,6375.0,14745.0,0.0,9620,18149.0,0.0,9616.0,9815.0,44310,26891,4325.0,0.0,22870.0,61828,13037.0,12835.0,24104.0,0.0
31036,21500.0,9440,2516,0.0,0.0,4271.0,18175.0,63000.0,15060.0,7916.0,136277.0,7015.0,8090,0.0,0.0,0.0,0.0,6542.0,24350.0,5075.0,10240.0,13793,6345.0,14632.0,0.0,9715,17924.0,0.0,9700.0,9880.0,43685,26919,4350.0,0.0,23075.0,61998,13148.0,12849.0,24209.0,0.0
31418,21250.0,9250,2565,0.0,0.0,4269.0,18026.0,63354.0,15100.0,8078.0,136308.0,6975.0,8192,0.0,0.0,0.0,0.0,6555.0,24659.0,5144.0,10297.0,13880,6463.0,14625.0,0.0,9840,18001.0,0.0,9830.0,9930.0,43490,27650,4439.0,0.0,23150.0,62128,13073.0,12968.0,24451.0,0.0
32200,21271.0,9300,2580,0.0,0.0,4266.0,17626.0,63010.0,14787.0,8043.0,139829.0,6992.0,8344,0.0,0.0,0.0,0.0,6829.0,25229.0,5070.0,10293.0,13943,6560.0,14830.0,0.0,9833,18335.0,0.0,9859.0,10177.0,43304,27670,4457.0,0.0,23390.0,62954,13180.0,13200.0,25050.0,0.0
32350,23200.0,9085,2620,0.0,0.0,4203.0,17350.0,63163.0,15219.0,8040.0,137986.0,7007.0,8285,0.0,0.0,0.0,0.0,6879.0,25200.0,4976.0,10206.0,14050,6526.0,14921.0,0.0,9835,18411.0,0.0,9830.0,10350.0,42983,27847,4530.0,0.0,23680.0,63708,13321.0,13280.0,25731.0,0.0
32100,23380.0,9000,2582,0.0,0.0,4238.0,16616.0,62680.0,14575.0,8100.0,135912.0,6871.0,8221,0.0,0.0,0.0,0.0,6870.0,25218.0,4710.0,10192.0,14000,6398.0,14687.0,0.0,9852,18264.0,0.0,9858.0,10275.0,42136,27251,4585.0,0.0,23470.0,63731,13284.0,13450.0,26007.0,0.0
32350,23474.0,9257,2581,0.0,0.0,4200.0,16641.0,62673.0,14500.0,7478.0,135110.0,6915.0,8417,0.0,0.0,0.0,0.0,6800.0,25242.0,4665.0,10242.0,13793,6405.0,14500.0,0.0,9737,18509.0,0.0,9684.0,10358.0,41918,26809,4661.0,0.0,23206.0,63659,13178.0,13400.0,26010.0,0.0
32300,23350.0,9280,2585,0.0,0.0,4235.0,16866.0,63253.0,14559.0,7398.0,133912.0,6827.0,8386,0.0,0.0,0.0,0.0,6818.0,25040.0,4755.0,10350.0,13648,6420.0,14486.0,0.0,9760,18566.0,0.0,9764.0,10208.0,42600,26783,4528.0,0.0,22890.0,64272,13026.0,13210.0,25901.0,0.0
33900,23049.0,9280,2565,0.0,0.0,4200.0,14398.0,63878.0,14254.0,7350.0,126991.0,6842.0,8310,0.0,0.0,0.0,0.0,6800.0,24949.0,4719.0,10232.0,13698,6401.0,14575.0,0.0,9875,18710.0,0.0,9835.0,10213.0,42337,26590,4520.0,0.0,22900.0,62800,13100.0,13371.0,25755.0,0.0
34360,23242.0,9294,2563,0.0,0.0,4200.0,14280.0,64220.0,14100.0,7296.0,128914.0,6840.0,8331,0.0,0.0,0.0,0.0,6827.0,25000.0,4637.0,10222.0,13503,6400.0,14561.0,0.0,9994,18809.0,0.0,9957.0,10273.0,42000,26350,4436.0,0.0,22792.0,62000,13100.0,12937.0,25700.0,0.0
33700,23342.0,9220,2600,0.0,0.0,4177.0,14600.0,64955.0,14185.0,7345.0,130014.0,6825.0,8242,0.0,0.0,0.0,0.0,6820.0,24908.0,4704.0,10219.0,13349,6406.0,14511.0,0.0,9939,19066.0,0.0,9924.0,10300.0,41217,26425,4398.0,0.0,22395.0,61823,12949.0,12900.0,25080.0,0.0
32850,23400.0,9280,2517,0.0,0.0,4200.0,14900.0,64839.0,13950.0,7200.0,128195.0,6730.0,8142,0.0,0.0,0.0,0.0,6770.0,24500.0,4799.0,10304.0,13360,6340.0,14472.0,0.0,9851,19186.0,0.0,9828.0,10155.0,41198,26432,4325.0,0.0,22440.0,61815,12840.0,12794.0,24740.0,0.0
32857,23449.0,9140,2479,0.0,0.0,4192.0,14902.0,64142.0,13750.0,7245.0,124917.0,6660.0,8140,0.0,0.0,0.0,0.0,6800.0,24348.0,4775.0,10325.0,13642,6261.0,14592.0,0.0,9855,19100.0,0.0,9796.0,10236.0,40750,26449,4400.0,0.0,22910.0,62243,12706.0,12975.0,25045.0,0.0
33395,23805.0,9165,2492,0.0,0.0,4235.0,14700.0,64769.0,13900.0,7158.0,127715.0,6733.0,8207,0.0,0.0,0.0,0.0,6809.0,24400.0,4760.0,9886.0,13870,6355.0,14684.0,0.0,9980,19500.0,0.0,9915.0,10253.0,40579,26808,4414.0,0.0,22560.0,61905,12767.0,13004.0,24909.0,0.0
33604,24050.0,9130,2519,0.0,0.0,4300.0,14600.0,65478.0,14180.0,7326.0,133911.0,6748.0,8334,0.0,0.0,0.0,0.0,6873.0,24390.0,4668.0,9815.0,13974,6467.0,14527.0,0.0,10189,19660.0,0.0,10099.0,10270.0,39746,26825,4472.0,0.0,22949.0,62591,12685.0,12970.0,25396.0,0.0
33168,24150.0,9050,2513,0.0,0.0,4137.0,14475.0,65779.0,14200.0,7365.0,133713.0,6755.0,8225,0.0,0.0,0.0,0.0,6847.0,24269.0,4605.0,9695.0,13938,6494.0,14498.0,0.0,10115,19784.0,0.0,10099.0,10167.0,39900,26566,4513.0,0.0,23000.0,62881,12500.0,13044.0,25500.0,0.0
32900,23971.0,8662,2445,0.0,0.0,4006.0,14341.0,65712.0,13500.0,7140.0,129814.0,6624.0,8109,0.0,0.0,0.0,0.0,6715.0,23920.0,4556.0,9643.0,13600,6206.0,14200.0,0.0,10043,19516.0,0.0,10030.0,9934.0,38580,25850,4360.0,0.0,22359.0,62063,12437.0,12676.0,24840.0,0.0
33278,23550.0,8605,2431,0.0,0.0,3891.0,14223.0,64586.0,13277.0,7082.0,126766.0,6448.0,7973,0.0,0.0,0.0,0.0,6654.0,23540.0,4580.0,9671.0,13371,6289.0,13990.0,0.0,9892,19079.0,0.0,9868.0,9835.0,38000,26012,4339.0,0.0,21900.0,61640,12159.0,12773.0,24325.0,0.0
33278,23550.0,8605,2431,0.0,0.0,3891.0,14223.0,64586.0,13277.0,7082.0,126766.0,6448.0,7973,0.0,0.0,0.0,0.0,6654.0,23540.0,4580.0,9671.0,13371,6289.0,13990.0,0.0,9892,19079.0,0.0,9868.0,9835.0,38000,26012,4339.0,0.0,21900.0,61640,12159.0,12773.0,24325.0,0.0
33550,24047.0,8450,2419,0.0,0.0,3813.0,13902.0,64315.0,13071.0,6805.0,125017.0,6482.0,7766,0.0,0.0,0.0,0.0,6553.0,22975.0,4575.0,9617.0,13230,6227.0,13800.0,0.0,9500,18616.0,0.0,9517.0,9700.0,37303,25631,4230.0,0.0,21835.0,60601,12090.0,12850.0,23909.0,0.0
33762,24415.0,8505,2467,0.0,0.0,3850.0,14016.0,64161.0,13209.0,6848.0,126538.0,6729.0,7975,0.0,0.0,0.0,0.0,6475.0,23356.0,4545.0,9500.0,13201,6214.0,13997.0,0.0,9608,18800.0,0.0,9600.0,9741.0,37733,25615,4314.0,0.0,22204.0,61113,12311.0,12875.0,24100.0,0.0
33350,24479.0,8501,2463,0.0,0.0,3761.0,13900.0,64040.0,12911.0,6840.0,125058.0,6665.0,7995,0.0,0.0,0.0,0.0,6461.0,23122.0,4528.0,9360.0,13123,6214.0,13999.0,0.0,9496,18721.0,0.0,9499.0,9698.0,36920,25139,4301.0,0.0,21980.0,61259,12333.0,12954.0,23900.0,0.0
33650,24460.0,8700,2464,0.0,0.0,3682.0,13849.0,63734.0,12832.0,6991.0,124417.0,6700.0,8018,0.0,0.0,0.0,0.0,6530.0,22802.0,4421.0,9220.0,13065,6271.0,13997.0,0.0,9489,18524.0,0.0,9506.0,9833.0,36609,25242,4302.0,0.0,21888.0,61335,12558.0,13000.0,23832.0,0.0
33650,24599.0,8473,2443,0.0,0.0,3637.0,13450.0,63400.0,12802.0,6820.0,123430.0,6675.0,8024,0.0,0.0,0.0,0.0,6496.0,23284.0,4415.0,9088.0,13035,6125.0,13802.0,0.0,9346,18400.0,0.0,9320.0,9675.0,35700,24803,4280.0,0.0,21792.0,60928,12335.0,13100.0,23671.0,0.0
33800,25000.0,8400,2411,0.0,0.0,3566.0,13196.0,62587.0,12820.0,7000.0,118657.0,6628.0,7924,0.0,0.0,0.0,0.0,6393.0,23000.0,4543.0,9051.0,12801,5987.0,13910.0,0.0,9323,17723.0,0.0,9261.0,9533.0,35850,23979,4215.0,0.0,21400.0,59514,12475.0,12680.0,23330.0,0.0
33833,24990.0,8490,2400,0.0,0.0,3544.0,12730.0,62958.0,13000.0,7069.0,125617.0,6700.0,8034,0.0,0.0,0.0,0.0,6456.0,23303.0,4351.0,9106.0,12995,5957.0,14050.0,0.0,9481,17995.0,0.0,9418.0,9602.0,35340,23678,4260.0,0.0,21510.0,60640,12610.0,12855.0,23631.0,0.0
34650,25250.0,8478,2416,0.0,0.0,3546.0,12904.0,62767.0,13178.0,7169.0,130753.0,6642.0,8166,0.0,0.0,0.0,0.0,6590.0,23860.0,4258.0,9242.0,13015,6119.0,14294.0,0.0,9647,18022.0,0.0,9600.0,9635.0,35518,24333,4245.0,0.0,21751.0,59600,12831.0,12870.0,24440.0,0.0
35100,24798.0,8846,2419,0.0,0.0,3660.0,12850.0,62365.0,12989.0,7156.0,130170.0,6564.0,7968,0.0,0.0,0.0,0.0,6424.0,23629.0,4225.0,9108.0,12850,5953.0,14032.0,0.0,9485,17663.0,0.0,9400.0,9450.0,37400,24762,4186.0,0.0,21568.0,58200,12578.0,12638.0,24050.0,0.0
34011,24575.0,8712,2405,0.0,0.0,3495.0,12140.0,62202.0,12745.0,7001.0,125117.0,6508.0,7816,0.0,0.0,0.0,0.0,6294.0,23281.0,4122.0,9039.0,12675,5847.0,13740.0,0.0,9336,17295.0,0.0,9275.0,9210.0,37700,23963,4140.0,0.0,21300.0,57214,12618.0,12634.0,23875.0,0.0
34660,25200.0,8875,2406,0.0,0.0,3550.0,12785.0,62252.0,12656.0,7120.0,123618.0,6565.0,7951,0.0,0.0,0.0,0.0,6330.0,23060.0,4307.0,9046.0,12894,5756.0,13800.0,0.0,9350,17075.0,0.0,9269.0,9050.0,37100,24183,4144.0,0.0,21588.0,57210,12447.0,12805.0,23930.0,0.0
33939,25700.0,8440,2390,0.0,0.0,3400.0,12070.0,61038.0,12386.0,6888.0,118921.0,6532.0,7749,0.0,0.0,0.0,0.0,6140.0,22504.0,4254.0,8845.0,12750,5540.0,13561.0,0.0,9152,17085.0,0.0,9092.0,9170.0,35550,23454,4080.0,0.0,21470.0,54977,12348.0,12581.0,23589.0,0.0
33530,26700.0,8645,2415,0.0,0.0,3510.0,12187.0,60500.0,12712.0,6800.0,118523.0,6515.0,7864,0.0,0.0,0.0,0.0,6246.0,22800.0,4321.0,8849.0,12801,5669.0,13475.0,0.0,9135,17139.0,0.0,9096.0,9216.0,36500,24411,4140.0,0.0,21743.0,56248,12495.0,12450.0,23483.0,0.0
34571,26650.0,8709,2403,0.0,0.0,3434.0,12099.0,60298.0,13100.0,6912.0,119920.0,6516.0,7972,0.0,0.0,0.0,0.0,6340.0,22537.0,4452.0,8818.0,12917,5731.0,13628.0,0.0,9199,17237.0,0.0,9134.0,9416.0,37800,25049,4213.0,0.0,21906.0,56120,12483.0,12655.0,23600.0,0.0
33432,25900.0,8367,2388,0.0,0.0,3380.0,11705.0,59932.0,12800.0,6774.0,116894.0,6226.0,7784,0.0,0.0,0.0,0.0,6081.0,21850.0,4420.0,8775.0,12543,5600.0,13249.0,0.0,8800,16688.0,0.0,8780.0,9170.0,36725,24478,4121.0,0.0,21484.0,54502,12245.0,12297.0,23498.0,0.0
34350,24928.0,8375,2396,0.0,0.0,3450.0,11610.0,60230.0,12990.0,6820.0,117872.0,6248.0,7995,0.0,0.0,0.0,0.0,6103.0,22400.0,4396.0,8829.0,12693,5616.0,13225.0,0.0,8994,16979.0,0.0,8943.0,9329.0,36850,24150,4232.0,0.0,21550.0,54086,12362.0,12450.0,23500.0,0.0
34791,25100.0,8399,2426,0.0,0.0,3550.0,11378.0,61454.0,12732.0,7011.0,121546.0,6407.0,7996,0.0,0.0,0.0,0.0,6220.0,22733.0,4249.0,9089.0,12929,5725.0,13727.0,0.0,9225,17679.0,0.0,9200.0,9470.0,37460,24450,4310.0,0.0,21913.0,55777,12530.0,12670.0,23670.0,0.0
34570,25064.0,8241,2425,0.0,0.0,3601.0,10935.0,61340.0,12460.0,6866.0,119521.0,6348.0,8080,0.0,0.0,0.0,0.0,6211.0,22711.0,4120.0,8995.0,12797,5680.0,13900.0,0.0,9218,17380.0,0.0,9186.0,9500.0,37078,24375,4271.0,0.0,21802.0,55480,12550.0,12650.0,23789.0,0.0
35600,25998.0,8341,2465,0.0,0.0,3580.0,11200.0,61306.0,12467.0,7118.0,123689.0,6496.0,8136,0.0,0.0,0.0,0.0,6438.0,23774.0,4105.0,9210.0,12940,5731.0,14273.0,0.0,9414,17779.0,0.0,9365.0,9740.0,37430,24463,4349.0,0.0,22187.0,56700,12731.0,12787.0,24500.0,0.0
35694,25832.0,8100,2437,0.0,0.0,3480.0,10935.0,59503.0,12269.0,7180.0,126097.0,6448.0,8003,0.0,0.0,0.0,0.0,6390.0,23447.0,4015.0,9150.0,12910,5648.0,14150.0,0.0,9380,17763.0,0.0,9351.0,9632.0,36350,23886,4330.0,0.0,22198.0,56401,12652.0,12829.0,24428.0,0.0
36199,25940.0,8130,2480,0.0,0.0,3365.0,10550.0,59336.0,12050.0,7242.0,126200.0,6718.0,8066,0.0,0.0,0.0,0.0,6511.0,23474.0,3860.0,9120.0,13014,5668.0,14380.0,0.0,9422,17873.0,0.0,9405.0,9640.0,36402,23575,4329.0,0.0,22100.0,55964,12681.0,12875.0,23503.0,0.0
36250,25651.0,8176,2520,0.0,0.0,3342.0,10461.0,59245.0,11987.0,7194.0,125820.0,6599.0,7982,0.0,0.0,0.0,0.0,6526.0,23588.0,4000.0,9086.0,12895,5580.0,14097.0,0.0,9485,17676.0,0.0,9435.0,9600.0,36127,23037,4340.0,0.0,22119.0,55731,12500.0,12700.0,23274.0,0.0
36650,25712.0,8119,2525,0.0,0.0,3374.0,10351.0,59807.0,11776.0,7279.0,124314.0,6800.0,7971,0.0,0.0,0.0,0.0,6602.0,24039.0,4061.0,9147.0,12988,5505.0,15100.0,0.0,9530,17500.0,0.0,9500.0,9792.0,36992,22911,4354.0,0.0,22455.0,55073,12793.0,12850.0,23610.0,0.0
37500,27000.0,8225,2598,0.0,0.0,3365.0,10390.0,59882.0,11950.0,7310.0,125963.0,6895.0,8092,0.0,0.0,0.0,0.0,6746.0,24415.0,4007.0,9007.0,13150,5574.0,14900.0,0.0,9600,17796.0,0.0,9555.0,9940.0,36730,23500,4504.0,0.0,22750.0,55021,12779.0,12980.0,23952.0,0.0
38060,27769.0,8350,2610,0.0,0.0,3537.0,10284.0,60539.0,11863.0,7542.0,130303.0,7250.0,8305,0.0,0.0,0.0,0.0,6840.0,24700.0,4015.0,9104.0,13371,5689.0,15358.0,0.0,9742,17911.0,0.0,9689.0,9939.0,37020,23851,4610.0,0.0,23490.0,55166,13000.0,13239.0,24340.0,0.0
38200,28580.0,8100,2625,0.0,0.0,3420.0,9600.0,59976.0,11491.0,7605.0,131313.0,7340.0,8233,0.0,0.0,0.0,0.0,6751.0,24600.0,3850.0,8990.0,13531,5481.0,15537.0,0.0,9560,17857.0,0.0,9514.0,9899.0,35225,22845,4590.0,0.0,23439.0,54240,12800.0,13197.0,24060.0,0.0
39344,29095.0,8029,2675,0.0,0.0,3397.0,9350.0,62489.0,11500.0,7839.0,137173.0,7510.0,8511,0.0,0.0,0.0,0.0,6965.0,25298.0,3640.0,9267.0,13875,5589.0,15978.0,0.0,10070,18607.0,0.0,9998.0,10033.0,34796,23184,4720.0,0.0,24024.0,54919,12899.0,13383.0,24400.0,0.0
39171,28832.0,8100,2648,0.0,0.0,3443.0,10437.0,62089.0,11750.0,7893.0,137813.0,7550.0,8415,0.0,0.0,0.0,0.0,7088.0,25369.0,3660.0,9304.0,13830,5600.0,15986.0,0.0,10144,18648.0,0.0,10069.0,10120.0,36000,23479,4760.0,0.0,24067.0,56301,12793.0,13750.0,24536.0,0.0
39201,29400.0,8090,2642,0.0,0.0,3410.0,10524.0,62926.0,11580.0,7981.0,137209.0,7600.0,8429,0.0,0.0,0.0,0.0,7140.0,25477.0,3692.0,9073.0,13590,5521.0,16060.0,0.0,10095,18759.0,0.0,10047.0,10072.0,36209,23415,4720.0,0.0,23700.0,54300,12898.0,13650.0,24443.0,0.0
39010,29500.0,8055,2642,0.0,0.0,3315.0,9904.0,63447.0,11400.0,7935.0,138877.0,7650.0,8487,0.0,0.0,0.0,0.0,7098.0,25575.0,3599.0,9167.0,13246,5540.0,16001.0,0.0,10244,18966.0,0.0,10188.0,10000.0,35400,23382,4672.0,0.0,23188.0,52909,12795.0,13733.0,24041.0,0.0
38900,28500.0,8135,2641,0.0,0.0,3300.0,10058.0,63829.0,11573.0,7792.0,138532.0,7685.0,8494,0.0,0.0,0.0,0.0,7080.0,25466.0,3730.0,9200.0,13424,5680.0,15900.0,0.0,10203,18889.0,0.0,10155.0,9953.0,35972,23559,4689.0,0.0,23410.0,53650,12885.0,13610.0,22896.0,0.0
38900,27149.0,8155,2624,0.0,0.0,3290.0,10528.0,63652.0,11739.0,7708.0,138791.0,7695.0,8389,0.0,0.0,0.0,0.0,7096.0,25480.0,3967.0,9804.0,13300,5771.0,16175.0,0.0,10216,18959.0,0.0,10185.0,10017.0,36716,24393,4640.0,0.0,23220.0,54531,12990.0,13310.0,22628.0,0.0
39300,27800.0,8316,2618,0.0,0.0,3280.0,10648.0,64423.0,11865.0,7839.0,140507.0,7861.0,8431,0.0,0.0,0.0,0.0,7198.0,25580.0,4054.0,9685.0,13401,5826.0,16429.0,0.0,10362,19099.0,0.0,10317.0,10450.0,38200,24426,4720.0,0.0,23500.0,55000,12940.0,12750.0,22800.0,0.0
39693,27681.0,8104,2633,0.0,0.0,3236.0,10270.0,64800.0,11350.0,7893.0,139938.0,7965.0,8579,0.0,0.0,0.0,0.0,7271.0,25500.0,4103.0,9639.0,13381,5824.0,16702.0,0.0,10345,19198.0,0.0,10287.0,10478.0,37000,23840,4780.0,0.0,23397.0,54299,13361.0,12914.0,22999.0,0.0
40300,28100.0,8128,2620,0.0,0.0,3228.0,10264.0,64100.0,11344.0,8052.0,137361.0,7870.0,8761,0.0,0.0,0.0,0.0,7249.0,25612.0,4181.0,9649.0,13643,5818.0,16940.0,0.0,10300,18620.0,0.0,10223.0,10571.0,37036,24030,4835.0,0.0,23851.0,53887,14500.0,12745.0,23050.0,0.0
40003,28132.0,8103,2649,0.0,0.0,3270.0,9957.0,64771.0,11337.0,8137.0,142855.0,7923.0,8821,0.0,0.0,0.0,0.0,7127.0,25700.0,4148.0,9660.0,13840,5800.0,17137.0,0.0,10300,18899.0,0.0,10249.0,10300.0,36850,23989,4867.0,0.0,23925.0,53200,14921.0,12700.0,22854.0,0.0
40100,28390.0,7802,2644,0.0,0.0,3235.0,9625.0,63926.0,11330.0,8178.0,155397.0,7860.0,8899,0.0,0.0,0.0,0.0,7130.0,25362.0,4143.0,9640.0,13689,5713.0,16693.0,0.0,10316,18769.0,0.0,10237.0,10506.0,35203,23589,4875.0,0.0,24112.0,52701,15220.0,12600.0,22867.0,0.0
39800,28400.0,7942,2640,0.0,0.0,3365.0,10300.0,64307.0,11515.0,8160.0,150161.0,7830.0,8943,0.0,0.0,0.0,0.0,7213.0,25332.0,4252.0,9550.0,13757,5785.0,17025.0,0.0,10306,18599.0,0.0,10252.0,10544.0,36000,23896,4882.0,0.0,24070.0,51840,15115.0,12842.0,22843.0,0.0
40698,28505.0,8185,2629,0.0,0.0,3420.0,10765.0,63800.0,11502.0,8152.0,149301.0,7850.0,8939,0.0,0.0,0.0,0.0,7190.0,25369.0,4600.0,9577.0,13860,5735.0,17000.0,0.0,10336,18775.0,0.0,10229.0,10624.0,38403,23516,4895.0,0.0,24310.0,50840,15200.0,12711.0,22500.0,0.0
40480,29050.0,8190,2640,0.0,0.0,3510.0,11041.0,64063.0,11240.0,8100.0,144910.0,7818.0,8933,0.0,0.0,0.0,0.0,7225.0,25533.0,4936.0,9649.0,13790,5677.0,17060.0,0.0,10384,18594.0,0.0,10302.0,10693.0,38800,23024,4846.0,0.0,24166.0,51151,15189.0,12650.0,22299.0,0.0
39720,29500.0,7865,2625,0.0,0.0,3375.0,10495.0,63616.0,10739.0,7824.0,142905.0,7730.0,8709,0.0,0.0,0.0,0.0,7101.0,24774.0,4825.0,9635.0,13714,5575.0,16249.0,0.0,10062,18192.0,0.0,10031.0,10469.0,36600,22125,4780.0,0.0,23710.0,50620,15085.0,12711.0,21850.0,0.0
40800,29900.0,8560,2708,0.0,0.0,3511.0,11020.0,63719.0,11501.0,8093.0,148361.0,7786.0,9089,0.0,0.0,0.0,0.0,7283.0,25716.0,4810.0,9935.0,13996,5780.0,16909.0,0.0,10400,18888.0,0.0,10378.0,10888.0,38888,23579,4981.0,0.0,24432.0,53568,15245.0,13185.0,22603.0,0.0
41300,31562.0,8391,2692,0.0,0.0,3633.0,10600.0,64080.0,11189.0,8062.0,151091.0,7825.0,8879,0.0,0.0,0.0,0.0,7290.0,25480.0,4800.0,9942.0,13890,5755.0,16909.0,0.0,10408,18752.0,0.0,10396.0,10977.0,38671,23214,4997.0,0.0,24646.0,52451,15226.0,12740.0,22664.0,0.0
41295,31299.0,8332,2705,0.0,0.0,3610.0,10742.0,63947.0,11318.0,8001.0,148636.0,7770.0,8667,0.0,0.0,0.0,0.0,7170.0,25353.0,4847.0,10038.0,13878,5750.0,16958.0,0.0,10400,18576.0,0.0,10373.0,11075.0,38439,22919,4973.0,0.0,24400.0,51940,15354.0,12750.0,22566.0,0.0
40710,30820.0,8281,2694,0.0,0.0,3500.0,10733.0,63889.0,10958.0,7930.0,146912.0,7750.0,8508,0.0,0.0,0.0,0.0,7201.0,24975.0,4979.0,10140.0,13713,5723.0,16873.0,0.0,10311,18490.0,0.0,10297.0,10950.0,37592,23196,4978.0,0.0,24360.0,50980,15346.0,12800.0,22250.0,0.0
40775,31000.0,8224,2719,0.0,0.0,3457.0,10607.0,64314.0,11125.0,7912.0,144554.0,7979.0,8487,0.0,0.0,0.0,0.0,7254.0,25603.0,4876.0,10146.0,13810,5653.0,17000.0,0.0,10374,18875.0,0.0,10338.0,11079.0,37481,23500,4999.0,0.0,24517.0,50300,15701.0,13048.0,22582.0,0.0
40000,31626.0,8067,2769,0.0,0.0,3490.0,9879.0,65037.0,11136.0,7975.0,143301.0,7960.0,8221,0.0,0.0,0.0,0.0,7320.0,25286.0,4742.0,10318.0,13620,5570.0,16951.0,0.0,10299,18922.0,0.0,10231.0,11150.0,37250,22883,4970.0,0.0,24297.0,46195,15756.0,13297.0,21817.0,0.0
39318,30658.0,7890,2721,0.0,0.0,3325.0,9924.0,64317.0,10674.0,7803.0,140207.0,7700.0,8101,0.0,0.0,0.0,0.0,7065.0,24524.0,4617.0,10295.0,13350,5517.0,16227.0,0.0,10053,18623.0,0.0,10044.0,10928.0,35999,22363,4865.0,0.0,23640.0,43050,15205.0,13505.0,20862.0,0.0
40200,30542.0,8075,2720,0.0,0.0,3381.0,9899.0,65341.0,10801.0,7830.0,147901.0,7787.0,7975,0.0,0.0,0.0,0.0,7100.0,24624.0,4775.0,10373.0,13559,5550.0,16300.0,0.0,10126,19075.0,0.0,10116.0,11040.0,34896,22709,4900.0,0.0,24307.0,44986,15140.0,13438.0,21430.0,0.0
40100,30268.0,7900,2709,0.0,0.0,3393.0,10158.0,65980.0,10660.0,7901.0,151000.0,7700.0,8094,0.0,0.0,0.0,0.0,6782.0,24791.0,4900.0,10388.0,13850,5702.0,15980.0,0.0,10203,19345.0,0.0,10226.0,11025.0,34793,23105,4915.0,0.0,24129.0,43551,14975.0,13330.0,22040.0,0.0
40000,30306.0,7900,2667,0.0,0.0,3411.0,10070.0,65472.0,10660.0,7790.0,147402.0,7567.0,8039,0.0,0.0,0.0,0.0,6740.0,24232.0,4887.0,10505.0,13845,5609.0,15585.0,0.0,9995,19159.0,0.0,9985.0,11020.0,34550,22468,4830.0,0.0,23803.0,43350,14944.0,13200.0,21818.0,0.0
39798,30000.0,7852,2650,0.0,0.0,3480.0,9695.0,66143.0,10675.0,7630.0,146884.0,7591.0,8052,0.0,0.0,0.0,0.0,6876.0,24154.0,4843.0,10540.0,14060,5575.0,15595.0,0.0,10057,19316.0,0.0,10081.0,10940.0,35018,22285,4897.0,0.0,23864.0,42750,15388.0,12951.0,22055.0,0.0
39263,29800.0,7750,2643,0.0,0.0,3492.0,9829.0,66538.0,10694.0,7676.0,145024.0,7638.0,8178,0.0,0.0,0.0,0.0,6974.0,24163.0,4796.0,10741.0,14251,5687.0,15500.0,0.0,10000,19456.0,0.0,10000.0,11045.0,34332,22381,4968.0,0.0,24016.0,41740,15650.0,12946.0,22125.0,0.0
38150,30611.0,7700,2600,0.0,0.0,3409.0,10124.0,64636.0,10500.0,7650.0,138808.0,7799.0,8096,0.0,0.0,0.0,0.0,6876.0,23500.0,4967.0,10455.0,13950,5610.0,15200.0,0.0,9660,18822.0,0.0,9625.0,10800.0,33950,21900,4875.0,0.0,23577.0,40300,15474.0,12711.0,21814.0,0.0
38800,30300.0,7600,2571,0.0,0.0,3520.0,10381.0,65105.0,10348.0,7620.0,138809.0,7848.0,8114,0.0,0.0,0.0,0.0,6860.0,23750.0,5293.0,10602.0,13900,5590.0,15523.0,0.0,9683,19510.0,0.0,9604.0,10747.0,33863,21800,4915.0,0.0,23546.0,40196,15651.0,12804.0,21456.0,0.0
38715,31401.0,7136,2524,0.0,0.0,3526.0,9552.0,63784.0,9964.0,7654.0,137373.0,7781.0,8136,0.0,0.0,0.0,0.0,6798.0,23614.0,5066.0,10528.0,13670,5370.0,15506.0,0.0,9564,19312.0,0.0,9584.0,10813.0,32849,21083,4858.0,0.0,23308.0,39446,15664.0,12713.0,20900.0,0.0
38612,31585.0,7056,2533,0.0,0.0,3590.0,9485.0,63494.0,10000.0,7463.0,136410.0,7695.0,8080,0.0,0.0,0.0,0.0,6803.0,23313.0,5052.0,10541.0,13655,5301.0,15485.0,0.0,9475,19100.0,0.0,9505.0,10549.0,31625,20893,4771.0,0.0,23200.0,39278,15500.0,12600.0,21174.0,0.0
37800,31514.0,6980,2533,0.0,0.0,3550.0,9490.0,62144.0,10001.0,7387.0,134911.0,7700.0,8038,0.0,0.0,0.0,0.0,6567.0,23150.0,5079.0,10499.0,13570,5186.0,15303.0,0.0,9287,18655.0,0.0,9312.0,10482.0,31378,20439,4699.0,0.0,22958.0,39529,15325.0,12381.0,21025.0,0.0
37800,31514.0,6980,2533,0.0,0.0,3550.0,9490.0,62144.0,10001.0,7387.0,134911.0,7700.0,8038,0.0,0.0,0.0,0.0,6567.0,23150.0,5079.0,10499.0,13570,5186.0,15303.0,0.0,9287,18655.0,0.0,9312.0,10482.0,31378,20439,4699.0,0.0,22958.0,39529,15325.0,12381.0,21025.0,0.0
38900,32000.0,7155,2641,0.0,0.0,3600.0,9195.0,61169.0,10050.0,7285.0,131265.0,7851.0,7996,0.0,0.0,0.0,0.0,6576.0,23505.0,4908.0,10348.0,13647,5267.0,15524.0,0.0,9521,18120.0,0.0,9474.0,10262.0,32107,20725,4662.0,0.0,22917.0,40343,15311.0,12615.0,21046.0,0.0
39771,32388.0,7782,2723,0.0,0.0,3774.0,10000.0,62080.0,10699.0,7550.0,145628.0,8008.0,8417,0.0,0.0,0.0,0.0,6964.0,24496.0,5105.0,10521.0,14402,5306.0,16404.0,0.0,9704,18500.0,0.0,9610.0,10851.0,33000,21408,4983.0,0.0,24524.0,44600,16154.0,12963.0,22400.0,0.0
40402,32680.0,7725,2700,0.0,0.0,3832.0,10031.0,62802.0,10742.0,7436.0,147558.0,8099.0,8323,0.0,0.0,0.0,0.0,6935.0,25122.0,4952.0,10508.0,14157,5330.0,16557.0,0.0,9789,19049.0,0.0,9701.0,11023.0,33320,21585,4900.0,0.0,24323.0,45212,15849.0,12880.0,22000.0,0.0
40322,32666.0,7550,2681,0.0,0.0,3730.0,9860.0,63792.0,10652.0,7610.0,147806.0,8080.0,8430,0.0,0.0,0.0,0.0,6878.0,24835.0,5120.0,10455.0,14091,5374.0,16414.0,0.0,9850,18938.0,0.0,9759.0,10883.0,33000,21285,4977.0,0.0,24364.0,43500,16000.0,12781.0,22065.0,0.0
40501,32801.0,7327,2720,0.0,0.0,3673.0,9572.0,63590.0,10640.0,7598.0,147406.0,8120.0,8450,0.0,0.0,0.0,0.0,6981.0,24901.0,4963.0,10575.0,14388,5369.0,16350.0,0.0,9880,19204.0,0.0,9789.0,10989.0,33477,21427,5014.0,0.0,24636.0,44028,15881.0,12773.0,22050.0,0.0
40400,32700.0,7219,2698,0.0,0.0,3630.0,9415.0,64152.0,10403.0,7571.0,148807.0,8057.0,8377,0.0,0.0,0.0,0.0,6871.0,24900.0,4914.0,10602.0,14200,5370.0,16286.0,0.0,9810,19241.0,0.0,9773.0,10896.0,33600,21329,4950.0,0.0,24300.0,43117,15850.0,12650.0,21925.0,0.0
40400,32700.0,7219,2698,0.0,0.0,3630.0,9415.0,64152.0,10403.0,7571.0,148807.0,8057.0,8377,0.0,0.0,0.0,0.0,6871.0,24900.0,4914.0,10602.0,14200,5370.0,16286.0,0.0,9810,19241.0,0.0,9773.0,10896.0,33600,21329,4950.0,0.0,24300.0,43117,15850.0,12650.0,21925.0,0.0
40400,32700.0,7219,2698,0.0,0.0,3630.0,9415.0,64152.0,10403.0,7571.0,148807.0,8057.0,8377,0.0,0.0,0.0,0.0,6871.0,24900.0,4914.0,10602.0,14200,5370.0,16286.0,0.0,9810,19241.0,0.0,9773.0,10896.0,33600,21329,4950.0,0.0,24300.0,43117,15850.0,12650.0,21925.0,0.0
40700,32770.0,7490,2754,0.0,0.0,3638.0,9920.0,64155.0,10754.0,7810.0,152826.0,8200.0,8585,0.0,0.0,0.0,0.0,7005.0,25703.0,5174.0,10570.0,14441,5460.0,16762.0,0.0,9903,19315.0,0.0,9840.0,11186.0,34158,21994,5100.0,0.0,25115.0,44799,16203.0,12775.0,22199.0,0.0
40800,33172.0,7413,2762,0.0,0.0,3687.0,10227.0,62810.0,10448.0,7705.0,152999.0,8154.0,8521,0.0,0.0,0.0,0.0,6970.0,25235.0,5309.0,10401.0,14351,5400.0,16899.0,0.0,9762,18994.0,0.0,9677.0,11069.0,33548,21661,5014.0,0.0,24739.0,43600,16055.0,12694.0,22167.0,0.0
40600,34000.0,7578,2749,0.0,0.0,3670.0,10170.0,63200.0,10350.0,7710.0,151412.0,8100.0,8526,0.0,0.0,0.0,0.0,7000.0,25399.0,5231.0,10500.0,14348,5388.0,16824.0,0.0,9750,18950.0,0.0,9717.0,11140.0,34112,21533,5057.0,0.0,24900.0,43101,16136.0,12843.0,22141.0,0.0
40600,34000.0,7578,2749,0.0,0.0,3670.0,10170.0,63200.0,10350.0,7710.0,151412.0,8100.0,8526,0.0,0.0,0.0,0.0,7000.0,25399.0,5231.0,10500.0,14348,5388.0,16824.0,0.0,9750,18950.0,0.0,9717.0,11140.0,34112,21533,5057.0,0.0,24900.0,43101,16136.0,12843.0,22141.0,0.0
40630,33950.0,7485,2713,0.0,0.0,3725.0,9841.0,62701.0,10514.0,7625.0,152821.0,8076.0,8454,0.0,0.0,0.0,0.0,6932.0,24900.0,5220.0,10470.0,14226,5339.0,16875.0,0.0,9760,18871.0,0.0,9705.0,10940.0,34900,21370,5002.0,0.0,24440.0,43100,16163.0,12631.0,21700.0,0.0
40350,32458.0,7160,2621,0.0,0.0,3605.0,10274.0,61348.0,10167.0,7340.0,151189.0,7861.0,8072,0.0,0.0,0.0,0.0,6555.0,23931.0,5554.0,9967.0,13526,5081.0,16180.0,0.0,9502,18119.0,0.0,9462.0,10715.0,33306,20250,4772.0,0.0,23495.0,40502,16017.0,12163.0,20633.0,0.0
40652,32392.0,7250,2720,0.0,0.0,3650.0,10972.0,61000.0,10396.0,7621.0,158798.0,8052.0,8204,0.0,0.0,0.0,0.0,6660.0,24258.0,6040.0,10087.0,14060,5070.0,16880.0,0.0,9610,18319.0,0.0,9521.0,11100.0,33098,20659,4868.0,0.0,24476.0,40050,15930.0,12345.0,21245.0,0.0
40810,33000.0,7340,2741,0.0,0.0,3788.0,11104.0,60958.0,10321.0,7750.0,164891.0,8161.0,8314,0.0,0.0,0.0,0.0,6690.0,24890.0,6071.0,10127.0,14384,5076.0,17299.0,0.0,9625,18288.0,0.0,9508.0,11091.0,33800,20556,4965.0,0.0,24617.0,40342,16273.0,12750.0,20864.0,0.0
43100,33000.0,7550,2775,0.0,0.0,3888.0,11368.0,61460.0,10499.0,7900.0,168610.0,8375.0,8337,0.0,0.0,0.0,0.0,6700.0,25700.0,6205.0,10172.0,14600,5076.0,17996.0,0.0,9644,18297.0,0.0,9544.0,11465.0,34158,20605,5031.0,0.0,25083.0,38812,16800.0,12846.0,20850.0,0.0
42152,32939.0,7450,2758,0.0,0.0,3821.0,11300.0,60991.0,10634.0,7752.0,167423.0,8185.0,8126,0.0,0.0,0.0,0.0,6494.0,25026.0,6161.0,10153.0,14283,4999.0,17205.0,0.0,9367,18206.0,0.0,9350.0,11143.0,34232,20282,4899.0,0.0,24433.0,39000,16543.0,12491.0,20417.0,0.0
41181,32658.0,7385,2752,0.0,0.0,3809.0,11939.0,60947.0,10578.0,7600.0,161150.0,8100.0,8088,0.0,0.0,0.0,0.0,6390.0,24552.0,6745.0,10133.0,14175,4870.0,17220.0,0.0,9366,18465.0,0.0,9283.0,11000.0,34552,19759,4821.0,0.0,23800.0,38180,16649.0,12655.0,19988.0,0.0
42306,33123.0,7673,2775,0.0,0.0,3940.0,12470.0,62585.0,10801.0,7686.0,166390.0,8472.0,8270,0.0,0.0,0.0,0.0,6533.0,25624.0,6719.0,10265.0,14600,4720.0,17466.0,0.0,9601,18966.0,0.0,9525.0,11430.0,36318,19979,4963.0,0.0,24708.0,38400,17040.0,12965.0,20345.0,0.0
41900,32200.0,7043,2758,0.0,0.0,3800.0,12008.0,61327.0,10448.0,7565.0,161241.0,8590.0,8024,0.0,0.0,0.0,0.0,6396.0,25016.0,6368.0,10019.0,14010,4272.0,17301.0,0.0,9417,18401.0,0.0,9331.0,11362.0,34569,18222,4843.0,0.0,24063.0,36510,17000.0,12790.0,19812.0,0.0
41800,32900.0,7335,2764,0.0,0.0,3900.0,12700.0,62164.0,10250.0,7825.0,159156.0,8333.0,8216,0.0,0.0,0.0,0.0,6399.0,26200.0,6571.0,9591.0,13943,4249.0,17430.0,0.0,9542,18700.0,0.0,9465.0,11500.0,35622,18528,4892.0,0.0,24176.0,36901,16654.0,12900.0,20850.0,0.0
41550,32600.0,7386,2743,0.0,0.0,3902.0,12879.0,62835.0,10450.0,7980.0,155897.0,8290.0,8174,0.0,0.0,0.0,0.0,6343.0,26025.0,6633.0,9393.0,14024,4393.0,17226.0,0.0,9343,18579.0,0.0,9324.0,11663.0,36000,19124,4825.0,0.0,23712.0,38376,16500.0,12870.0,20063.0,0.0
41713,33000.0,7569,2809,0.0,0.0,3940.0,12918.0,63474.0,10272.0,7980.0,158095.0,8300.0,8254,0.0,0.0,0.0,0.0,6420.0,26095.0,6693.0,9757.0,14075,4380.0,17550.0,0.0,9581,18958.0,0.0,9570.0,11773.0,36037,19229,4774.0,0.0,23950.0,39600,17079.0,12945.0,20412.0,0.0
41642,33099.0,7635,2810,0.0,0.0,4065.0,13440.0,63754.0,10682.0,8101.0,158139.0,8400.0,8323,0.0,0.0,0.0,0.0,6418.0,26110.0,6710.0,9794.0,14195,4527.0,17447.0,0.0,9550,19082.0,0.0,9534.0,11524.0,37399,19750,4834.0,0.0,24325.0,38477,17208.0,12850.0,20194.0,0.0
42135,33090.0,7830,2881,0.0,0.0,4170.0,13386.0,63802.0,10725.0,8494.0,163092.0,8625.0,8557,0.0,0.0,0.0,0.0,6549.0,26001.0,6526.0,9902.0,14275,4413.0,17800.0,0.0,9550,19272.0,0.0,9522.0,11590.0,38515,19309,4776.0,0.0,24366.0,38967,17390.0,13229.0,20250.0,0.0
42300,34500.0,8048,2911,0.0,0.0,4234.0,13040.0,64081.0,10706.0,8550.0,163493.0,8586.0,8515,0.0,0.0,0.0,0.0,6660.0,26112.0,6529.0,9634.0,14555,4616.0,18121.0,0.0,9612,19591.0,0.0,9603.0,11375.0,38300,19850,4850.0,0.0,24715.0,40012,17413.0,13068.0,20271.0,0.0
43419,35580.0,7914,2943,0.0,0.0,4140.0,12757.0,64525.0,10482.0,8457.0,164791.0,8595.0,8686,0.0,0.0,0.0,0.0,6801.0,26423.0,6306.0,9545.0,14500,4285.0,18077.0,0.0,9724,19650.0,0.0,9663.0,11430.0,36779,19062,4903.0,0.0,24750.0,40238,17565.0,13370.0,20405.0,0.0
44300,36600.0,7650,3040,0.0,0.0,3966.0,12270.0,64737.0,10200.0,8457.0,170287.0,8620.0,8818,0.0,0.0,0.0,0.0,6762.0,26809.0,6036.0,9664.0,14750,4276.0,18450.0,0.0,9790,20265.0,0.0,9779.0,11489.0,34941,18985,4975.0,0.0,24874.0,41530,17694.0,13550.0,20876.0,0.0
43301,37222.0,7689,2999,0.0,0.0,3984.0,12941.0,65884.0,10423.0,8488.0,168438.0,8719.0,8803,0.0,0.0,0.0,0.0,6938.0,26985.0,6513.0,9860.0,15004,4450.0,18237.0,0.0,9815,20579.0,0.0,9827.0,11560.0,35959,19042,5128.0,0.0,25457.0,41657,17990.0,13651.0,20751.0,0.0
43500,38000.0,7567,3000,0.0,0.0,3987.0,13230.0,66171.0,10391.0,8600.0,169534.0,9189.0,8960,0.0,0.0,0.0,0.0,6990.0,27200.0,6589.0,9723.0,15315,4476.0,18456.0,0.0,10000,20600.0,0.0,9995.0,11660.0,36428,19432,5243.0,0.0,25755.0,41616,18220.0,13660.0,21158.0,0.0
43822,38000.0,7344,2984,0.0,0.0,3885.0,13061.0,66050.0,10377.0,8726.0,168888.0,9284.0,9007,0.0,0.0,0.0,0.0,7050.0,26983.0,6427.0,9525.0,15320,4424.0,18800.0,0.0,9836,20725.0,0.0,9860.0,11629.0,35441,19312,5138.0,0.0,25369.0,41031,18480.0,13690.0,20847.0,0.0
43861,38300.0,7575,2930,0.0,0.0,3875.0,13679.0,65960.0,10369.0,8690.0,169672.0,9032.0,9064,0.0,0.0,0.0,0.0,7023.0,27075.0,6526.0,9647.0,15462,4331.0,18490.0,0.0,9815,20971.0,0.0,9864.0,11530.0,35700,19600,5208.0,0.0,25648.0,42121,18449.0,13438.0,20207.0,0.0
43573,39129.0,7650,2963,0.0,0.0,4013.0,14130.0,65000.0,10400.0,8550.0,171323.0,9152.0,9067,0.0,0.0,0.0,0.0,6976.0,26955.0,6694.0,9612.0,15315,4395.0,18202.0,0.0,9583,20601.0,0.0,9620.0,11447.0,36345,19608,5160.0,0.0,25472.0,45000,18480.0,13386.0,20558.0,0.0
42860,38000.0,8044,2970,0.0,0.0,4072.0,14492.0,64725.0,10822.0,8552.0,169276.0,8851.0,8922,0.0,0.0,0.0,0.0,6990.0,26831.0,6740.0,9685.0,16038,4591.0,18249.0,0.0,9726,20929.0,0.0,9778.0,11599.0,38672,20289,5250.0,0.0,26023.0,47444,18684.0,13414.0,21022.0,0.0
42578,38041.0,7855,2920,0.0,0.0,4119.0,14370.0,64600.0,10904.0,8250.0,167723.0,8962.0,8829,0.0,0.0,0.0,0.0,7279.0,26984.0,6700.0,9807.0,15830,4550.0,17700.0,0.0,9690,20778.0,0.0,9710.0,11548.0,37090,19798,5145.0,0.0,25981.0,46901,18125.0,13391.0,21200.0,0.0
43079,37700.0,8160,2950,0.0,0.0,4265.0,14375.0,63738.0,10973.0,8344.0,169731.0,8986.0,8836,0.0,0.0,0.0,0.0,7300.0,27250.0,6578.0,9810.0,15311,4572.0,18185.0,0.0,9836,21039.0,0.0,9845.0,11704.0,38800,19966,5160.0,0.0,25672.0,45054,18400.0,13404.0,21360.0,0.0
43600,37700.0,8118,2956,0.0,0.0,4330.0,14195.0,63372.0,11084.0,8301.0,168888.0,8785.0,8919,0.0,0.0,0.0,0.0,7241.0,27834.0,6600.0,9945.0,15425,4640.0,17949.0,0.0,9915,21346.0,0.0,9982.0,11935.0,38352,20164,5188.0,0.0,25750.0,46756,18350.0,13574.0,21200.0,0.0
43300,38450.0,8104,2978,0.0,0.0,4250.0,14190.0,63399.0,11101.0,8337.0,165890.0,9006.0,8936,0.0,0.0,0.0,0.0,7320.0,27400.0,6589.0,10049.0,15336,4828.0,17959.0,0.0,9903,21237.0,0.0,9900.0,11840.0,38300,20498,5190.0,0.0,25530.0,46908,18230.0,13685.0,21799.0,0.0
42750,38850.0,7995,2925,0.0,0.0,4085.0,14100.0,65387.0,10932.0,8290.0,166862.0,9054.0,8918,0.0,0.0,0.0,0.0,7500.0,27272.0,6500.0,10165.0,15175,4800.0,17998.0,0.0,9800,21829.0,0.0,9800.0,11892.0,37118,20401,5190.0,0.0,25500.0,45924,18115.0,13570.0,21274.0,0.0
43194,39290.0,7720,2904,0.0,0.0,4358.0,14138.0,65481.0,10685.0,8237.0,167452.0,8795.0,8857,0.0,0.0,0.0,0.0,7603.0,27282.0,6626.0,10232.0,15070,4865.0,17526.0,0.0,9995,22173.0,0.0,10063.0,11900.0,36300,20154,5144.0,0.0,25250.0,45716,17510.0,13313.0,20600.0,0.0
43811,39200.0,7450,2966,0.0,0.0,4789.0,14115.0,65643.0,10772.0,8669.0,163400.0,9064.0,8818,0.0,0.0,0.0,0.0,7775.0,27290.0,6078.0,10163.0,15253,5037.0,17830.0,0.0,10204,22750.0,0.0,10269.0,11930.0,36395,20999,5249.0,0.0,25870.0,47000,18165.0,13446.0,21397.0,0.0
43878,39700.0,7900,2965,0.0,0.0,4843.0,14460.0,64806.0,11021.0,9050.0,161443.0,9100.0,8866,0.0,0.0,0.0,0.0,7892.0,28190.0,5770.0,10301.0,15403,5160.0,17900.0,0.0,10247,22650.0,0.0,10286.0,11831.0,37829,21733,5249.0,0.0,26140.0,47756,18385.0,13663.0,21629.0,0.0
43499,39650.0,7800,2965,0.0,0.0,4760.0,14487.0,64588.0,11050.0,9225.0,164203.0,9030.0,8929,0.0,0.0,0.0,0.0,7788.0,28157.0,5546.0,10282.0,15300,5182.0,17591.0,0.0,10155,22312.0,0.0,10235.0,11916.0,39300,21869,5299.0,0.0,26000.0,47600,17908.0,13720.0,21550.0,0.0
42821,39800.0,7500,2908,0.0,0.0,4741.0,13830.0,65075.0,10988.0,9121.0,164261.0,8845.0,8987,0.0,0.0,0.0,0.0,7751.0,27879.0,5321.0,10262.0,15301,5120.0,17450.0,0.0,10160,22118.0,0.0,10230.0,11890.0,38300,21989,5285.0,0.0,25573.0,47313,18040.0,13792.0,21481.0,0.0
41884,39644.0,7500,2866,0.0,0.0,4721.0,13800.0,64973.0,11004.0,8850.0,160920.0,8769.0,9025,0.0,0.0,0.0,0.0,7701.0,27698.0,5136.0,10342.0,15325,5187.0,17050.0,0.0,10268,22445.0,0.0,10315.0,11611.0,38725,22197,5263.0,0.0,25400.0,44497,17434.0,13750.0,21340.0,0.0
42887,39800.0,7700,2860,0.0,0.0,4770.0,13793.0,66128.0,10810.0,9200.0,163753.0,8926.0,9247,0.0,0.0,0.0,0.0,7753.0,28105.0,5236.0,10400.0,15409,5091.0,17513.0,0.0,10329,22829.0,0.0,10397.0,11700.0,38912,21839,5250.0,0.0,25779.0,42906,18075.0,13795.0,21234.0,0.0
42000,40200.0,7850,2850,0.0,0.0,4770.0,13671.0,65871.0,11201.0,9404.0,166159.0,8962.0,9062,0.0,0.0,0.0,0.0,7800.0,28048.0,5115.0,10319.0,15532,5190.0,17484.0,0.0,10318,22730.0,0.0,10296.0,11500.0,38650,22317,5205.0,0.0,25692.0,44600,18200.0,13770.0,21525.0,0.0
42691,41180.0,7800,2935,0.0,0.0,4815.0,13260.0,66738.0,11385.0,9400.0,171014.0,8980.0,9100,0.0,0.0,0.0,0.0,7728.0,28103.0,4994.0,10472.0,15491,5160.0,17900.0,0.0,10456,22939.0,0.0,10459.0,11540.0,38437,21681,5235.0,0.0,25600.0,44235,18173.0,13657.0,21494.0,0.0
43360,41665.0,7662,2918,0.0,0.0,4960.0,12990.0,66759.0,11560.0,9401.0,171389.0,8997.0,9089,0.0,0.0,0.0,0.0,7751.0,28076.0,5065.0,10325.0,15481,5236.0,16900.0,0.0,10375,23202.0,0.0,10389.0,11410.0,38033,21791,5305.0,0.0,25501.0,42570,18200.0,13631.0,21113.0,0.0
42225,41490.0,7575,2960,0.0,0.0,4945.0,12890.0,65806.0,11300.0,9245.0,169125.0,8779.0,9042,0.0,0.0,0.0,0.0,7889.0,28109.0,5138.0,10322.0,15673,5310.0,16867.0,0.0,10441,23945.0,0.0,10415.0,11950.0,37528,21797,5337.0,0.0,25700.0,41850,18045.0,13805.0,20945.0,0.0
42442,42200.0,7432,2961,0.0,0.0,5000.0,12872.0,67236.0,11500.0,9070.0,169440.0,8670.0,9008,0.0,0.0,0.0,0.0,7784.0,28039.0,5387.0,10394.0,15697,5320.0,16370.0,0.0,10347,23611.0,0.0,10333.0,11940.0,37800,21801,5405.0,0.0,25704.0,42441,17558.0,13666.0,21033.0,0.0
41380,41000.0,7171,2968,0.0,0.0,5165.0,13112.0,67641.0,11426.0,8991.0,171112.0,8955.0,9025,0.0,0.0,0.0,0.0,7560.0,27700.0,5426.0,10415.0,15251,5430.0,16600.0,0.0,10300,23951.0,0.0,10371.0,11979.0,37145,21984,5350.0,0.0,25582.0,42372,17865.0,13580.0,20664.0,0.0
41592,41977.0,7057,2965,0.0,0.0,5125.0,13150.0,67635.0,11275.0,8875.0,169885.0,9000.0,8810,0.0,0.0,0.0,0.0,7506.0,26909.0,5343.0,10309.0,15125,5420.0,16571.0,0.0,10350,23935.0,0.0,10388.0,11900.0,36500,21560,5323.0,0.0,25130.0,41400,17500.0,13630.0,20602.0,0.0
41600,43327.0,7000,2965,0.0,0.0,5119.0,12883.0,68130.0,11000.0,8900.0,170851.0,9050.0,9104,0.0,0.0,0.0,0.0,7463.0,27599.0,5124.0,10345.0,14978,5262.0,16603.0,0.0,10435,23969.0,0.0,10424.0,12100.0,36000,21872,5271.0,0.0,24995.0,41534,17533.0,13643.0,20846.0,0.0
41999,44000.0,7079,2923,0.0,0.0,5162.0,12500.0,68204.0,10907.0,8970.0,168551.0,9200.0,9252,0.0,0.0,0.0,0.0,7402.0,27730.0,5000.0,10236.0,14890,5110.0,16645.0,0.0,10305,23663.0,0.0,10309.0,12478.0,36016,21233,5282.0,0.0,25007.0,41824,17747.0,13680.0,21028.0,0.0
43001,44110.0,6760,2960,0.0,0.0,4990.0,12261.0,69508.0,10992.0,8995.0,166621.0,9286.0,9464,0.0,0.0,0.0,0.0,7280.0,27815.0,5000.0,10305.0,15696,5177.0,16777.0,0.0,10422,24081.0,0.0,10390.0,13200.0,34936,20890,5398.0,0.0,25349.0,40950,17800.0,13680.0,22272.0,0.0
43300,44300.0,6746,2872,0.0,0.0,4910.0,11800.0,69723.0,11180.0,9004.0,167389.0,9275.0,9384,0.0,0.0,0.0,0.0,7536.0,27675.0,4800.0,10504.0,15703,5287.0,16700.0,0.0,10660,24440.0,0.0,10667.0,13000.0,34050,20576,5458.0,0.0,25300.0,40600,17800.0,13528.0,22200.0,0.0
41850,43383.0,6676,2764,0.0,0.0,4870.0,11200.0,68272.0,10813.0,8800.0,167871.0,9180.0,9286,0.0,0.0,0.0,0.0,7718.0,27263.0,4430.0,10217.0,15665,5366.0,16477.0,0.0,10459,24277.0,0.0,10476.0,12802.0,32972,20445,5370.0,0.0,24986.0,41006,17700.0,13420.0,21859.0,0.0
40100,42630.0,6350,2794,0.0,0.0,4798.0,11233.0,68289.0,10275.0,8685.0,167905.0,8950.0,9146,0.0,0.0,0.0,0.0,7718.0,26633.0,4679.0,10107.0,15600,5338.0,15988.0,0.0,10250,24300.0,0.0,10327.0,12800.0,32436,20374,5260.0,0.0,24225.0,40272,17787.0,13235.0,21800.0,0.0
40400,42737.0,6200,2795,0.0,0.0,4685.0,11041.0,66578.0,9741.0,8760.0,170965.0,9117.0,9136,0.0,0.0,0.0,0.0,7800.0,26300.0,4637.0,10121.0,15435,5222.0,15865.0,0.0,10350,24286.0,0.0,10399.0,12750.0,30936,19650,5290.0,0.0,24106.0,39717,18109.0,12900.0,21610.0,0.0
40650,44000.0,6300,2785,0.0,0.0,4722.0,11087.0,66721.0,9841.0,8610.0,172486.0,8978.0,9146,0.0,0.0,0.0,0.0,7887.0,26700.0,4720.0,10258.0,15407,5251.0,15600.0,0.0,10384,24300.0,0.0,10434.0,13000.0,31413,19921,5505.0,0.0,24650.0,40094,17985.0,13040.0,21901.0,0.0
38850,45000.0,6176,2794,0.0,0.0,4710.0,10499.0,66660.0,9800.0,8479.0,173005.0,8815.0,9023,0.0,0.0,0.0,0.0,7880.0,26817.0,4570.0,10307.0,15355,5116.0,15366.0,0.0,10329,24517.0,0.0,10420.0,13005.0,31528,19347,5448.0,0.0,24218.0,39400,17850.0,12975.0,21550.0,0.0
38727,47200.0,6154,2808,0.0,0.0,4576.0,10600.0,66372.0,9765.0,8493.0,173885.0,8905.0,9140,0.0,0.0,0.0,0.0,7850.0,26874.0,4559.0,10492.0,15640,5061.0,15431.0,0.0,10699,24985.0,0.0,10780.0,12350.0,31886,18600,5502.0,0.0,24764.0,38393,18046.0,12894.0,21829.0,0.0
39398,47200.0,6251,2835,0.0,0.0,4705.0,10983.0,65644.0,9740.0,8674.0,171886.0,9075.0,9132,0.0,0.0,0.0,0.0,7875.0,26800.0,4840.0,10418.0,15890,5146.0,16217.0,0.0,10618,24477.0,0.0,10700.0,12289.0,33128,18819,5460.0,0.0,24650.0,38700,18179.0,13001.0,21920.0,0.0
39521,46824.0,6161,2855,0.0,0.0,4574.0,10964.0,66527.0,9635.0,8522.0,171686.0,8981.0,9077,0.0,0.0,0.0,0.0,7875.0,27050.0,4925.0,10252.0,16105,5069.0,16200.0,0.0,10648,24447.0,0.0,10704.0,12315.0,33150,18675,5449.0,0.0,24950.0,39162,18155.0,12943.0,22148.0,0.0
39063,47000.0,6260,2810,0.0,0.0,4717.0,11650.0,66179.0,10280.0,8639.0,180800.0,8940.0,9201,0.0,0.0,0.0,0.0,7900.0,27085.0,5254.0,10400.0,16150,5186.0,15615.0,0.0,10735,24280.0,0.0,10822.0,12800.0,33368,19050,5365.0,0.0,24650.0,40817,18334.0,13050.0,22100.0,0.0
38500,46900.0,6289,2850,0.0,0.0,4743.0,11990.0,65477.0,10990.0,8403.0,177102.0,8931.0,8989,0.0,0.0,0.0,0.0,7825.0,26338.0,5286.0,10338.0,16111,5250.0,15628.0,0.0,10597,23950.0,0.0,10647.0,12450.0,32578,19468,5396.0,0.0,24180.0,42500,18350.0,13088.0,22491.0,0.0
37377,46600.0,6250,2750,0.0,0.0,4806.0,11970.0,65828.0,11045.0,8525.0,178881.0,8695.0,9088,0.0,0.0,0.0,0.0,7915.0,26309.0,5309.0,10197.0,16470,5400.0,15521.0,0.0,10499,23632.0,0.0,10547.0,12040.0,32813,19718,5365.0,0.0,24690.0,41800,18394.0,12979.0,21350.0,0.0
37588,49950.0,6127,2830,0.0,0.0,4864.0,11870.0,65225.0,10790.0,8566.0,181535.0,8935.0,9062,0.0,0.0,0.0,0.0,8041.0,26800.0,5307.0,10181.0,16991,5388.0,15797.0,0.0,10581,23683.0,0.0,10613.0,12106.0,33015,19511,5495.0,0.0,25407.0,41740,18496.0,13461.0,21090.0,0.0
38194,49000.0,5938,2792,0.0,0.0,4918.0,11816.0,64112.0,10679.0,8541.0,176883.0,8822.0,9111,0.0,0.0,0.0,0.0,7960.0,26571.0,5300.0,9973.0,16850,5320.0,15894.0,0.0,10319,23608.0,0.0,10400.0,12092.0,31385,19411,5487.0,0.0,25170.0,41570,18451.0,13380.0,20700.0,0.0
37176,49600.0,6023,2790,0.0,0.0,4860.0,12298.0,63400.0,10790.0,8265.0,173010.0,8670.0,8894,0.0,0.0,0.0,0.0,7725.0,25995.0,5465.0,9820.0,16673,5237.0,15570.0,0.0,10122,23087.0,0.0,10170.0,12100.0,30848,19127,5447.0,0.0,24650.0,41754,18396.0,13100.0,20322.0,0.0
37820,49500.0,6012,2800,0.0,0.0,4825.0,11839.0,63399.0,10492.0,8455.0,177238.0,9000.0,8955,0.0,0.0,0.0,0.0,7745.0,26360.0,5259.0,9942.0,16700,5096.0,15759.0,0.0,10080,23349.0,0.0,10150.0,12280.0,30000,18558,5455.0,0.0,23901.0,41500,18653.0,13135.0,20300.0,0.0
38161,50120.0,5800,2818,0.0,0.0,4750.0,11611.0,64474.0,10190.0,8640.0,180097.0,9232.0,9127,0.0,0.0,0.0,0.0,7801.0,26500.0,5260.0,10057.0,16850,5254.0,16334.0,0.0,10227,23219.0,0.0,10282.0,12394.0,30251,19074,5592.0,0.0,23831.0,41851,18710.0,13184.0,20700.0,0.0
38400,52501.0,5883,2867,0.0,0.0,4611.0,11669.0,62900.0,10050.0,8615.0,186876.0,9144.0,9221,0.0,0.0,0.0,0.0,7837.0,26580.0,5132.0,9771.0,16800,5159.0,16427.0,0.0,10051,23300.0,0.0,10156.0,12480.0,29752,18375,5584.0,0.0,23778.0,41217,18870.0,13269.0,20500.0,0.0
38342,53500.0,6000,2866,0.0,0.0,4600.0,11356.0,62861.0,9700.0,8796.0,187875.0,9100.0,9228,0.0,0.0,0.0,0.0,7889.0,26475.0,4980.0,9791.0,16765,5062.0,16499.0,0.0,10042,23100.0,0.0,10074.0,12850.0,30865,18131,5598.0,0.0,24075.0,40832,19100.0,13341.0,21700.0,0.0
38382,53805.0,5815,2843,0.0,0.0,4632.0,11550.0,63151.0,9480.0,8790.0,187875.0,8972.0,9228,0.0,0.0,0.0,0.0,7994.0,26417.0,5055.0,9867.0,16800,4981.0,16390.0,0.0,10150,23115.0,0.0,10177.0,13150.0,29150,17700,5632.0,0.0,23869.0,39580,18952.0,13550.0,21978.0,0.0
38382,53805.0,5815,2843,0.0,0.0,4632.0,11550.0,63151.0,9480.0,8790.0,187875.0,8972.0,9228,0.0,0.0,0.0,0.0,7994.0,26417.0,5055.0,9867.0,16800,4981.0,16390.0,0.0,10150,23115.0,0.0,10177.0,13150.0,29150,17700,5632.0,0.0,23869.0,39580,18952.0,13550.0,21978.0,0.0
38382,53805.0,5815,2843,0.0,0.0,4632.0,11550.0,63151.0,9480.0,8790.0,187875.0,8972.0,9228,0.0,0.0,0.0,0.0,7994.0,26417.0,5055.0,9867.0,16800,4981.0,16390.0,0.0,10150,23115.0,0.0,10177.0,13150.0,29150,17700,5632.0,0.0,23869.0,39580,18952.0,13550.0,21978.0,0.0
39076,54500.0,5827,2856,0.0,0.0,4633.0,11900.0,63909.0,9500.0,8750.0,186876.0,9227.0,9297,0.0,0.0,0.0,0.0,8053.0,26659.0,5184.0,9822.0,17001,5096.0,16288.0,0.0,10250,23531.0,0.0,10249.0,13356.0,28907,18005,5712.0,0.0,24326.0,41798,19050.0,13610.0,22210.0,0.0
39013,54050.0,5900,2835,0.0,0.0,4658.0,11635.0,63137.0,9616.0,8863.0,187881.0,9480.0,9335,0.0,0.0,0.0,0.0,7950.0,26608.0,4960.0,9901.0,17099,5078.0,16750.0,0.0,10375,24000.0,0.0,10399.0,13249.0,29425,18194,5720.0,0.0,24164.0,41737,19175.0,13714.0,22272.0,0.0
39050,54480.0,5858,2840,0.0,0.0,4600.0,11546.0,63600.0,9600.0,8944.0,191830.0,9615.0,9267,0.0,0.0,0.0,0.0,7901.0,26581.0,4873.0,10200.0,17215,5067.0,16920.0,0.0,10417,24372.0,0.0,10437.0,13320.0,28972,17980,5765.0,0.0,24150.0,41505,19408.0,13849.0,22304.0,0.0
40173,53707.0,5953,2835,0.0,0.0,4580.0,12171.0,65099.0,9524.0,9090.0,194370.0,9917.0,9202,0.0,0.0,0.0,0.0,8101.0,26900.0,5050.0,10292.0,17390,5050.0,17300.0,0.0,10599,24700.0,0.0,10654.0,13650.0,29195,17823,5728.0,0.0,24395.0,42375,19785.0,13895.0,22073.0,0.0
40177,53000.0,6010,2893,0.0,0.0,4620.0,12442.0,65022.0,9090.0,9148.0,197869.0,9930.0,9205,0.0,0.0,0.0,0.0,7793.0,26850.0,5198.0,10397.0,17335,5050.0,17590.0,0.0,10625,25001.0,0.0,10690.0,14195.0,28350,17700,5720.0,0.0,24251.0,44454,20111.0,13910.0,22250.0,0.0
40200,52747.0,6012,2831,0.0,0.0,4741.0,12984.0,65120.0,9400.0,9085.0,186757.0,9738.0,9272,0.0,0.0,0.0,0.0,7720.0,26800.0,5281.0,10311.0,17453,5187.0,17400.0,0.0,10557,24674.0,0.0,10621.0,13758.0,27874,18400,5735.0,0.0,24515.0,44400,19929.0,13910.0,21911.0,0.0
40200,53000.0,6166,2869,0.0,0.0,4771.0,13272.0,66590.0,9480.0,9100.0,184748.0,9863.0,9084,0.0,0.0,0.0,0.0,7695.0,26781.0,5339.0,10493.0,17519,5368.0,17241.0,0.0,10654,24900.0,0.0,10693.0,13550.0,28600,18900,5715.0,0.0,24909.0,46121,19761.0,13920.0,22175.0,0.0
40186,53000.0,6225,2863,0.0,0.0,4779.0,13623.0,66597.0,9420.0,9100.0,193372.0,9645.0,9090,0.0,0.0,0.0,0.0,7784.0,26965.0,5129.0,10396.0,17625,5427.0,16986.0,0.0,10699,24850.0,0.0,10759.0,13586.0,29600,18630,5750.0,0.0,25290.0,47888,19514.0,14225.0,23036.0,0.0
39300,52795.0,6287,2882,0.0,0.0,4738.0,13781.0,67256.0,9399.0,9099.0,183290.0,9650.0,9038,0.0,0.0,0.0,0.0,7677.0,27213.0,5006.0,10400.0,17500,5396.0,16650.0,0.0,10643,24400.0,0.0,10700.0,13613.0,30182,18273,5690.0,0.0,25156.0,46747,19544.0,14300.0,22829.0,0.0
39001,54500.0,6316,2814,0.0,0.0,4505.0,13755.0,67875.0,9297.0,9210.0,182879.0,9639.0,9146,0.0,0.0,0.0,0.0,7822.0,27145.0,5135.0,10408.0,17195,5323.0,16460.0,0.0,10767,24300.0,0.0,10820.0,13730.0,30699,18681,5729.0,0.0,25100.0,46700,19585.0,14415.0,22500.0,0.0
39431,55250.0,6160,2839,0.0,0.0,4420.0,13986.0,68121.0,8765.0,9280.0,190169.0,9690.0,9128,0.0,0.0,0.0,0.0,7805.0,26921.0,5285.0,10525.0,17271,5303.0,16925.0,0.0,11067,24341.0,0.0,11107.0,13750.0,29687,18383,5749.0,0.0,25407.0,46425,19909.0,14310.0,22630.0,0.0
38017,58000.0,6160,2820,0.0,0.0,4333.0,13724.0,68522.0,8824.0,9127.0,191370.0,9559.0,9028,0.0,0.0,0.0,0.0,7611.0,26700.0,5289.0,10660.0,17418,5406.0,16683.0,0.0,11160,24349.0,0.0,11269.0,13401.0,29350,18562,5750.0,0.0,25463.0,46487,19778.0,14290.0,22630.0,0.0
38012,57061.0,6160,2833,0.0,0.0,4360.0,13301.0,68589.0,9100.0,9101.0,191885.0,9826.0,9090,0.0,0.0,0.0,0.0,7716.0,26831.0,5250.0,10579.0,17499,5515.0,16800.0,0.0,11329,24150.0,0.0,11399.0,13667.0,29877,19243,5800.0,0.0,25566.0,47710,19687.0,14525.0,23097.0,0.0
37650,57400.0,6318,2793,0.0,0.0,4500.0,13000.0,68700.0,9805.0,9220.0,194130.0,9480.0,9166,0.0,0.0,0.0,0.0,7839.0,26610.0,5141.0,10759.0,17499,5754.0,17070.0,0.0,11378,24897.0,0.0,11441.0,13452.0,30385,19941,5759.0,0.0,25601.0,48568,19343.0,14914.0,23975.0,0.0
37650,57400.0,6318,2793,0.0,0.0,4500.0,13000.0,68700.0,9805.0,9220.0,194130.0,9480.0,9166,0.0,0.0,0.0,0.0,7839.0,26610.0,5141.0,10759.0,17499,5754.0,17070.0,0.0,11378,24897.0,0.0,11441.0,13452.0,30385,19941,5759.0,0.0,25601.0,48568,19343.0,14914.0,23975.0,0.0
37200,57385.0,6795,2806,0.0,0.0,4804.0,13580.0,66151.0,10250.0,9097.0,192207.0,9367.0,9001,0.0,0.0,0.0,0.0,7725.0,26200.0,5420.0,10641.0,17580,5713.0,17084.0,0.0,11280,24303.0,0.0,11329.0,13300.0,32640,20509,5720.0,0.0,25800.0,49006,19261.0,15493.0,24602.0,0.0
36000,56350.0,6876,2805,0.0,0.0,4999.0,13730.0,65660.0,10100.0,8909.0,189229.0,9213.0,8863,0.0,0.0,0.0,0.0,7608.0,26196.0,5413.0,10638.0,17254,5707.0,16800.0,0.0,11247,23928.0,0.0,11285.0,13054.0,33800,20750,5649.0,0.0,25658.0,48961,18894.0,15203.0,24050.0,0.0
36200,56000.0,6600,2791,0.0,0.0,4883.0,13484.0,65964.0,9724.0,8952.0,186979.0,9129.0,9053,0.0,0.0,0.0,0.0,7697.0,26470.0,5428.0,10661.0,17460,5652.0,17020.0,0.0,11309,24119.0,0.0,11400.0,13208.0,32715,19933,5683.0,0.0,25678.0,48063,19100.0,14829.0,23900.0,0.0
36200,56000.0,6600,2791,0.0,0.0,4883.0,13484.0,65964.0,9724.0,8952.0,186979.0,9129.0,9053,0.0,0.0,0.0,0.0,7697.0,26470.0,5428.0,10661.0,17460,5652.0,17020.0,0.0,11309,24119.0,0.0,11400.0,13208.0,32715,19933,5683.0,0.0,25678.0,48063,19100.0,14829.0,23900.0,0.0
36118,55931.0,6730,2719,0.0,0.0,4875.0,13889.0,66773.0,9987.0,8920.0,184215.0,8851.0,8982,0.0,0.0,0.0,0.0,7496.0,26275.0,5337.0,10873.0,17221,5660.0,16850.0,0.0,11285,24100.0,0.0,11386.0,12908.0,33247,20656,5652.0,0.0,25505.0,48281,18950.0,14825.0,24200.0,0.0
35205,55460.0,6995,2700,0.0,0.0,4900.0,14060.0,65000.0,10631.0,8965.0,185026.0,8900.0,9037,0.0,0.0,0.0,0.0,7579.0,26673.0,5445.0,10750.0,17400,5722.0,17013.0,0.0,11100,23700.0,0.0,11180.0,12926.0,34997,21400,5630.0,0.0,25650.0,48130,19111.0,14753.0,23984.0,0.0
34409,54000.0,7089,2607,0.0,0.0,4916.0,13550.0,65393.0,10450.0,8836.0,178569.0,8864.0,8922,0.0,0.0,0.0,0.0,7425.0,26410.0,5096.0,10675.0,17239,5665.0,16868.0,0.0,10867,24019.0,0.0,10950.0,12751.0,35200,21075,5472.0,0.0,25457.0,48600,18941.0,14768.0,23731.0,0.0
35315,53500.0,6788,2600,0.0,0.0,4800.0,13049.0,65501.0,9747.0,8916.0,178569.0,8755.0,8740,0.0,0.0,0.0,0.0,7324.0,25932.0,4428.0,10528.0,17044,5517.0,16636.0,0.0,10881,24156.0,0.0,10993.0,12525.0,33100,20050,5418.0,0.0,25145.0,46347,19200.0,14580.0,23250.0,0.0
35605,54000.0,6542,2611,0.0,0.0,4704.0,13332.0,66976.0,9717.0,9088.0,178456.0,8896.0,8752,0.0,0.0,0.0,0.0,7462.0,26364.0,4386.0,10624.0,17129,5556.0,16570.0,0.0,11248,24700.0,0.0,11354.0,12591.0,33009,20325,5463.0,0.0,25108.0,46253,19300.0,14644.0,23096.0,0.0
35500,54000.0,6635,2589,0.0,0.0,4764.0,13421.0,67862.0,9717.0,9248.0,179657.0,9145.0,8736,0.0,0.0,0.0,0.0,7323.0,26220.0,4325.0,10650.0,17003,5728.0,16717.0,0.0,11277,24767.0,0.0,11360.0,12760.0,32342,21006,5452.0,0.0,25303.0,45645,19355.0,14781.0,23155.0,0.0
35450,54000.0,6651,2592,0.0,0.0,4763.0,13341.0,67250.0,9853.0,9299.0,177582.0,9200.0,8613,0.0,0.0,0.0,0.0,7295.0,26091.0,4359.0,10565.0,16964,5650.0,16667.0,0.0,11070,24485.0,0.0,11150.0,12475.0,32031,21296,5447.0,0.0,25175.0,46000,19400.0,14700.0,23150.0,0.0
35388,51977.0,6694,2625,0.0,0.0,4710.0,13279.0,66794.0,9504.0,9492.0,183978.0,9266.0,8581,0.0,0.0,0.0,0.0,7265.0,25846.0,4533.0,10523.0,16880,5596.0,16450.0,0.0,11122,26300.0,0.0,11229.0,12449.0,32221,21018,5420.0,0.0,25121.0,47144,19140.0,14742.0,23058.0,0.0
35185,51128.0,6498,2608,0.0,0.0,4689.0,13570.0,66867.0,9139.0,9500.0,183243.0,8924.0,8553,0.0,0.0,0.0,0.0,7224.0,25740.0,4508.0,10472.0,16666,5589.0,16205.0,0.0,11109,27000.0,0.0,11221.0,12300.0,31794,20697,5361.0,0.0,25231.0,46581,18625.0,14543.0,23337.0,0.0
36702,52245.0,6581,2611,0.0,0.0,4720.0,13045.0,66710.0,9188.0,9428.0,182186.0,8876.0,8692,0.0,0.0,0.0,0.0,7351.0,25700.0,4544.0,10748.0,16947,5450.0,16651.0,0.0,11223,27020.0,0.0,11314.0,12258.0,31016,20304,5392.0,0.0,25400.0,45180,19000.0,14400.0,23485.0,0.0
36600,52940.0,6555,2618,0.0,0.0,4725.0,13026.0,66697.0,9350.0,9517.0,184823.0,9110.0,8627,0.0,0.0,0.0,0.0,7322.0,25564.0,4557.0,10811.0,17084,5530.0,16445.0,0.0,11276,27047.0,0.0,11382.0,12400.0,31100,20066,5477.0,0.0,25468.0,45519,19274.0,14294.0,23574.0,0.0
37199,53202.0,6425,2618,0.0,0.0,4749.0,12533.0,67287.0,8960.0,9556.0,184663.0,9130.0,8746,0.0,0.0,0.0,0.0,7446.0,25782.0,4340.0,10921.0,17147,5360.0,16200.0,0.0,11412,27546.0,0.0,11522.0,12757.0,29740,19616,5507.0,0.0,25500.0,44431,19027.0,14000.0,23579.0,0.0
37600,54290.0,6408,2625,0.0,0.0,4808.0,12227.0,67100.0,8747.0,9641.0,183978.0,8905.0,8655,0.0,0.0,0.0,0.0,7541.0,25610.0,4175.0,10950.0,17000,5407.0,16200.0,0.0,11499,28005.0,0.0,11597.0,12770.0,30200,19661,5470.0,0.0,25631.0,44951,18920.0,13811.0,22883.0,0.0
38469,53015.0,6494,2618,0.0,0.0,4810.0,12165.0,67103.0,8800.0,9646.0,182079.0,8926.0,8652,0.0,0.0,0.0,0.0,7498.0,25443.0,4165.0,11000.0,16750,5444.0,16312.0,0.0,11557,27850.0,0.0,11684.0,12550.0,30616,19683,5452.0,0.0,25394.0,45174,19170.0,13584.0,23153.0,0.0
38806,53499.0,6511,2608,0.0,0.0,4810.0,12056.0,67045.0,8726.0,9720.0,182889.0,8651.0,8660,0.0,0.0,0.0,0.0,7390.0,25565.0,4114.0,10843.0,16806,5451.0,16350.0,0.0,11770,27950.0,0.0,11900.0,12800.0,30687,19655,5455.0,0.0,25400.0,44660,19219.0,13560.0,22928.0,0.0
38900,53681.0,6350,2610,0.0,0.0,4841.0,11891.0,66892.0,8694.0,9950.0,183414.0,8679.0,8760,0.0,0.0,0.0,0.0,7300.0,25615.0,4108.0,10820.0,16868,5435.0,16270.0,0.0,11700,27784.0,0.0,11834.0,12681.0,30023,19799,5452.0,0.0,25205.0,44476,19147.0,13610.0,22400.0,0.0
38450,53280.0,6200,2607,0.0,0.0,4820.0,11596.0,66750.0,8600.0,9759.0,180024.0,8690.0,8560,0.0,0.0,0.0,0.0,7100.0,25120.0,4025.0,10681.0,16350,5367.0,16210.0,0.0,11389,27790.0,0.0,11501.0,12343.0,29500,19104,5350.0,0.0,24900.0,43863,18800.0,13425.0,22043.0,0.0
37365,51800.0,6160,2608,0.0,0.0,4800.0,11395.0,68121.0,8507.0,9940.0,181139.0,8689.0,8515,0.0,0.0,0.0,0.0,7042.0,24806.0,4030.0,10708.0,16344,5318.0,16105.0,0.0,11374,27811.0,0.0,11416.0,12399.0,29301,19259,5343.0,0.0,24624.0,43778,18558.0,13361.0,21754.0,0.0
37587,51100.0,6172,2574,0.0,0.0,4830.0,11309.0,68433.0,8286.0,9919.0,179479.0,8910.0,8473,0.0,0.0,0.0,0.0,6959.0,24674.0,4055.0,10826.0,16400,5272.0,16320.0,0.0,11200,27626.0,0.0,11296.0,12297.0,29157,19048,5305.0,0.0,24512.0,42891,18769.0,13520.0,21587.0,0.0
36531,50666.0,6130,2579,0.0,0.0,4835.0,11765.0,67382.0,8400.0,9540.0,178387.0,8616.0,8444,0.0,0.0,0.0,0.0,6847.0,24850.0,4227.0,10529.0,15810,5320.0,16101.0,0.0,10998,27400.0,0.0,11130.0,12182.0,28895,19041,5200.0,0.0,24100.0,42820,18620.0,13362.0,21522.0,0.0
36039,50400.0,5995,2521,0.0,0.0,4840.0,11660.0,67018.0,8097.0,9200.0,182279.0,8500.0,8441,0.0,0.0,0.0,0.0,6810.0,24436.0,4156.0,10510.0,16011,5276.0,16050.0,0.0,10890,27193.0,0.0,11000.0,12000.0,28476,18761,5200.0,0.0,24158.0,43035,18596.0,13100.0,21750.0,0.0
35705,49000.0,6206,2495,0.0,0.0,4725.0,11535.0,65905.0,8241.0,9175.0,181538.0,8397.0,8565,0.0,0.0,0.0,0.0,6809.0,24445.0,4201.0,10556.0,15872,5370.0,15891.0,0.0,10930,26828.0,0.0,11012.0,11811.0,29250,19684,5250.0,0.0,24050.0,43716,18200.0,13067.0,22052.0,0.0
35600,48500.0,6273,2515,0.0,0.0,4670.0,11334.0,66896.0,8271.0,9030.0,179753.0,8280.0,8504,0.0,0.0,0.0,0.0,6761.0,24400.0,4160.0,10617.0,15670,5426.0,15631.0,0.0,10889,26780.0,0.0,11006.0,11801.0,29118,19776,5164.0,0.0,23569.0,42582,18000.0,13076.0,21750.0,0.0
35018,48855.0,5980,2500,0.0,0.0,4405.0,10800.0,66573.0,8277.0,8940.0,177478.0,8391.0,8448,0.0,0.0,0.0,0.0,6833.0,24341.0,3987.0,10564.0,15482,5370.0,15619.0,0.0,10879,26501.0,0.0,10951.0,11822.0,28446,19033,5160.0,0.0,23458.0,41944,17933.0,12800.0,21284.0,0.0
35675,49120.0,5931,2495,0.0,0.0,4300.0,11027.0,65841.0,8280.0,8970.0,182279.0,8382.0,8575,0.0,0.0,0.0,0.0,6900.0,24566.0,3938.0,10477.0,15626,5348.0,15752.0,0.0,10823,26545.0,0.0,10950.0,11900.0,28369,19582,5140.0,0.0,23567.0,43310,18200.0,12800.0,21586.0,0.0
35689,49395.0,5887,2504,0.0,0.0,4250.0,10638.0,66009.0,8299.0,9041.0,183878.0,8500.0,8635,0.0,0.0,0.0,0.0,6822.0,24455.0,3912.0,10476.0,15734,5260.0,15711.0,0.0,10937,26301.0,0.0,11029.0,11935.0,28300,19314,5230.0,0.0,23640.0,42997,17850.0,12820.0,21400.0,0.0
35544,48576.0,5862,2474,0.0,0.0,4277.0,11846.0,65243.0,8570.0,9010.0,179585.0,8485.0,8560,0.0,0.0,0.0,0.0,6704.0,24210.0,4000.0,10203.0,15750,5248.0,15802.0,0.0,10718,26500.0,0.0,10868.0,11752.0,28821,18819,5230.0,0.0,23650.0,42550,17950.0,12723.0,21171.0,0.0
35607,49000.0,5908,2502,0.0,0.0,4355.0,11798.0,65613.0,8960.0,9291.0,181310.0,8649.0,8585,0.0,0.0,0.0,0.0,6862.0,24645.0,4039.0,10422.0,15776,5361.0,16122.0,0.0,11077,27200.0,0.0,11209.0,12030.0,29444,19432,5304.0,0.0,23638.0,43525,17900.0,13352.0,21929.0,0.0
35986,48759.0,5900,2515,0.0,0.0,4237.0,11383.0,65972.0,8747.0,9447.0,182579.0,8640.0,8551,0.0,0.0,0.0,0.0,6876.0,24505.0,3992.0,10350.0,15810,5356.0,15937.0,0.0,11108,26897.0,0.0,11217.0,12210.0,29985,19118,5280.0,0.0,23825.0,43253,18171.0,13420.0,21700.0,0.0
35762,48372.0,6038,2551,0.0,0.0,4230.0,11310.0,65500.0,9004.0,9405.0,186465.0,8796.0,8485,0.0,0.0,0.0,0.0,6721.0,24520.0,3899.0,10314.0,15611,5421.0,15900.0,0.0,11060,26854.0,0.0,11153.0,12293.0,29522,19286,5212.0,0.0,23462.0,42050,18092.0,13449.0,22100.0,0.0
35218,47888.0,5912,2548,0.0,0.0,4061.0,11030.0,65900.0,8950.0,9368.0,182291.0,8864.0,8389,0.0,0.0,0.0,0.0,6675.0,24372.0,3891.0,10199.0,15512,5360.0,15977.0,0.0,10830,26276.0,0.0,10971.0,11979.0,28988,19194,5101.0,0.0,23176.0,41821,17949.0,13321.0,21891.0,0.0
35218,47888.0,5912,2548,0.0,0.0,4061.0,11030.0,65900.0,8950.0,9368.0,182291.0,8864.0,8389,0.0,0.0,0.0,0.0,6675.0,24372.0,3891.0,10199.0,15512,5360.0,15977.0,0.0,10830,26276.0,0.0,10971.0,11979.0,28988,19194,5101.0,0.0,23176.0,41821,17949.0,13321.0,21891.0,0.0
36000,47117.0,5900,2544,0.0,0.0,4182.0,10867.0,68350.0,8720.0,9551.0,181368.0,9130.0,8306,0.0,0.0,0.0,0.0,6761.0,23900.0,3764.0,10280.0,15280,5325.0,16094.0,0.0,10900,26755.0,0.0,11052.0,12179.0,29000,18942,5102.0,0.0,23186.0,42764,17931.0,13299.0,22216.0,0.0
36300,47938.0,5913,2576,0.0,0.0,4178.0,11650.0,68577.0,8725.0,9818.0,184977.0,9240.0,8473,0.0,0.0,0.0,0.0,6708.0,24188.0,3863.0,10115.0,15308,5325.0,16500.0,0.0,10823,27139.0,0.0,10920.0,12000.0,29132,19227,5079.0,0.0,23201.0,43359,18256.0,13355.0,22575.0,0.0
35885,46800.0,6005,2575,0.0,0.0,4147.0,11778.0,68407.0,8557.0,9756.0,186876.0,9010.0,8418,0.0,0.0,0.0,0.0,6642.0,24400.0,3919.0,10092.0,15229,5256.0,16321.0,0.0,10677,27264.0,0.0,10837.0,12010.0,28923,19115,5107.0,0.0,23195.0,42719,18280.0,13700.0,22792.0,0.0
36586,47801.0,6049,2564,0.0,0.0,4157.0,10950.0,68591.0,8749.0,9782.0,189556.0,8918.0,8447,0.0,0.0,0.0,0.0,6794.0,24651.0,3797.0,10253.0,15700,5214.0,16484.0,0.0,10926,27365.0,0.0,11048.0,12220.0,29314,19029,5230.0,0.0,23685.0,42844,17997.0,13113.0,22720.0,0.0
36879,48980.0,5930,2600,0.0,0.0,4119.0,10935.0,68783.0,8960.0,9813.0,190330.0,9000.0,8572,0.0,0.0,0.0,0.0,6788.0,25000.0,3812.0,10300.0,15925,5299.0,16466.0,0.0,10989,27539.0,0.0,11084.0,12409.0,29242,19269,5340.0,0.0,24090.0,43500,18171.0,13370.0,22846.0,0.0
37000,48719.0,5890,2610,0.0,0.0,4060.0,10793.0,68800.0,8948.0,9850.0,194367.0,8948.0,8579,0.0,0.0,0.0,0.0,6892.0,25314.0,3822.0,10262.0,16004,5299.0,16480.0,0.0,10995,27099.0,0.0,11101.0,12555.0,28657,19359,5344.0,0.0,24105.0,43900,17895.0,13390.0,22849.0,0.0
37543,49223.0,5770,2624,0.0,0.0,4050.0,10943.0,67742.0,8950.0,9955.0,193872.0,9000.0,8728,0.0,0.0,0.0,0.0,6907.0,25777.0,3774.0,10200.0,16168,5173.0,16750.0,0.0,11105,27477.0,0.0,11231.0,12884.0,28500,18979,5450.0,0.0,24201.0,44700,18375.0,13614.0,23018.0,0.0
37499,49190.0,5672,2603,0.0,0.0,4125.0,11036.0,68344.0,8851.0,9886.0,192972.0,9055.0,8682,0.0,0.0,0.0,0.0,6770.0,25475.0,3900.0,10297.0,15967,5155.0,16700.0,0.0,11050,27465.0,0.0,11174.0,12688.0,28200,18607,5328.0,0.0,24000.0,44726,18180.0,13740.0,22500.0,0.0
36775,48299.0,5555,2586,0.0,0.0,4100.0,11400.0,67617.0,8850.0,9820.0,183874.0,8990.0,8557,0.0,0.0,0.0,0.0,6645.0,25023.0,4032.0,10297.0,15794,5076.0,16800.0,0.0,10900,26839.0,0.0,10995.0,12453.0,27850,18420,5252.0,0.0,23876.0,44534,18423.0,13664.0,22597.0,0.0
36000,48496.0,5430,2646,0.0,0.0,4026.0,10965.0,65622.0,8692.0,9860.0,189374.0,9000.0,8645,0.0,0.0,0.0,0.0,6634.0,25594.0,3896.0,9922.0,16017,4915.0,17350.0,0.0,10955,26381.0,0.0,11016.0,12647.0,27422,17690,5332.0,0.0,24180.0,45000,18966.0,13870.0,22875.0,0.0
36500,49100.0,5150,2612,0.0,0.0,3785.0,10588.0,66929.0,8399.0,9810.0,190797.0,9077.0,8557,0.0,0.0,0.0,0.0,6736.0,25914.0,3817.0,10000.0,15960,4820.0,17183.0,0.0,11000,26647.0,0.0,11140.0,12740.0,26681,17379,5252.0,0.0,24061.0,43769,18727.0,14256.0,23159.0,0.0
36250,48100.0,5175,2626,0.0,0.0,3900.0,10471.0,66777.0,8240.0,9880.0,194000.0,9043.0,8623,0.0,0.0,0.0,0.0,6755.0,26089.0,3706.0,10046.0,15988,4882.0,17152.0,0.0,11200,26600.0,0.0,11284.0,12812.0,26508,17574,5309.0,0.0,24250.0,44789,18980.0,13989.0,23505.0,0.0
36259,48082.0,5144,2619,0.0,0.0,3889.0,10650.0,67082.0,8010.0,9863.0,190972.0,8950.0,8689,0.0,0.0,0.0,0.0,6785.0,25875.0,3820.0,10000.0,15932,4850.0,17000.0,0.0,11058,26617.0,0.0,11178.0,13055.0,26690,17358,5299.0,0.0,24150.0,44489,18704.0,14075.0,23357.0,0.0
35972,46101.0,5090,2602,0.0,0.0,3800.0,10791.0,67705.0,7950.0,9787.0,181978.0,8972.0,8664,0.0,0.0,0.0,0.0,6660.0,25630.0,3915.0,9904.0,15950,4800.0,17179.0,0.0,11036,26388.0,0.0,11126.0,12772.0,26400,17121,5240.0,0.0,24705.0,42700,19045.0,13961.0,22709.0,0.0
35191,42500.0,4959,2610,0.0,0.0,3650.0,10504.0,66826.0,7776.0,9400.0,176539.0,8682.0,8456,0.0,0.0,0.0,0.0,6423.0,25060.0,4048.0,9707.0,15247,4467.0,16471.0,0.0,10721,26139.0,0.0,10813.0,12313.0,25411,16162,5050.0,0.0,23577.0,40337,18814.0,13827.0,21749.0,0.0
35788,43241.0,4920,2600,0.0,0.0,3500.0,10439.0,67972.0,7348.0,9495.0,169681.0,8746.0,8584,0.0,0.0,0.0,0.0,6644.0,25435.0,4000.0,9708.0,15621,4584.0,16799.0,0.0,10902,26569.0,0.0,10969.0,12491.0,24874,16366,5195.0,0.0,24201.0,41201,19000.0,14071.0,21729.0,0.0
36376,43500.0,4945,2677,0.0,0.0,3520.0,10221.0,68324.0,7575.0,9589.0,182179.0,8980.0,8769,0.0,0.0,0.0,0.0,6910.0,26000.0,3801.0,9917.0,16094,4638.0,17250.0,0.0,11177,27483.0,0.0,11314.0,13060.0,25312,16624,5301.0,0.0,24828.0,42300,19462.0,14183.0,21948.0,0.0
36560,44980.0,4900,2693,0.0,0.0,3495.0,10148.0,69750.0,7690.0,9563.0,181775.0,8882.0,8725,0.0,0.0,0.0,0.0,7061.0,25907.0,3803.0,10100.0,16000,4716.0,17275.0,0.0,11313,27987.0,0.0,11404.0,13420.0,25000,16601,5336.0,0.0,25144.0,42650,19250.0,14125.0,21691.0,0.0
36862,45075.0,4985,2714,0.0,0.0,3515.0,9816.0,70175.0,7880.0,9580.0,186861.0,9030.0,8862,0.0,0.0,0.0,0.0,7294.0,26003.0,3904.0,10241.0,16235,4820.0,17300.0,0.0,11604,28753.0,0.0,11749.0,13634.0,25294,16901,5462.0,0.0,25340.0,43191,19575.0,13900.0,21664.0,0.0
36402,43801.0,4960,2713,0.0,0.0,3648.0,10206.0,69875.0,8099.0,9478.0,185877.0,9024.0,8741,0.0,0.0,0.0,0.0,7181.0,25675.0,3866.0,10250.0,15920,4790.0,17204.0,0.0,11399,28396.0,0.0,11527.0,13361.0,25776,16701,5469.0,0.0,25250.0,42778,19050.0,13466.0,21850.0,0.0
36800,44793.0,5170,2728,0.0,0.0,3860.0,10324.0,70654.0,8140.0,9880.0,188074.0,9194.0,8781,0.0,0.0,0.0,0.0,7094.0,26032.0,3981.0,10199.0,15800,4764.0,16900.0,0.0,11667,29079.0,0.0,11800.0,13611.0,26378,16901,5490.0,0.0,25292.0,43500,19200.0,13605.0,21800.0,0.0
36957,45200.0,5078,2777,0.0,0.0,3827.0,9999.0,70902.0,7801.0,9893.0,187517.0,9327.0,8873,0.0,0.0,0.0,0.0,7185.0,25990.0,3929.0,10382.0,15850,4736.0,17000.0,0.0,11845,29267.0,0.0,11966.0,13858.0,27290,17235,5490.0,0.0,25239.0,43693,19400.0,13694.0,21795.0,0.0
36701,45144.0,5050,2794,0.0,0.0,3795.0,9451.0,70336.0,7940.0,9775.0,189567.0,9360.0,8900,0.0,0.0,0.0,0.0,7212.0,26439.0,3788.0,10303.0,15797,4658.0,17300.0,0.0,11860,29131.0,0.0,11959.0,13900.0,26901,16850,5520.0,0.0,25426.0,42500,19563.0,13587.0,21725.0,0.0
37188,46400.0,4889,2770,0.0,0.0,3600.0,8534.0,70687.0,7724.0,9860.0,192372.0,9415.0,8902,0.0,0.0,0.0,0.0,7277.0,26700.0,3435.0,10438.0,15775,4655.0,17491.0,0.0,11883,29386.0,0.0,11975.0,14059.0,25949,16806,5575.0,0.0,25389.0,43014,19800.0,13590.0,21700.0,0.0
37596,46501.0,4998,2778,0.0,0.0,3586.0,8632.0,70369.0,7670.0,9925.0,193116.0,9486.0,8838,0.0,0.0,0.0,0.0,7220.0,26582.0,3615.0,10394.0,15675,4642.0,17400.0,0.0,11750,29200.0,0.0,11808.0,13795.0,26067,16515,5550.0,0.0,25780.0,43500,19928.0,13707.0,21700.0,0.0
37157,46267.0,4939,2784,0.0,0.0,3439.0,8408.0,69493.0,7402.0,9706.0,187492.0,9300.0,8614,0.0,0.0,0.0,0.0,6987.0,25740.0,3650.0,10289.0,15236,4469.0,17141.0,0.0,11720,29218.0,0.0,11795.0,13530.0,25874,15824,5459.0,0.0,25350.0,42695,19800.0,13675.0,21526.0,0.0
37824,46300.0,4782,2779,0.0,0.0,3441.0,8242.0,69098.0,7447.0,9918.0,187381.0,9375.0,8630,0.0,0.0,0.0,0.0,6961.0,26039.0,3610.0,10583.0,15489,4283.0,17213.0,0.0,11793,29330.0,0.0,11863.0,13700.0,25931,15719,5529.0,0.0,25770.0,42899,19750.0,14300.0,21801.0,0.0
37186,46001.0,4682,2740,0.0,0.0,3400.0,7820.0,69399.0,6900.0,9620.0,182379.0,9255.0,8508,0.0,0.0,0.0,0.0,6831.0,25329.0,3455.0,10554.0,15152,4107.0,17150.0,0.0,11668,29114.0,0.0,11784.0,13401.0,25613,15366,5474.0,0.0,25050.0,41800,19800.0,14147.0,21400.0,0.0
37250,45841.0,4637,2770,0.0,0.0,3368.0,8400.0,69291.0,7120.0,9699.0,178372.0,9350.0,8473,0.0,0.0,0.0,0.0,6872.0,25841.0,3722.0,10430.0,15300,4058.0,17350.0,0.0,11518,29224.0,0.0,11596.0,13650.0,25386,15350,5360.0,0.0,25089.0,41800,19935.0,14152.0,21304.0,0.0
36277,45339.0,4600,2775,0.0,0.0,3365.0,7915.0,69577.0,7197.0,9690.0,173835.0,9250.0,8411,0.0,0.0,0.0,0.0,6695.0,25109.0,3427.0,10492.0,15150,4145.0,17000.0,0.0,11285,29681.0,0.0,11405.0,13353.0,25694,15555,5356.0,0.0,24726.0,40941,19500.0,14099.0,20030.0,0.0
36365,46944.0,4549,2770,0.0,0.0,3425.0,7880.0,71850.0,7200.0,9860.0,177165.0,9710.0,8497,0.0,0.0,0.0,0.0,6867.0,25916.0,3407.0,10718.0,15379,4175.0,17200.0,0.0,11492,30179.0,0.0,11586.0,13550.0,25300,15891,5485.0,0.0,25568.0,41799,19900.0,14210.0,20450.0,0.0
36150,45994.0,4540,2770,0.0,0.0,3440.0,7900.0,74000.0,7270.0,9870.0,176793.0,9643.0,8529,0.0,0.0,0.0,0.0,6642.0,25550.0,3445.0,10772.0,15250,4178.0,16925.0,0.0,11450,30300.0,0.0,11578.0,13650.0,25800,15988,5390.0,0.0,25260.0,43343,19800.0,14203.0,20610.0,0.0
37102,46574.0,4551,2772,0.0,0.0,3453.0,7616.0,74872.0,7491.0,9931.0,176883.0,9648.0,8638,0.0,0.0,0.0,0.0,6682.0,26199.0,3426.0,10974.0,15228,4115.0,16820.0,0.0,11475,30343.0,0.0,11569.0,13585.0,26337,15987,5474.0,0.0,25245.0,43880,19787.0,14656.0,21100.0,0.0
36200,48049.0,4390,2790,0.0,0.0,3416.0,7540.0,74605.0,7144.0,9874.0,175586.0,9955.0,8623,0.0,0.0,0.0,0.0,6676.0,25608.0,3245.0,10872.0,15211,4000.0,16527.0,0.0,11518,30480.0,0.0,11620.0,13550.0,25942,15039,5460.0,0.0,25791.0,42510,19775.0,14500.0,20549.0,0.0
37166,48800.0,4344,2803,0.0,0.0,3397.0,7400.0,75430.0,6957.0,10201.0,180081.0,9880.0,8857,0.0,0.0,0.0,0.0,6889.0,26524.0,3182.0,10937.0,15625,3949.0,17217.0,0.0,11637,31200.0,0.0,11721.0,13750.0,25880,15099,5638.0,0.0,27102.0,42756,20210.0,14432.0,20837.0,0.0
36995,49900.0,4420,2807,0.0,0.0,3485.0,7376.0,76177.0,7091.0,10135.0,180416.0,9575.0,8940,0.0,0.0,0.0,0.0,6775.0,26445.0,3228.0,10996.0,15690,4057.0,17028.0,0.0,11735,31775.0,0.0,11825.0,13777.0,26617,15583,5725.0,0.0,25952.0,42700,20158.0,14400.0,20866.0,0.0
37391,49350.0,4360,2828,0.0,0.0,3494.0,7380.0,75899.0,6935.0,10244.0,178981.0,9754.0,8843,0.0,0.0,0.0,0.0,6851.0,26287.0,3141.0,10897.0,15820,3940.0,17085.0,0.0,11617,30666.0,0.0,11715.0,13750.0,26300,15356,5688.0,0.0,25605.0,42122,20341.0,14625.0,20199.0,0.0
36070,49670.0,4432,2826,0.0,0.0,3601.0,7502.0,74218.0,7143.0,10205.0,174582.0,9606.0,8832,0.0,0.0,0.0,0.0,6793.0,25876.0,3272.0,10755.0,15721,3980.0,16857.0,0.0,11431,31070.0,0.0,11509.0,13564.0,27142,15642,5631.0,0.0,25100.0,42252,20150.0,14541.0,20253.0,0.0
36070,49670.0,4432,2826,0.0,0.0,3601.0,7502.0,74218.0,7143.0,10205.0,174582.0,9606.0,8832,0.0,0.0,0.0,0.0,6793.0,25876.0,3272.0,10755.0,15721,3980.0,16857.0,0.0,11431,31070.0,0.0,11509.0,13564.0,27142,15642,5631.0,0.0,25100.0,42252,20150.0,14541.0,20253.0,0.0
36334,47241.0,4528,2840,0.0,0.0,3735.0,7761.0,75279.0,7090.0,10200.0,173187.0,9634.0,8892,0.0,0.0,0.0,0.0,6794.0,26263.0,3372.0,10547.0,16032,3807.0,16950.0,0.0,11642,31628.0,0.0,11710.0,13626.0,28491,15514,5650.0,0.0,25175.0,42692,20189.0,14600.0,20688.0,0.0
35000,45372.0,4600,2758,0.0,0.0,3810.0,8675.0,73293.0,6800.0,10012.0,162392.0,9316.0,8654,0.0,0.0,0.0,0.0,6403.0,25330.0,3771.0,10061.0,15400,3575.0,16392.0,0.0,11159,30405.0,0.0,11208.0,13240.0,29575,15207,5396.0,0.0,24104.0,42500,19598.0,14550.0,19965.0,0.0
35748,46122.0,4489,2724,0.0,0.0,3703.0,8299.0,74160.0,6800.0,10182.0,174883.0,9310.0,8758,0.0,0.0,0.0,0.0,6550.0,25630.0,3537.0,10252.0,15470,3548.0,16666.0,0.0,11333,31072.0,0.0,11375.0,13342.0,28215,15285,5459.0,0.0,24577.0,42536,19793.0,14492.0,20325.0,0.0
35478,45857.0,4395,2698,0.0,0.0,3726.0,8059.0,74279.0,6707.0,10076.0,170337.0,9201.0,8687,0.0,0.0,0.0,0.0,6483.0,25250.0,3451.0,10152.0,15395,3500.0,16068.0,0.0,11164,31351.0,0.0,11259.0,13209.0,27833,15128,5393.0,0.0,24280.0,41393,19444.0,14325.0,19699.0,0.0
35400,45160.0,4450,2735,0.0,0.0,3824.0,8408.0,73946.0,6600.0,10015.0,170343.0,9062.0,8689,0.0,0.0,0.0,0.0,6360.0,25272.0,3463.0,10284.0,15270,3428.0,15806.0,0.0,11038,31080.0,0.0,11126.0,13401.0,28006,15211,5276.0,0.0,24090.0,40396,19302.0,14225.0,19745.0,0.0
35190,45568.0,4440,2754,0.0,0.0,3760.0,8688.0,74243.0,6433.0,10200.0,169676.0,9270.0,8778,0.0,0.0,0.0,0.0,6420.0,25999.0,3618.0,10278.0,15289,3530.0,16025.0,0.0,11268,31258.0,0.0,11350.0,13512.0,28373,15020,5331.0,0.0,24205.0,40305,19400.0,14380.0,19720.0,0.0
34068,45000.0,4409,2698,0.0,0.0,3805.0,9330.0,73262.0,6274.0,10035.0,167353.0,9071.0,8562,0.0,0.0,0.0,0.0,6330.0,25171.0,3795.0,10105.0,15028,3265.0,16106.0,0.0,11102,31011.0,0.0,11175.0,13332.0,29400,14535,5210.0,0.0,23950.0,39980,19069.0,14234.0,19455.0,0.0
33651,45101.0,5152,2669,0.0,0.0,4195.0,10506.0,72866.0,6747.0,9874.0,162892.0,9037.0,8465,0.0,0.0,0.0,0.0,6197.0,24743.0,4365.0,9995.0,14526,3317.0,16461.0,0.0,10851,30026.0,0.0,10938.0,13008.0,34487,15062,5167.0,0.0,23710.0,39240,19032.0,13920.0,18689.0,0.0
32924,45202.0,5180,2628,0.0,0.0,4180.0,10690.0,71483.0,6564.0,9648.0,161993.0,8900.0,8383,0.0,0.0,0.0,0.0,6050.0,24329.0,4521.0,9930.0,14488,3233.0,16081.0,0.0,10550,29327.0,0.0,10652.0,12737.0,32828,14843,5116.0,0.0,23461.0,38550,18887.0,14200.0,18200.0,0.0
32073,45546.0,4871,2625,0.0,0.0,3900.0,11500.0,69500.0,6252.0,9462.0,160553.0,8721.0,8261,0.0,0.0,0.0,0.0,5950.0,23475.0,4740.0,9844.0,14300,2955.0,15559.0,0.0,10369,28375.0,0.0,10487.0,12408.0,31782,13875,4993.0,0.0,23088.0,37525,18510.0,13938.0,16774.0,0.0
33000,47950.0,4810,2575,0.0,0.0,3830.0,10281.0,69610.0,6285.0,9813.0,172548.0,9098.0,8536,0.0,0.0,0.0,0.0,6375.0,24552.0,4038.0,9859.0,14871,2919.0,16222.0,0.0,10703,28894.0,0.0,10754.0,12927.0,30757,13874,5333.0,0.0,24068.0,38600,19237.0,14099.0,17625.0,0.0
32850,47801.0,4640,2533,0.0,0.0,3731.0,9684.0,69884.0,6294.0,9889.0,167204.0,9036.0,8413,0.0,0.0,0.0,0.0,6178.0,24671.0,3699.0,9752.0,14388,2862.0,16150.0,0.0,10464,28798.0,0.0,10526.0,13004.0,31200,13609,5266.0,0.0,23248.0,38194,18875.0,14042.0,17068.0,0.0
32700,49000.0,4644,2594,0.0,0.0,3697.0,9750.0,69731.0,6550.0,9739.0,169887.0,8923.0,8526,0.0,0.0,0.0,0.0,6314.0,24892.0,3740.0,9907.0,14585,2900.0,16300.0,0.0,10704,29599.0,0.0,10799.0,12897.0,30800,14675,5219.0,0.0,23300.0,40200,19000.0,14000.0,17114.0,0.0
32999,47797.0,5034,2602,0.0,0.0,3826.0,10523.0,70023.0,6730.0,9717.0,172710.0,9100.0,8558,0.0,0.0,0.0,0.0,6479.0,25190.0,4140.0,9973.0,14750,3013.0,16484.0,0.0,10684,29915.0,0.0,10799.0,13339.0,32330,14970,5289.0,0.0,23695.0,43179,19000.0,14100.0,17783.0,0.0
34251,48285.0,4952,2616,0.0,0.0,3771.0,10679.0,70145.0,6782.0,9950.0,171786.0,9154.0,8947,0.0,0.0,0.0,0.0,6379.0,25298.0,4259.0,9886.0,14612,3070.0,16237.0,0.0,10792,30425.0,0.0,10928.0,13401.0,32019,14685,5291.0,0.0,23598.0,42491,19000.0,14149.0,17697.0,0.0
33089,45777.0,4738,2561,0.0,0.0,3700.0,10500.0,69137.0,6673.0,9590.0,162870.0,8925.0,8725,0.0,0.0,0.0,0.0,6175.0,24620.0,4016.0,9765.0,14230,2753.0,15949.0,0.0,10300,28990.0,0.0,10471.0,12905.0,31253,13924,5061.0,0.0,22753.0,42100,18910.0,13879.0,17510.0,0.0
33691,46348.0,4654,2570,0.0,0.0,3709.0,10011.0,69931.0,6570.0,9723.0,165390.0,9017.0,8945,0.0,0.0,0.0,0.0,6250.0,25122.0,3726.0,9930.0,14357,2585.0,16082.0,0.0,10500,30023.0,0.0,10660.0,13076.0,32119,14145,5158.0,0.0,23000.0,42632,18974.0,13882.0,18011.0,0.0
34390,47296.0,4525,2570,0.0,0.0,3690.0,10734.0,71094.0,6856.0,9984.0,171392.0,9225.0,9123,0.0,0.0,0.0,0.0,6141.0,25646.0,4040.0,10097.0,14701,2725.0,16850.0,0.0,10692,30800.0,0.0,10832.0,13369.0,35100,15122,5229.0,0.0,23317.0,44734,19100.0,14058.0,18511.0,0.0
33178,47972.0,4492,2530,0.0,0.0,3570.0,10228.0,70922.0,6451.0,9634.0,164709.0,9035.0,9089,0.0,0.0,0.0,0.0,5926.0,24701.0,3886.0,9915.0,14326,2591.0,16210.0,0.0,10445,30603.0,0.0,10578.0,12915.0,32250,14014,5038.0,0.0,22904.0,42540,18918.0,13730.0,17885.0,0.0
32454,47700.0,4550,2501,0.0,0.0,3593.0,10340.0,72254.0,6400.0,9459.0,163443.0,8810.0,8838,0.0,0.0,0.0,0.0,5706.0,24178.0,3898.0,10072.0,13870,2722.0,15475.0,0.0,10644,31169.0,0.0,10763.0,12635.0,31200,14485,5020.0,0.0,21900.0,41727,18385.0,13456.0,17501.0,0.0
32594,47715.0,4600,2545,0.0,0.0,3618.0,10755.0,72366.0,6460.0,9557.0,169606.0,9104.0,8875,0.0,0.0,0.0,0.0,5925.0,24807.0,3985.0,10149.0,13926,2794.0,15594.0,0.0,10779,31402.0,0.0,10878.0,12834.0,31400,14938,5102.0,0.0,22170.0,42608,18369.0,13552.0,17750.0,0.0
32491,48100.0,4702,2530,0.0,0.0,3647.0,10470.0,72655.0,6578.0,9605.0,168590.0,9088.0,8810,0.0,0.0,0.0,0.0,5984.0,24524.0,3935.0,10156.0,14050,2968.0,15404.0,0.0,10900,31016.0,0.0,11035.0,13000.0,32342,15738,5209.0,0.0,22100.0,42320,18350.0,13366.0,16800.0,0.0
32250,47987.0,4611,2565,0.0,0.0,3470.0,10680.0,72804.0,6514.0,9923.0,166438.0,9100.0,8875,0.0,0.0,0.0,0.0,6005.0,24559.0,4000.0,9991.0,13847,2865.0,15590.0,0.0,10982,31421.0,0.0,11128.0,12903.0,30508,15305,5073.0,0.0,21999.0,41813,18423.0,13400.0,16917.0,0.0
30764,47000.0,4600,2560,0.0,0.0,3322.0,9675.0,71785.0,6710.0,9755.0,163921.0,9119.0,8728,0.0,0.0,0.0,0.0,5874.0,24600.0,3575.0,9901.0,13846,2811.0,15600.0,0.0,10770,30776.0,0.0,10900.0,12975.0,29767,15122,5041.0,0.0,22250.0,40701,18394.0,13395.0,17248.0,0.0
31100,48867.0,4626,2578,0.0,0.0,3325.0,10112.0,71678.0,6682.0,9925.0,168352.0,9218.0,8901,0.0,0.0,0.0,0.0,6045.0,24965.0,3638.0,9905.0,14098,2680.0,15884.0,0.0,10961,30871.0,0.0,11076.0,13365.0,30038,14947,5170.0,0.0,22600.0,41385,18835.0,13640.0,17268.0,0.0
30950,48000.0,4691,2555,0.0,0.0,3360.0,10352.0,71739.0,6871.0,9877.0,168891.0,9000.0,8938,0.0,0.0,0.0,0.0,5950.0,24500.0,3638.0,9954.0,13946,2670.0,15700.0,0.0,10947,30724.0,0.0,11062.0,13218.0,29978,15214,5182.0,0.0,22475.0,42215,18335.0,13672.0,17582.0,0.0
31271,48670.0,4705,2577,0.0,0.0,3397.0,10500.0,73464.0,6880.0,9750.0,173384.0,9027.0,9165,0.0,0.0,0.0,0.0,6084.0,25150.0,3615.0,10614.0,14158,2733.0,15946.0,0.0,10911,29150.0,0.0,11059.0,13372.0,30128,15306,5225.0,0.0,22594.0,41800,18357.0,13935.0,17941.0,0.0
31436,48754.0,4644,2650,0.0,0.0,3380.0,10740.0,74199.0,6734.0,9800.0,174565.0,9156.0,9230,0.0,0.0,0.0,0.0,6165.0,25289.0,3680.0,10800.0,14353,2740.0,16146.0,0.0,11096,29524.0,0.0,11202.0,13764.0,29780,15260,5295.0,0.0,23060.0,42750,18550.0,14045.0,18199.0,0.0
31385,48026.0,4610,2665,0.0,0.0,3350.0,11268.0,73600.0,6400.0,9904.0,174180.0,9137.0,8977,0.0,0.0,0.0,0.0,6100.0,24846.0,3732.0,10585.0,14300,2606.0,15912.0,0.0,10845,28591.0,0.0,10944.0,13769.0,29201,15000,5259.0,0.0,22976.0,41360,18271.0,13965.0,18036.0,0.0
30925,47600.0,4500,2618,0.0,0.0,3290.0,11384.0,74759.0,6326.0,9986.0,173485.0,9120.0,9020,0.0,0.0,0.0,0.0,6000.0,25031.0,3663.0,10573.0,13920,2500.0,15666.0,0.0,10935,28967.0,0.0,11055.0,13600.0,29086,14625,5210.0,0.0,22441.0,40600,18331.0,13950.0,17585.0,0.0
30786,47584.0,4311,2615,0.0,0.0,3050.0,11351.0,72926.0,6050.0,9920.0,168553.0,9054.0,8989,0.0,0.0,0.0,0.0,5830.0,24866.0,3609.0,10405.0,13885,2255.0,15619.0,0.0,10709,28124.0,0.0,10803.0,13275.0,26670,13645,5168.0,0.0,22640.0,40125,18370.0,14147.0,17560.0,0.0
31000,48986.0,4169,2597,0.0,0.0,2892.0,11127.0,74124.0,5865.0,9889.0,171567.0,9270.0,9104,0.0,0.0,0.0,0.0,5929.0,24670.0,3521.0,10538.0,13900,2312.0,15812.0,0.0,10904,28829.0,0.0,11055.0,13510.0,26150,13884,5129.0,0.0,22587.0,40100,18298.0,14275.0,17765.0,0.0
31000,48986.0,4169,2597,0.0,0.0,2892.0,11127.0,74124.0,5865.0,9889.0,171567.0,9270.0,9104,0.0,0.0,0.0,0.0,5929.0,24670.0,3521.0,10538.0,13900,2312.0,15812.0,0.0,10904,28829.0,0.0,11055.0,13510.0,26150,13884,5129.0,0.0,22587.0,40100,18298.0,14275.0,17765.0,0.0
30020,49500.0,4246,2597,0.0,0.0,2782.0,11161.0,76055.0,5725.0,9720.0,170151.0,9030.0,9125,0.0,0.0,0.0,0.0,5893.0,24700.0,3765.0,10667.0,13639,2095.0,15780.0,0.0,10758,29389.0,0.0,10846.0,13436.0,25325,13084,5060.0,0.0,22367.0,39482,18456.0,14197.0,17951.0,0.0
29307,47759.0,3861,2563,0.0,0.0,2644.0,10710.0,75670.0,5152.0,9628.0,166190.0,9038.0,8990,0.0,0.0,0.0,0.0,5760.0,24300.0,3570.0,10668.0,13239,1541.0,15263.0,0.0,10601,29025.0,0.0,10695.0,13203.0,23553,11865,4876.0,0.0,21810.0,38144,18089.0,13797.0,17764.0,0.0
29040,48924.0,3827,2594,0.0,0.0,2602.0,10900.0,74544.0,5275.0,9569.0,167889.0,9108.0,8992,0.0,0.0,0.0,0.0,5826.0,24538.0,3588.0,10678.0,13376,1658.0,15385.0,0.0,10499,28249.0,0.0,10567.0,13268.0,23591,11563,4874.0,0.0,21966.0,37778,18260.0,13775.0,17643.0,0.0
29400,50100.0,3842,2565,0.0,0.0,2693.0,10949.0,76029.0,5250.0,9680.0,172951.0,8983.0,9152,0.0,0.0,0.0,0.0,5980.0,25212.0,3605.0,10760.0,13500,1916.0,15716.0,0.0,10585,28911.0,0.0,10640.0,13766.0,22908,11560,4915.0,0.0,21970.0,38760,18500.0,13750.0,17800.0,0.0
28651,53124.0,3838,2560,0.0,0.0,2768.0,11302.0,75370.0,5246.0,9803.0,177294.0,9094.0,9237,0.0,0.0,0.0,0.0,6080.0,25905.0,3602.0,10677.0,13856,1865.0,15433.0,0.0,10726,28941.0,0.0,10750.0,13655.0,24458,11650,5006.0,0.0,22711.0,39717,18750.0,13867.0,18102.0,0.0
28939,52900.0,3852,2561,0.0,0.0,2738.0,11619.0,76081.0,5276.0,9800.0,183878.0,9150.0,9202,0.0,0.0,0.0,0.0,6153.0,25790.0,3778.0,10647.0,13973,1963.0,15419.0,0.0,10800,28952.0,0.0,10839.0,13850.0,24260,11600,5015.0,0.0,22551.0,40090,18575.0,13850.0,17883.0,0.0
29957,54500.0,4060,2640,0.0,0.0,2821.0,11650.0,76100.0,5660.0,10085.0,191563.0,9646.0,9407,0.0,0.0,0.0,0.0,6384.0,26718.0,3930.0,11009.0,14539,2278.0,15855.0,0.0,11063,29745.0,0.0,11074.0,13935.0,25827,11979,5092.0,0.0,23254.0,41020,19005.0,14164.0,18498.0,0.0
30043,55500.0,4200,2603,0.0,0.0,3080.0,12481.0,76382.0,5751.0,10049.0,189774.0,9430.0,9512,0.0,0.0,0.0,0.0,6415.0,27175.0,4055.0,11314.0,14185,2369.0,16380.0,0.0,11000,29969.0,0.0,11027.0,13790.0,27235,12350,5070.0,0.0,23000.0,41845,19168.0,14062.0,18140.0,0.0
30187,55500.0,4153,2565,0.0,0.0,3134.0,11900.0,76569.0,5899.0,10087.0,191200.0,9227.0,9643,0.0,0.0,0.0,0.0,6458.0,27228.0,3917.0,11320.0,14519,2596.0,16300.0,0.0,11109,30066.0,0.0,11139.0,13835.0,26686,13747,5110.0,0.0,23209.0,43440,19389.0,14031.0,18690.0,0.0
30121,55800.0,4250,2566,0.0,0.0,3100.0,12278.0,76812.0,6296.0,10170.0,192572.0,9420.0,9649,0.0,0.0,0.0,0.0,6428.0,27275.0,3921.0,11443.0,14359,2403.0,16000.0,0.0,11050,29721.0,0.0,11065.0,13750.0,26626,13772,4965.0,0.0,23023.0,44000,19117.0,14100.0,18550.0,0.0
30059,56010.0,4589,2533,0.0,0.0,3358.0,12700.0,76802.0,6558.0,10100.0,191674.0,9515.0,9749,0.0,0.0,0.0,0.0,6542.0,27550.0,3976.0,11634.0,14807,2609.0,16109.0,0.0,11106,30349.0,0.0,11129.0,13735.0,28105,14722,4992.0,0.0,23318.0,46017,19418.0,14350.0,18917.0,0.0
30589,55697.0,4800,2515,0.0,0.0,3376.0,12984.0,76111.0,6445.0,10148.0,190475.0,9561.0,9708,0.0,0.0,0.0,0.0,6475.0,27664.0,4080.0,11535.0,14446,2500.0,15829.0,0.0,11067,29749.0,0.0,11085.0,13899.0,27426,13983,4981.0,0.0,23103.0,44797,19314.0,14248.0,18379.0,0.0
30514,56000.0,4620,2501,0.0,0.0,3256.0,12915.0,77200.0,6420.0,10074.0,189834.0,9529.0,9699,0.0,0.0,0.0,0.0,6478.0,27497.0,4059.0,11508.0,14390,2394.0,15743.0,0.0,10945,29408.0,0.0,10935.0,13907.0,27156,13825,4933.0,0.0,22847.0,44691,19163.0,14152.0,18368.0,0.0
30536,57100.0,4700,2485,0.0,0.0,3278.0,12720.0,76897.0,6215.0,9950.0,189849.0,9534.0,9673,0.0,0.0,0.0,0.0,6391.0,27050.0,4130.0,11570.0,14318,2451.0,15566.0,0.0,10903,29287.0,0.0,10908.0,13900.0,27208,13916,4874.0,0.0,23262.0,43393,19183.0,14097.0,18360.0,0.0
30700,56371.0,4740,2522,0.0,0.0,3404.0,12694.0,76868.0,6400.0,10142.0,192372.0,9650.0,9715,0.0,0.0,0.0,0.0,6357.0,27608.0,4085.0,11288.0,14647,2397.0,15688.0,0.0,10915,29300.0,0.0,10925.0,14200.0,29100,13742,4919.0,0.0,23018.0,42406,19209.0,14128.0,18223.0,0.0
30243,57733.0,4706,2510,0.0,0.0,3350.0,12724.0,77583.0,6422.0,10234.0,193871.0,9701.0,9820,0.0,0.0,0.0,0.0,6374.0,27184.0,4070.0,11089.0,14300,2363.0,15885.0,0.0,10848,29348.0,0.0,10920.0,14352.0,28251,13649,4865.0,0.0,23040.0,42768,19060.0,14310.0,18605.0,0.0
30761,57109.0,4528,2579,0.0,0.0,3236.0,12047.0,78361.0,6170.0,10286.0,194471.0,9641.0,9836,0.0,0.0,0.0,0.0,6559.0,27650.0,3835.0,11256.0,14793,2262.0,14880.0,0.0,11141,29700.0,0.0,11160.0,14570.0,28000,12867,4999.0,0.0,23461.0,42469,19200.0,14400.0,18605.0,0.0
30286,57597.0,4494,2585,0.0,0.0,3204.0,12080.0,77835.0,6100.0,10130.0,195166.0,9600.0,9772,0.0,0.0,0.0,0.0,6430.0,27600.0,3868.0,11072.0,14699,2301.0,14647.0,0.0,11050,29851.0,0.0,11075.0,14360.0,27365,12821,4967.0,0.0,23310.0,42265,19315.0,14350.0,18333.0,0.0
29847,57370.0,4265,2550,0.0,0.0,3108.0,11653.0,79332.0,5989.0,9976.0,195570.0,9538.0,9736,0.0,0.0,0.0,0.0,6384.0,27399.0,3781.0,11280.0,14610,2286.0,14701.0,0.0,11078,30410.0,0.0,11139.0,14343.0,25996,12446,4967.0,0.0,23184.0,41960,19325.0,14480.0,18201.0,0.0
29975,57900.0,4264,2575,0.0,0.0,3139.0,11960.0,79079.0,5848.0,10220.0,198086.0,10300.0,9691,0.0,0.0,20546.0,0.0,6330.0,27150.0,3801.0,11389.0,14570,2434.0,14735.0,0.0,11081,30250.0,0.0,11129.0,14401.0,27397,12331,5054.0,0.0,23150.0,41965,19712.0,14703.0,18623.0,0.0
30334,58900.0,4300,2600,0.0,0.0,3098.0,12107.0,80344.0,6135.0,10292.0,202927.0,10209.0,9931,0.0,0.0,20894.0,0.0,6396.0,27858.0,3860.0,11684.0,14895,2506.0,15225.0,0.0,11460,30718.0,0.0,11491.0,14596.0,26877,12571,5108.0,0.0,23383.0,43125,19893.0,14910.0,19084.0,0.0
31400,59266.0,4100,2635,0.0,0.0,3169.0,12349.0,80106.0,6040.0,10372.0,205364.0,10335.0,10001,0.0,0.0,21345.0,0.0,6357.0,28097.0,3930.0,11594.0,14503,2455.0,15346.0,0.0,11486,30780.0,0.0,11529.0,14780.0,26341,12400,5137.0,0.0,23500.0,43653,20146.0,15100.0,16700.0,0.0
30849,57871.0,4087,2610,0.0,0.0,3002.0,12276.0,79861.0,5835.0,10315.0,207612.0,10242.0,10032,0.0,0.0,21250.0,0.0,6256.0,27816.0,3980.0,11600.0,14545,2374.0,14900.0,0.0,11399,30952.0,0.0,11440.0,14965.0,25916,11708,5115.0,0.0,23220.0,43000,20022.0,14975.0,15998.0,0.0
31300,59990.0,4100,2610,0.0,0.0,3118.0,12521.0,80635.0,5769.0,10351.0,206367.0,10124.0,10056,0.0,0.0,21560.0,0.0,6391.0,28106.0,3969.0,11586.0,14550,2361.0,14780.0,0.0,11433,31028.0,0.0,11447.0,15393.0,26200,11531,5175.0,0.0,23200.0,44112,20183.0,15100.0,15585.0,0.0
30800,59596.0,3767,2530,0.0,0.0,2985.0,12068.0,81945.0,5700.0,10125.0,199898.0,10016.0,9821,0.0,0.0,21567.0,0.0,6310.0,27692.0,3760.0,11795.0,14301,2348.0,14457.0,0.0,11415,31892.0,0.0,11444.0,15075.0,24117,11299,5066.0,0.0,22797.0,43985,19855.0,15000.0,15438.0,0.0
31081,59850.0,3782,2537,0.0,0.0,3036.0,11773.0,82077.0,5747.0,10252.0,202566.0,10110.0,9932,0.0,0.0,21250.0,0.0,6250.0,27726.0,3676.0,11921.0,14393,2406.0,14400.0,0.0,11463,32122.0,0.0,11522.0,14800.0,24271,11646,5079.0,0.0,23049.0,44318,19884.0,14979.0,15780.0,0.0
30788,59804.0,3829,2545,0.0,0.0,3019.0,11698.0,81595.0,5772.0,10310.0,206263.0,10557.0,9843,0.0,0.0,21300.0,0.0,6285.0,27900.0,3660.0,11873.0,14562,2434.0,14530.0,0.0,11547,32155.0,0.0,11641.0,15295.0,23733,11645,5219.0,0.0,22794.0,44700,20239.0,14900.0,14817.0,0.0
31700,60569.0,3919,2555,0.0,0.0,3115.0,11611.0,81826.0,5979.0,10387.0,204164.0,10600.0,9900,0.0,0.0,21400.0,0.0,6280.0,27922.0,3770.0,11912.0,14098,2505.0,14550.0,0.0,11576,31980.0,0.0,11619.0,15220.0,24500,11818,5156.0,0.0,22780.0,46000,20210.0,14901.0,15554.0,0.0
32080,61000.0,4128,2544,0.0,0.0,3285.0,11670.0,82398.0,6329.0,10566.0,205164.0,10493.0,9895,0.0,0.0,21686.0,0.0,6385.0,27844.0,3755.0,12058.0,14387,2705.0,14590.0,0.0,11532,31946.0,0.0,11649.0,15467.0,24850,12581,5177.0,0.0,22781.0,46569,20460.0,15068.0,16329.0,0.0
31853,60800.0,3900,2543,0.0,0.0,3070.0,10740.0,82357.0,6137.0,10688.0,207662.0,10392.0,9819,0.0,0.0,22485.0,0.0,6250.0,27500.0,3645.0,12046.0,14310,2621.0,14600.0,0.0,11405,32031.0,0.0,11462.0,14971.0,23893,11488,5164.0,0.0,22700.0,45032,20400.0,14974.0,16199.0,0.0
31307,60291.0,3648,2525,0.0,0.0,3005.0,9785.0,81500.0,5800.0,10490.0,208135.0,10211.0,9749,0.0,0.0,22000.0,0.0,6050.0,27300.0,3450.0,11250.0,14000,2425.0,14440.0,0.0,11279,31911.0,0.0,11341.0,14550.0,22693,11181,5072.0,0.0,22250.0,43565,19876.0,14845.0,15745.0,0.0
31755,60000.0,3550,2494,0.0,0.0,2975.0,9883.0,81634.0,5580.0,10595.0,208861.0,10500.0,9711,0.0,0.0,21800.0,0.0,6012.0,27111.0,3516.0,11505.0,14074,2460.0,14223.0,0.0,11482,32151.0,0.0,11534.0,14696.0,21495,11421,5079.0,0.0,22050.0,44800,20044.0,15070.0,16001.0,0.0
31000,60680.0,3519,2481,0.0,0.0,2851.0,9940.0,81426.0,5353.0,10300.0,209530.0,10135.0,9473,0.0,0.0,21300.0,0.0,5760.0,26350.0,3475.0,11338.0,13953,2280.0,14010.0,0.0,11164,31711.0,0.0,11239.0,14170.0,20575,10536,5031.0,0.0,21540.0,43125,19538.0,14810.0,15360.0,0.0
31297,60219.0,3495,2485,0.0,0.0,2824.0,9823.0,81326.0,5453.0,10250.0,211859.0,10200.0,9620,0.0,0.0,21093.0,0.0,5721.0,26550.0,3393.0,11465.0,13825,2239.0,13949.0,0.0,11051,31875.0,0.0,11133.0,14539.0,20678,10612,4930.0,0.0,21267.0,42000,18950.0,14883.0,15148.0,0.0
31000,59975.0,3350,2480,0.0,0.0,2770.0,9940.0,81090.0,5151.0,10100.0,214063.0,10100.0,9530,0.0,0.0,20600.0,0.0,5577.0,26351.0,3468.0,11295.0,13602,2061.0,13795.0,0.0,10986,31573.0,0.0,11000.0,14432.0,20490,9916,4824.0,0.0,20906.0,40971,19300.0,14910.0,14700.0,0.0
30600,56000.0,3300,2458,0.0,0.0,2635.0,9609.0,80752.0,4875.0,9795.0,205064.0,9772.0,9387,0.0,0.0,21900.0,0.0,5549.0,25708.0,3329.0,11140.0,13409,2111.0,13470.0,0.0,10828,30940.0,0.0,10880.0,13818.0,20177,9921,4752.0,0.0,20600.0,39000,19099.0,14800.0,14500.0,0.0
31000,56000.0,3310,2440,0.0,0.0,2565.0,9860.0,81289.0,5020.0,9800.0,210080.0,9847.0,9511,0.0,0.0,21380.0,0.0,5740.0,26000.0,3350.0,10966.0,13401,2045.0,13600.0,0.0,10820,31210.0,0.0,10849.0,13984.0,19887,10069,4722.0,0.0,20959.0,40310,18900.0,14700.0,14460.0,0.0
31628,58067.0,3156,2420,0.0,0.0,2453.0,9438.0,82405.0,4821.0,10014.0,217955.0,9995.0,9703,0.0,0.0,21401.0,0.0,5964.0,26770.0,3160.0,10965.0,13604,1928.0,14204.0,0.0,11011,31775.0,0.0,11049.0,14344.0,18276,9418,4787.0,0.0,21300.0,40200,19140.0,14850.0,14225.0,0.0
31250,59100.0,3123,2396,0.0,0.0,2402.0,9194.0,82100.0,4850.0,10350.0,217256.0,9900.0,9664,0.0,0.0,20219.0,0.0,5805.0,26460.0,3100.0,10819.0,13515,2024.0,14038.0,0.0,10941,31653.0,0.0,11000.0,14474.0,18500,9715,4800.0,0.0,21146.0,39829,18600.0,14750.0,13800.0,0.0
31534,60739.0,3200,2459,0.0,0.0,2426.0,9700.0,82658.0,5020.0,10303.0,214776.0,9889.0,9693,0.0,0.0,18400.0,0.0,6048.0,27155.0,3626.0,10756.0,14000,2018.0,13891.0,0.0,11700,32050.0,0.0,11801.0,14922.0,20791,9607,5004.0,0.0,21780.0,41608,19000.0,15001.0,14380.0,0.0
32570,60700.0,3260,2459,0.0,0.0,2500.0,9636.0,82507.0,4899.0,10233.0,216357.0,9900.0,9783,0.0,0.0,20001.0,0.0,6145.0,27365.0,3645.0,10693.0,13981,2032.0,14180.0,0.0,11813,32125.0,0.0,11841.0,15090.0,20935,9712,5023.0,0.0,21696.0,41644,19040.0,14958.0,14200.0,0.0
32797,60500.0,3246,2465,0.0,0.0,2503.0,9333.0,82223.0,4923.0,10412.0,223152.0,9925.0,9743,0.0,0.0,20448.0,0.0,6309.0,27200.0,3488.0,10577.0,13741,1886.0,14260.0,0.0,11660,32325.0,0.0,11683.0,15305.0,21000,9303,4932.0,0.0,21625.0,41579,18900.0,14841.0,14311.0,0.0
32517,61000.0,3120,2441,0.0,0.0,2475.0,9500.0,81168.0,4975.0,10366.0,220245.0,9750.0,9679,0.0,0.0,20390.0,0.0,6309.0,26800.0,3585.0,10280.0,13700,1992.0,14300.0,0.0,11680,31716.0,0.0,11754.0,15275.0,19812,9546,4885.0,0.0,21485.0,41644,19002.0,14790.0,14466.0,0.0
32845,60397.0,3130,2459,0.0,0.0,2475.0,9288.0,82692.0,4717.0,10333.0,219854.0,9870.0,9651,0.0,0.0,20255.0,0.0,6290.0,26676.0,3500.0,10510.0,13634,1933.0,14505.0,0.0,12036,32170.0,0.0,12088.0,14782.0,19903,8871,4859.0,0.0,21496.0,41512,18703.0,14930.0,14191.0,0.0
32159,60200.0,3287,2427,0.0,0.0,2531.0,9315.0,83080.0,4742.0,10336.0,222353.0,9856.0,9556,0.0,0.0,20400.0,0.0,6298.0,26800.0,3662.0,10646.0,13590,2055.0,14549.0,0.0,12100,32718.0,0.0,12211.0,14735.0,20700,9215,4836.0,0.0,21497.0,41434,18945.0,15020.0,14534.0,0.0
31558,60076.0,3130,2413,0.0,0.0,2425.0,9099.0,83863.0,4609.0,10285.0,214173.0,9638.0,9602,0.0,0.0,20300.0,0.0,6290.0,26376.0,3610.0,10750.0,13315,1978.0,14450.0,0.0,11968,32700.0,0.0,12070.0,14703.0,20243,8730,4780.0,0.0,21317.0,40711,19000.0,15019.0,14344.0,0.0
31261,60000.0,3162,2413,0.0,0.0,2240.0,9132.0,84505.0,4500.0,10200.0,215341.0,9701.0,9456,0.0,0.0,20101.0,0.0,6160.0,25959.0,3678.0,10756.0,12984,2056.0,14197.0,0.0,12100,33168.0,0.0,12199.0,14424.0,20000,8782,4702.0,0.0,21095.0,40256,18159.0,14600.0,14516.0,0.0
31300,60366.0,3199,2413,0.0,0.0,2340.0,9241.0,83875.0,4759.0,9963.0,211160.0,9620.0,9385,0.0,0.0,20000.0,0.0,6172.0,25855.0,3585.0,10902.0,12700,2079.0,13929.0,0.0,12190,33561.0,0.0,12246.0,14529.0,19732,8798,4629.0,0.0,20795.0,40400,18489.0,14633.0,14550.0,0.0
31525,59600.0,3083,2393,0.0,0.0,2270.0,9185.0,83886.0,4710.0,9949.0,208462.0,9250.0,9343,0.0,0.0,19850.0,0.0,6291.0,25536.0,3557.0,10842.0,12565,2019.0,13792.0,0.0,12088,33214.0,0.0,12199.0,14200.0,19000,8526,4667.0,0.0,20600.0,40000,18664.0,14595.0,14677.0,0.0
31620,58950.0,2920,2360,0.0,0.0,2196.0,9255.0,83117.0,4705.0,9913.0,206863.0,9190.0,9235,0.0,0.0,19650.0,0.0,6025.0,24956.0,3587.0,10745.0,12425,2009.0,13850.0,0.0,11907,33053.0,0.0,11971.0,13850.0,18348,8500,4647.0,0.0,20363.0,39110,18051.0,14450.0,14000.0,0.0
30899,55650.0,2810,2338,0.0,0.0,2152.0,9331.0,81900.0,4630.0,9700.0,197609.0,9124.0,8950,0.0,0.0,19550.0,0.0,5855.0,24338.0,3580.0,10730.0,12050,1888.0,13700.0,0.0,11504,32024.0,0.0,11525.0,13419.0,18000,8198,4530.0,0.0,19799.0,37544,17424.0,14230.0,13574.0,0.0
30965,57450.0,2806,2370,0.0,0.0,2165.0,9719.0,83684.0,4560.0,9845.0,200867.0,9300.0,9118,0.0,0.0,19014.0,0.0,6000.0,24848.0,3690.0,10870.0,12010,1903.0,13750.0,0.0,11300,32381.0,0.0,11416.0,13564.0,18386,8150,4540.0,0.0,19824.0,36973,17705.0,14410.0,13700.0,0.0
30735,56800.0,2665,2350,0.0,0.0,2050.0,9380.0,83555.0,4300.0,9750.0,196869.0,9140.0,8975,0.0,0.0,19054.0,0.0,5768.0,24235.0,3787.0,10765.0,12015,1754.0,13718.0,0.0,11275,30454.0,0.0,11372.0,13320.0,17074,7276,4554.0,0.0,19900.0,35879,17552.0,14424.0,13577.0,0.0
30194,57200.0,2584,2389,0.0,0.0,2061.0,9630.0,82961.0,4289.0,9897.0,199368.0,9191.0,9158,0.0,0.0,19200.0,0.0,5742.0,24909.0,3752.0,10716.0,12237,1844.0,14000.0,0.0,11350,29662.0,0.0,11464.0,13550.0,17050,7011,4555.0,0.0,20052.0,36866,18150.0,14590.0,13724.0,0.0
29000,51000.0,2725,2150,0.0,0.0,2050.0,10800.0,85051.0,4268.0,8929.0,204062.0,8450.0,8697,0.0,0.0,17800.0,0.0,5130.0,23333.0,4099.0,11120.0,10580,2069.0,13567.0,0.0,10944,29956.0,0.0,10800.0,11616.0,17733,7254,3879.0,0.0,17937.0,39999,17588.0,14464.0,13405.0,0.0
27762,48300.0,2574,1981,0.0,0.0,2060.0,11401.0,86987.0,4300.0,8401.0,198634.0,8280.0,8336,0.0,0.0,17500.0,0.0,4703.0,21455.0,4524.0,11323.0,10139,2031.0,12800.0,0.0,9790,30600.0,0.0,9937.0,11300.0,17577,7091,3557.0,0.0,16900.0,39000,16860.0,13713.0,12550.0,0.0
27799,52000.0,2500,2198,0.0,0.0,1975.0,10450.0,83296.0,4002.0,9552.0,196517.0,9090.0,8920,0.0,0.0,18691.0,0.0,4983.0,23600.0,4096.0,10876.0,10600,1861.0,13570.0,0.0,10676,30100.0,0.0,10566.0,12470.0,17300,6707,4020.0,0.0,17800.0,37400,17636.0,14221.0,12641.0,0.0
28432,53513.0,2446,2219,0.0,0.0,1951.0,10480.0,83296.0,3941.0,9617.0,201866.0,9234.0,9219,0.0,0.0,19200.0,0.0,5229.0,24800.0,4075.0,10748.0,10882,1880.0,13790.0,0.0,10500,30100.0,0.0,10350.0,12376.0,16700,6286,4200.0,0.0,18199.0,37900,18296.0,14394.0,13000.0,0.0
28432,53513.0,2446,2219,0.0,0.0,1951.0,10480.0,83296.0,3941.0,9617.0,201866.0,9234.0,9219,0.0,0.0,19200.0,0.0,5229.0,24800.0,4075.0,10748.0,10882,1880.0,13790.0,0.0,10500,30100.0,0.0,10350.0,12376.0,16700,6286,4200.0,0.0,18199.0,37900,18296.0,14394.0,13000.0,0.0
29200,53846.0,2488,2308,0.0,0.0,2000.0,9990.0,84350.0,4110.0,9928.0,212963.0,9086.0,9327,0.0,0.0,19849.0,0.0,5585.0,24958.0,4054.0,11009.0,11500,1901.0,14212.0,0.0,10905,30750.0,0.0,10789.0,13250.0,16600,6115,4315.0,0.0,18752.0,38858,18421.0,14913.0,13820.0,0.0
28023,52774.0,2324,2230,0.0,0.0,1930.0,10380.0,82529.0,4237.0,9674.0,206563.0,9130.0,9097,0.0,0.0,19554.0,0.0,5577.0,24100.0,4000.0,10705.0,11267,1819.0,14100.0,0.0,10500,29645.0,0.0,10420.0,12880.0,16512,6168,4226.0,0.0,18618.0,37745,19005.0,14800.0,13436.0,0.0
28500,52254.0,2508,2308,0.0,0.0,2035.0,10807.0,82940.0,4365.0,9782.0,208180.0,9180.0,9174,0.0,0.0,19600.0,0.0,5582.0,24695.0,4308.0,10770.0,11260,1877.0,14150.0,0.0,10660,30124.0,0.0,10629.0,13115.0,16508,6292,4297.0,0.0,18700.0,38300,18621.0,14825.0,13504.0,0.0
29950,53884.0,2525,2329,0.0,0.0,2182.0,10750.0,82520.0,4365.0,9877.0,208861.0,9536.0,9191,0.0,0.0,19800.0,0.0,5775.0,24945.0,4315.0,10910.0,11536,1912.0,14248.0,0.0,11000,30008.0,0.0,11000.0,13206.0,17365,6596,4395.0,0.0,18882.0,39300,18628.0,15172.0,14116.0,0.0
30191,55634.0,2766,2366,0.0,0.0,2768.0,11169.0,84421.0,4609.0,10003.0,213046.0,9190.0,9432,0.0,0.0,19870.0,0.0,6004.0,25434.0,4420.0,11060.0,11988,2084.0,14500.0,0.0,11000,30174.0,0.0,11050.0,13552.0,19220,7195,4420.0,0.0,19548.0,41980,18874.0,15275.0,14104.0,0.0
30800,55732.0,2883,2375,0.0,0.0,2626.0,11209.0,85320.0,4551.0,10100.0,214758.0,9212.0,9602,0.0,0.0,20342.0,0.0,6130.0,25698.0,4430.0,11240.0,11793,2079.0,14627.0,0.0,11298,31024.0,0.0,11282.0,13650.0,19986,7414,4446.0,0.0,19400.0,42600,18851.0,15355.0,13900.0,0.0
30800,55732.0,2883,2375,0.0,0.0,2626.0,11209.0,85320.0,4551.0,10100.0,214758.0,9212.0,9602,0.0,0.0,20342.0,0.0,6130.0,25698.0,4430.0,11240.0,11793,2079.0,14627.0,0.0,11298,31024.0,0.0,11282.0,13650.0,19986,7414,4446.0,0.0,19400.0,42600,18851.0,15355.0,13900.0,0.0
30808,55398.0,2771,2390,0.0,0.0,2636.0,11032.0,85799.0,4600.0,10086.0,212930.0,9084.0,9451,0.0,0.0,20400.0,0.0,6080.0,25959.0,4286.0,11157.0,12022,2004.0,14500.0,0.0,11192,30607.0,0.0,11223.0,13454.0,18975,7182,4350.0,0.0,19200.0,42327,18962.0,15312.0,14300.0,0.0
31092,54608.0,2650,2359,0.0,0.0,2715.0,11000.0,85927.0,4501.0,10019.0,211859.0,9386.0,9343,0.0,0.0,20450.0,0.0,6056.0,25264.0,4352.0,11193.0,11663,2092.0,14600.0,0.0,11063,30560.0,0.0,11128.0,13554.0,19072,6944,4373.0,0.0,18900.0,42799,18796.0,15395.0,14103.0,0.0
30800,55291.0,2554,2345,0.0,0.0,2690.0,10815.0,87126.0,4556.0,9977.0,210122.0,9100.0,9264,0.0,0.0,19957.0,0.0,5980.0,24875.0,4230.0,11246.0,11500,2057.0,14400.0,0.0,11084,31102.0,0.0,11192.0,13203.0,18119,6946,4256.0,0.0,18879.0,42445,18324.0,15353.0,13867.0,0.0
30948,53856.0,2504,2323,0.0,0.0,2639.0,10626.0,87314.0,4404.0,10015.0,211859.0,8900.0,9208,0.0,0.0,20000.0,0.0,6054.0,24521.0,4220.0,11160.0,11350,2081.0,14326.0,0.0,10950,30851.0,0.0,11009.0,13295.0,18534,6899,4237.0,0.0,18861.0,41940,18410.0,15241.0,13289.0,0.0
30948,53856.0,2504,2323,0.0,0.0,2639.0,10626.0,87314.0,4404.0,10015.0,211859.0,8900.0,9208,0.0,0.0,20000.0,0.0,6054.0,24521.0,4220.0,11160.0,11350,2081.0,14326.0,0.0,10950,30851.0,0.0,11009.0,13295.0,18534,6899,4237.0,0.0,18861.0,41940,18410.0,15241.0,13289.0,0.0
29233,53000.0,2567,2219,0.0,0.0,2675.0,11480.0,84857.0,4250.0,9605.0,205863.0,8861.0,9015,0.0,0.0,19700.0,0.0,5725.0,24000.0,4350.0,10791.0,11132,1995.0,13780.0,0.0,10574,29757.0,0.0,10650.0,12580.0,17300,6489,4020.0,0.0,18113.0,41180,17493.0,15010.0,12991.0,0.0
29000,52400.0,2790,2283,0.0,0.0,2755.0,11482.0,84592.0,4573.0,9880.0,203363.0,8900.0,9163,0.0,0.0,19971.0,0.0,5812.0,24200.0,4560.0,10701.0,11169,2053.0,14014.0,0.0,10695,29719.0,0.0,10659.0,12850.0,18347,6549,4160.0,0.0,18227.0,41500,17797.0,15080.0,13716.0,0.0
29200,52070.0,2635,2298,0.0,0.0,2804.0,12070.0,85288.0,4520.0,9788.0,199866.0,8677.0,9159,0.0,0.0,19600.0,0.0,5590.0,24112.0,4721.0,10570.0,11100,1957.0,13927.0,0.0,10443,29400.0,0.0,10437.0,12580.0,17897,6128,4005.0,0.0,18152.0,40795,17930.0,15105.0,13279.0,0.0
28300,52000.0,2589,2215,0.0,0.0,2965.0,12480.0,85611.0,4200.0,9660.0,191973.0,8588.0,8892,0.0,0.0,19041.0,0.0,5427.0,23400.0,5046.0,10617.0,10767,1867.0,13417.0,0.0,10198,29220.0,0.0,10260.0,12000.0,16681,5744,3895.0,0.0,17608.0,38798,17342.0,14595.0,12625.0,0.0
28291,51206.0,2593,2249,0.0,0.0,3090.0,12570.0,85781.0,4275.0,9350.0,193372.0,8550.0,8957,0.0,0.0,19260.0,0.0,5367.0,23338.0,4934.0,10740.0,10440,1858.0,13326.0,0.0,10206,29156.0,0.0,10271.0,11951.0,16650,5522,3885.0,0.0,17193.0,38960,17401.0,14877.0,12489.0,0.0
28500,49000.0,2836,2205,0.0,0.0,3060.0,13715.0,88455.0,4212.0,9030.0,191955.0,8347.0,8966,0.0,0.0,18791.0,0.0,5224.0,23323.0,5460.0,10878.0,10000,1899.0,12771.0,0.0,10156,29602.0,0.0,10336.0,11628.0,18787,5875,3800.0,0.0,16950.0,39430,16631.0,14659.0,12420.0,0.0
28500,47990.0,2805,2287,0.0,0.0,2871.0,12953.0,88000.0,4194.0,9350.0,193672.0,8500.0,8978,0.0,0.0,19395.0,0.0,5407.0,23958.0,5233.0,10852.0,10100,1753.0,13200.0,0.0,10225,29944.0,0.0,10343.0,11767.0,18552,5735,3951.0,0.0,17100.0,39669,17323.0,14583.0,12233.0,0.0
28426,48000.0,2750,2310,0.0,0.0,2851.0,12939.0,87900.0,4235.0,9350.0,189021.0,8683.0,9199,0.0,0.0,19300.0,0.0,5581.0,24263.0,5060.0,10672.0,10237,1753.0,13591.0,0.0,10465,30195.0,0.0,10499.0,11975.0,18146,5724,4112.0,0.0,17364.0,39597,17745.0,14700.0,12611.0,0.0
27532,47300.0,2669,2264,0.0,0.0,2960.0,13000.0,86299.0,4170.0,9350.0,182877.0,8683.0,8983,0.0,0.0,19100.0,0.0,5475.0,23800.0,5080.0,10445.0,10101,1785.0,13631.0,0.0,10351,29153.0,0.0,10299.0,11616.0,18300,5824,4100.0,0.0,17291.0,38150,17801.0,14547.0,12114.0,0.0
26350,45950.0,2500,2180,0.0,0.0,3027.0,13081.0,85118.0,4212.0,9046.0,181779.0,8350.0,8673,0.0,0.0,15696.0,0.0,5275.0,23014.0,5251.0,10450.0,9921,1796.0,13000.0,0.0,10166,28500.0,0.0,10199.0,11133.0,17500,5704,3900.0,0.0,16800.0,37728,16700.0,14322.0,11779.0,0.0
26477,44675.0,2562,2160,0.0,0.0,3071.0,13080.0,86448.0,4295.0,8860.0,181080.0,7980.0,8725,0.0,0.0,15855.0,0.0,5341.0,22920.0,5436.0,10520.0,9965,1771.0,12849.0,0.0,10030,28815.0,0.0,10046.0,11219.0,17900,5549,3900.0,0.0,16650.0,36300,16543.0,14295.0,12050.0,0.0
26420,47200.0,2598,2190,0.0,0.0,3015.0,12688.0,86424.0,4450.0,9000.0,190438.0,8244.0,9118,0.0,0.0,15359.0,0.0,5463.0,23853.0,5131.0,10605.0,10054,1866.0,12872.0,0.0,10275,29109.0,0.0,10225.0,11713.0,19017,5762,4000.0,0.0,17100.0,37785,16891.0,14313.0,12005.0,0.0
25655,46000.0,2350,2175,0.0,0.0,2868.0,13328.0,85000.0,4304.0,8681.0,177785.0,8200.0,9040,0.0,0.0,14800.0,0.0,5385.0,23168.0,5192.0,10373.0,9912,1774.0,12611.0,0.0,9815,28289.0,0.0,9818.0,11615.0,17780,5330,3960.0,0.0,16879.0,36070,16597.0,14172.0,11770.0,0.0
25996,45300.0,2442,2172,0.0,0.0,2871.0,13108.0,83783.0,4525.0,8881.0,177582.0,8561.0,8909,0.0,0.0,14790.0,0.0,5290.0,22796.0,5037.0,10288.0,9850,1793.0,13166.0,0.0,9800,28066.0,0.0,9788.0,11266.0,18303,5480,4007.0,0.0,16575.0,36800,16800.0,14031.0,11262.0,0.0
26061,45600.0,2610,2200,0.0,0.0,2651.0,13022.0,85261.0,4631.0,9139.0,187057.0,8434.0,9294,0.0,0.0,15000.0,0.0,5515.0,23875.0,4861.0,10463.0,10231,1957.0,13399.0,0.0,10101,29055.0,0.0,10103.0,11940.0,19205,5625,4045.0,0.0,17199.0,39576,16793.0,14189.0,12299.0,0.0
25481,45100.0,2500,2200,0.0,0.0,2541.0,13490.0,85164.0,4830.0,9100.0,181879.0,8400.0,9402,0.0,0.0,14630.0,0.0,5408.0,23496.0,5180.0,10296.0,9950,1907.0,13250.0,0.0,9930,28125.0,0.0,9845.0,12010.0,18649,5419,4063.0,0.0,17000.0,38890,16760.0,14441.0,12488.0,0.0
25948,43700.0,2656,2185,0.0,0.0,2640.0,14750.0,85631.0,5087.0,8932.0,184627.0,8366.0,9491,0.0,0.0,14525.0,0.0,5304.0,23245.0,5860.0,10280.0,10247,2005.0,13249.0,0.0,9879,27260.0,0.0,9863.0,12023.0,20931,5780,4136.0,0.0,17250.0,40189,16584.0,14250.0,12252.0,0.0
26186,43995.0,2722,2200,0.0,0.0,2788.0,14479.0,86881.0,5420.0,8990.0,186876.0,8539.0,9706,0.0,0.0,14856.0,0.0,5375.0,23444.0,5840.0,10388.0,10380,2133.0,13387.0,0.0,9869,27131.0,0.0,9925.0,12385.0,20000,5800,4050.0,0.0,17500.0,40624,17407.0,14200.0,12585.0,0.0
25999,45300.0,2988,2227,0.0,0.0,3089.0,13200.0,87522.0,5500.0,9002.0,193472.0,8492.0,9958,0.0,0.0,15458.0,0.0,5624.0,24360.0,5465.0,10500.0,10700,2133.0,13923.0,0.0,10062,26382.0,0.0,9992.0,12796.0,21574,6490,4219.0,0.0,18300.0,42500,17998.0,14475.0,13030.0,0.0
26900,48100.0,3288,2279,0.0,0.0,3148.0,13523.0,87410.0,6070.0,9350.0,199468.0,8690.0,10233,0.0,0.0,16322.0,0.0,5800.0,25081.0,5330.0,10292.0,11221,2061.0,14587.0,0.0,10261,25900.0,0.0,10200.0,12850.0,23141,6300,4472.0,0.0,18744.0,41800,18303.0,14524.0,13950.0,0.0
26093,46897.0,3372,2312,0.0,0.0,3250.0,14085.0,88330.0,6295.0,9274.0,197165.0,8911.0,10144,0.0,0.0,15800.0,0.0,5726.0,24656.0,5861.0,10375.0,11084,1970.0,14400.0,0.0,10171,26489.0,0.0,10034.0,12817.0,23100,6228,4449.0,0.0,18548.0,40972,17620.0,14788.0,12700.0,0.0
25100,45388.0,3250,2238,0.0,0.0,3260.0,13720.0,88875.0,5970.0,9077.0,192664.0,8675.0,9981,0.0,0.0,14968.0,0.0,5329.0,24000.0,5573.0,10134.0,10480,1920.0,13892.0,0.0,9790,26250.0,0.0,9830.0,12124.0,22850,5797,4190.0,0.0,17900.0,39246,17450.0,14406.0,12566.0,0.0
24800,45400.0,3200,2275,0.0,0.0,3340.0,14615.0,90014.0,6065.0,9100.0,190873.0,8715.0,10193,0.0,0.0,14695.0,0.0,5391.0,24203.0,5860.0,10363.0,10450,2013.0,14050.0,0.0,9880,26600.0,0.0,9900.0,12500.0,22900,6328,4188.0,0.0,17943.0,39956,17820.0,14849.0,12737.0,0.0
25429,47000.0,3800,2340,0.0,0.0,3603.0,16176.0,86660.0,7204.0,9649.0,192929.0,9249.0,10337,0.0,0.0,15349.0,0.0,5612.0,25000.0,6445.0,10295.0,10889,2187.0,14799.0,0.0,10195,26630.0,0.0,10126.0,13042.0,27394,7410,4440.0,0.0,18749.0,42247,18077.0,15149.0,13877.0,0.0
25165,49453.0,3735,2324,0.0,0.0,3900.0,15520.0,86746.0,7253.0,9417.0,193478.0,9060.0,10134,0.0,0.0,15152.0,0.0,5575.0,24888.0,6200.0,10553.0,11020,2346.0,14533.0,0.0,10313,27125.0,0.0,10235.0,12913.0,26973,8274,4557.0,0.0,19127.0,41565,17904.0,15199.0,14116.0,0.0
24940,50300.0,3936,2291,0.0,0.0,3880.0,17520.0,86552.0,7072.0,9350.0,184877.0,8911.0,10178,0.0,0.0,15146.0,0.0,5427.0,24600.0,6900.0,10496.0,10942,2353.0,14411.0,0.0,10075,26795.0,0.0,10020.0,12771.0,30000,8450,4450.0,0.0,18600.0,41091,17921.0,15194.0,13995.0,0.0
24896,48400.0,3529,2252,0.0,0.0,3759.0,17259.0,86297.0,6700.0,9250.0,173234.0,8812.0,9902,0.0,0.0,14748.0,0.0,5301.0,23808.0,6675.0,10264.0,10890,2195.0,14347.0,0.0,9650,26399.0,0.0,9566.0,12312.0,29200,8061,4391.0,0.0,18368.0,40960,18011.0,15126.0,14138.0,0.0
24439,48520.0,3166,2298,0.0,0.0,3506.0,16500.0,84780.0,6200.0,9329.0,177126.0,9000.0,10066,0.0,0.0,15382.0,0.0,5375.0,23973.0,6220.0,10245.0,11101,2086.0,14661.0,0.0,9722,27043.0,0.0,9726.0,12518.0,27290,7524,4388.0,0.0,18525.0,39270,18000.0,15150.0,14200.0,0.0
23802,48343.0,3300,2325,0.0,0.0,3570.0,17737.0,83492.0,6200.0,8615.0,169088.0,8806.0,10094,0.0,0.0,15000.0,0.0,5292.0,23565.0,6920.0,9928.0,10855,2002.0,14500.0,0.0,9391,26944.0,0.0,9350.0,12310.0,28409,7180,4324.0,0.0,18144.0,39972,17650.0,14895.0,13394.0,0.0
25101,48560.0,3526,2360,0.0,0.0,3696.0,18088.0,85077.0,6824.0,8644.0,173885.0,8950.0,10009,0.0,0.0,15450.0,0.0,5360.0,23910.0,6950.0,10118.0,11128,2197.0,14627.0,0.0,9708,27692.0,0.0,9650.0,12849.0,31506,8247,4440.0,0.0,18365.0,40870,17600.0,14950.0,13910.0,0.0
26262,50500.0,3550,2414,0.0,0.0,3745.0,17200.0,86573.0,7002.0,8913.0,178881.0,9300.0,10240,0.0,0.0,16165.0,0.0,5575.0,25061.0,6800.0,10419.0,11758,2307.0,14863.0,0.0,10387,28731.0,0.0,10278.0,12876.0,29573,8929,4697.0,0.0,19432.0,42982,18098.0,14959.0,14579.0,0.0
26325,50285.0,3350,2419,0.0,0.0,3668.0,17402.0,86232.0,7100.0,8690.0,178881.0,9290.0,10203,0.0,0.0,15976.0,0.0,5529.0,24838.0,6600.0,10256.0,11697,2344.0,14627.0,0.0,10150,28649.0,0.0,10069.0,12180.0,30600,8896,4553.0,0.0,19171.0,42852,18053.0,15200.0,14900.0,0.0
26511,49700.0,3462,2489,0.0,0.0,3700.0,16770.0,86396.0,7245.0,8845.0,182270.0,9444.0,10296,0.0,0.0,16425.0,0.0,5670.0,25080.0,6570.0,10490.0,11584,2619.0,15140.0,0.0,10357,29150.0,0.0,10312.0,11545.0,30432,9736,4637.0,0.0,19340.0,43700,18490.0,15300.0,15200.0,0.0
27429,49700.0,3420,2491,0.0,0.0,3497.0,15823.0,83990.0,7527.0,8862.0,182823.0,9251.0,10217,0.0,0.0,16280.0,0.0,5775.0,24817.0,5599.0,10200.0,12022,2602.0,15100.0,0.0,10595,28844.0,0.0,10496.0,12360.0,28871,9658,4757.0,0.0,19950.0,44230,18630.0,15375.0,15370.0,0.0
26444,48150.0,3428,2470,0.0,0.0,3530.0,17005.0,83740.0,7250.0,8500.0,181879.0,9250.0,10006,0.0,0.0,15983.0,0.0,5480.0,24107.0,6160.0,10025.0,11335,2579.0,14558.0,0.0,10377,28649.0,0.0,10270.0,12241.0,29612,9592,4624.0,0.0,19316.0,43497,18350.0,15080.0,12600.0,0.0
26413,48501.0,3400,2479,0.0,0.0,3400.0,17037.0,83298.0,7220.0,8553.0,184816.0,9180.0,10016,0.0,0.0,16300.0,0.0,5562.0,24450.0,5825.0,9980.0,11397,2781.0,14470.0,0.0,10350,28547.0,0.0,10250.0,11889.0,29490,10235,4584.0,0.0,19123.0,43700,17835.0,15100.0,12825.0,0.0
28900,47500.0,3400,2492,0.0,0.0,3450.0,18050.0,82095.0,7164.0,8314.0,181280.0,9142.0,9820,0.0,0.0,16005.0,0.0,5350.0,24233.0,6000.0,9728.0,10875,2798.0,15103.0,0.0,10164,27630.0,0.0,10085.0,11950.0,30459,10035,4518.0,0.0,18500.0,42350,17800.0,15132.0,12790.0,0.0
27978,47000.0,3322,2398,0.0,0.0,3500.0,19865.0,83097.0,7000.0,8269.0,181358.0,9082.0,9796,0.0,0.0,15500.0,0.0,5223.0,23506.0,6713.0,9655.0,10895,2511.0,14900.0,0.0,9951,27550.0,0.0,9834.0,11950.0,30600,8909,4430.0,0.0,18370.0,41077,17402.0,15000.0,12905.0,0.0
28230,47293.0,3350,2398,0.0,0.0,3378.0,19687.0,83635.0,7000.0,8400.0,178890.0,9255.0,9934,0.0,0.0,16168.0,0.0,5379.0,23553.0,6686.0,9729.0,10928,2602.0,15717.0,0.0,10101,27890.0,0.0,10020.0,11525.0,30553,9516,4528.0,0.0,18705.0,41600,18341.0,15281.0,12850.0,0.0
28350,47900.0,3100,2424,0.0,0.0,3315.0,19767.0,86781.0,7000.0,8400.0,185877.0,9170.0,10122,0.0,0.0,16500.0,0.0,5297.0,23820.0,6727.0,10164.0,11010,2791.0,15710.0,0.0,10401,28278.0,0.0,10441.0,11900.0,31939,9967,4540.0,0.0,18600.0,43424,18250.0,15205.0,13100.0,0.0
28119,47400.0,3346,2419,0.0,0.0,3355.0,20426.0,86099.0,7220.0,8079.0,188355.0,9250.0,10024,0.0,0.0,16485.0,0.0,5350.0,24109.0,6555.0,10025.0,10919,2920.0,15424.0,0.0,10303,28173.0,0.0,10312.0,11407.0,32739,10396,4433.0,0.0,18215.0,42714,17866.0,15031.0,13380.0,0.0
28809,50000.0,3661,2436,0.0,0.0,3750.0,20150.0,86880.0,7324.0,8150.0,192843.0,9575.0,10288,0.0,0.0,17033.0,0.0,5617.0,24666.0,6605.0,10181.0,11184,2790.0,15990.0,0.0,10710,28507.0,0.0,10680.0,11409.0,33676,10784,4650.0,0.0,18586.0,43520,18571.0,14890.0,13734.0,0.0
29634,51588.0,3825,2432,0.0,0.0,4061.0,19521.0,87029.0,7117.0,8165.0,199768.0,9797.0,9948,0.0,0.0,17285.0,0.0,5590.0,25080.0,6100.0,10189.0,11500,2884.0,16337.0,0.0,10730,28770.0,0.0,10600.0,11188.0,34100,11106,4706.0,0.0,18941.0,45000,18705.0,14615.0,13575.0,0.0
30206,52018.0,4400,2436,0.0,0.0,4415.0,20220.0,87443.0,7304.0,8365.0,198069.0,9800.0,9917,0.0,0.0,17200.0,0.0,5761.0,25500.0,6250.0,10299.0,12224,3200.0,17016.0,0.0,10942,28800.0,0.0,10829.0,11210.0,36500,11923,4800.0,0.0,19295.0,46920,18941.0,14525.0,14163.0,0.0
30700,52590.0,4514,2420,0.0,0.0,4695.0,21875.0,88930.0,7300.0,8495.0,200067.0,9429.0,9517,0.0,0.0,17250.0,0.0,5770.0,25287.0,6740.0,10218.0,12200,3280.0,16403.0,0.0,10903,29478.0,0.0,10774.0,11000.0,38600,12341,4828.0,0.0,19050.0,47831,18435.0,14705.0,14210.0,0.0
31145,53100.0,4964,2462,0.0,0.0,4950.0,21000.0,87456.0,8650.0,8569.0,196270.0,9301.0,9517,0.0,0.0,18100.0,0.0,6115.0,25544.0,6553.0,10200.0,12803,3486.0,16811.0,0.0,11039,29420.0,0.0,10831.0,11450.0,41529,13128,4926.0,0.0,18915.0,48600,19006.0,14650.0,14782.0,0.0
30612,53200.0,4870,2421,0.0,0.0,4807.0,20400.0,86965.0,8100.0,8601.0,196196.0,9287.0,9496,0.0,0.0,18000.0,0.0,6190.0,24842.0,6498.0,10475.0,12914,3255.0,16689.0,0.0,10822,29219.0,0.0,10745.0,11380.0,38515,11969,4560.0,0.0,19050.0,49250,19294.0,14515.0,14800.0,0.0
30391,53615.0,4573,2449,0.0,0.0,4612.0,19860.0,87400.0,7886.0,8638.0,189113.0,9355.0,9719,0.0,0.0,17650.0,0.0,6257.0,24248.0,6015.0,10284.0,12516,3062.0,17017.0,0.0,10701,29127.0,0.0,10650.0,11399.0,37000,11330,4350.0,0.0,18525.0,47720,19306.0,14551.0,14832.0,0.0
30321,53700.0,4710,2479,0.0,0.0,4540.0,21100.0,87700.0,7980.0,8440.0,187693.0,9355.0,9786,0.0,0.0,17458.0,0.0,5932.0,25271.0,6280.0,10429.0,12244,3021.0,16875.0,0.0,10795,29086.0,0.0,10723.0,11216.0,37771,11100,4369.0,0.0,18100.0,46619,18552.0,14788.0,14750.0,0.0
30280,54000.0,4976,2500,0.0,0.0,4545.0,21032.0,88848.0,7999.0,8400.0,193767.0,9151.0,9806,0.0,0.0,16906.0,0.0,5962.0,24740.0,6311.0,10275.0,12200,3037.0,16779.0,0.0,10853,29100.0,0.0,10780.0,11250.0,39146,11177,4376.0,0.0,17401.0,47091,18700.0,14860.0,14503.0,0.0
30870,54418.0,4602,2540,0.0,0.0,4560.0,20439.0,88893.0,7974.0,8360.0,199407.0,9200.0,9944,0.0,0.0,17326.0,0.0,6131.0,24925.0,6080.0,10576.0,12051,3322.0,16658.0,0.0,10991,29722.0,0.0,10955.0,11168.0,37997,12200,4375.0,0.0,17493.0,46300,18750.0,14975.0,14494.0,0.0
30900,54534.0,4208,2515,0.0,0.0,4366.0,20655.0,91148.0,7801.0,8240.0,201166.0,9150.0,9671,0.0,0.0,17100.0,0.0,5967.0,24263.0,6046.0,10555.0,11803,3157.0,16431.0,0.0,11042,30850.0,0.0,11009.0,11100.0,37347,11024,4301.0,0.0,17293.0,46300,18526.0,15055.0,13906.0,0.0
30616,54337.0,4443,2470,0.0,0.0,4368.0,21039.0,91001.0,7864.0,8175.0,204498.0,9036.0,9988,0.0,0.0,16719.0,0.0,6140.0,24262.0,6233.0,10507.0,12011,3303.0,16676.0,0.0,11071,31200.0,0.0,11075.0,11101.0,37640,11222,4343.0,0.0,17400.0,47313,18653.0,15160.0,14255.0,0.0
30968,56779.0,4762,2525,0.0,0.0,4067.0,21479.0,89276.0,7904.0,8430.0,209861.0,9079.0,10152,0.0,0.0,17200.0,0.0,6408.0,25000.0,6505.0,10195.0,12500,3493.0,17255.0,0.0,11175,30829.0,0.0,11111.0,11392.0,39100,11995,4636.0,0.0,18140.0,47157,18700.0,15425.0,14150.0,0.0
31588,57653.0,4720,2550,0.0,0.0,4399.0,20625.0,88301.0,7358.0,8900.0,217256.0,9740.0,10432,0.0,0.0,18358.0,0.0,6664.0,25966.0,5700.0,10251.0,13148,3549.0,17764.0,0.0,11246,29142.0,0.0,11039.0,12066.0,37846,12172,4790.0,0.0,18497.0,47489,19646.0,15640.0,14600.0,0.0
31588,57653.0,4720,2550,0.0,0.0,4399.0,20625.0,88301.0,7358.0,8900.0,217256.0,9740.0,10432,0.0,0.0,18358.0,0.0,6664.0,25966.0,5700.0,10251.0,13148,3549.0,17764.0,0.0,11246,29142.0,0.0,11039.0,12066.0,37846,12172,4790.0,0.0,18497.0,47489,19646.0,15640.0,14600.0,0.0
31855,57833.0,4848,2547,0.0,0.0,4462.0,21180.0,86316.0,7649.0,8884.0,216199.0,9575.0,10419,0.0,0.0,18000.0,0.0,6699.0,25260.0,5830.0,9791.0,13312,3460.0,17694.0,0.0,11177,29000.0,0.0,11001.0,12005.0,38975,11968,4795.0,0.0,19004.0,47726,19034.0,15658.0,14700.0,0.0
31526,57000.0,4297,2550,0.0,0.0,4237.0,20136.0,86799.0,7406.0,8758.0,213530.0,9600.0,10357,0.0,0.0,17700.0,0.0,6528.0,25153.0,5610.0,9819.0,12953,3296.0,17621.0,0.0,11035,28842.0,0.0,10889.0,12060.0,35950,11171,4598.0,0.0,18750.0,45468,19029.0,15630.0,14195.0,0.0
31535,56811.0,4550,2444,0.0,0.0,4349.0,20198.0,87986.0,7296.0,8661.0,212578.0,9553.0,10435,0.0,0.0,17450.0,0.0,6442.0,24919.0,5600.0,9826.0,12540,3276.0,17678.0,0.0,10962,29124.0,0.0,10889.0,12048.0,36596,11022,4495.0,0.0,18959.0,45400,19073.0,15501.0,12750.0,0.0
31535,56811.0,4550,2444,0.0,0.0,4349.0,20198.0,87986.0,7296.0,8661.0,212578.0,9553.0,10435,0.0,0.0,17450.0,0.0,6442.0,24919.0,5600.0,9826.0,12540,3276.0,17678.0,0.0,10962,29124.0,0.0,10889.0,12048.0,36596,11022,4495.0,0.0,18959.0,45400,19073.0,15501.0,12750.0,0.0
31535,56811.0,4550,2444,0.0,0.0,4349.0,20198.0,87986.0,7296.0,8661.0,212578.0,9553.0,10435,0.0,0.0,17450.0,0.0,6442.0,24919.0,5600.0,9826.0,12540,3276.0,17678.0,0.0,10962,29124.0,0.0,10889.0,12048.0,36596,11022,4495.0,0.0,18959.0,45400,19073.0,15501.0,12750.0,0.0
31300,56224.0,4280,2455,0.0,0.0,4285.0,20353.0,87252.0,7120.0,8668.0,205564.0,9683.0,10137,0.0,0.0,17076.0,0.0,6353.0,24276.0,5570.0,9762.0,12677,3132.0,17801.0,0.0,10830,29043.0,0.0,10689.0,12270.0,35200,10587,4448.0,0.0,18466.0,44456,19212.0,15662.0,12864.0,0.0
31971,56929.0,4527,2460,0.0,0.0,4266.0,20848.0,86900.0,7226.0,9004.0,206863.0,9700.0,10505,0.0,0.0,17700.0,0.0,6627.0,25018.0,5831.0,9935.0,13281,3250.0,17600.0,0.0,11057,29043.0,0.0,10899.0,12298.0,36912,11490,4740.0,0.0,19250.0,44948,19500.0,15978.0,13202.0,0.0
32018,57303.0,4700,2457,0.0,0.0,4207.0,20450.0,86058.0,7200.0,8967.0,205963.0,9718.0,10465,0.0,0.0,17743.0,0.0,6849.0,25018.0,5845.0,9749.0,13248,3304.0,17362.0,0.0,10991,28279.0,0.0,10880.0,12150.0,36188,11552,4837.0,0.0,19425.0,44154,19900.0,16053.0,13520.0,0.0
31410,57308.0,4549,2455,0.0,0.0,4266.0,19950.0,85593.0,7273.0,8991.0,203765.0,9856.0,10325,0.0,0.0,17769.0,0.0,6657.0,25094.0,5701.0,9600.0,12900,3125.0,17415.0,0.0,10860,28320.0,0.0,10700.0,11924.0,35726,11125,4707.0,0.0,18910.0,43511,20080.0,15932.0,13060.0,0.0
32235,59320.0,4402,2460,0.0,0.0,4201.0,20014.0,86428.0,7114.0,9114.0,205863.0,10080.0,10268,0.0,0.0,18027.0,0.0,6568.0,25408.0,5597.0,9499.0,12900,3142.0,17700.0,0.0,11020,27693.0,0.0,10869.0,12194.0,35894,11588,4702.0,0.0,19100.0,43415,20551.0,16090.0,13254.0,0.0
31150,58788.0,4290,2453,0.0,0.0,4200.0,20310.0,87105.0,6890.0,8831.0,205364.0,10015.0,10072,0.0,0.0,17800.0,0.0,6294.0,24954.0,5742.0,9580.0,12544,2990.0,17300.0,0.0,10870,27249.0,0.0,10736.0,11834.0,35415,11000,4575.0,0.0,18561.0,40818,20541.0,15966.0,12777.0,0.0
30917,59000.0,4430,2379,0.0,0.0,4215.0,21200.0,87927.0,6940.0,8760.0,207362.0,10157.0,9876,0.0,0.0,16900.0,0.0,6350.0,24604.0,5831.0,9640.0,12154,2939.0,16812.0,0.0,10627,27400.0,0.0,10549.0,11850.0,36495,10884,4490.0,0.0,18000.0,41100,20600.0,15853.0,12426.0,0.0
31185,58647.0,4450,2421,0.0,0.0,4225.0,22000.0,88633.0,6606.0,8590.0,208757.0,10202.0,10008,0.0,0.0,16705.0,0.0,6150.0,24415.0,5994.0,9383.0,11899,2861.0,16740.0,0.0,10356,27300.0,0.0,10368.0,11725.0,35950,10994,4395.0,0.0,17635.0,41996,21298.0,15826.0,12624.0,0.0
32099,59281.0,4450,2410,0.0,0.0,4345.0,21427.0,88187.0,7025.0,8580.0,209946.0,10300.0,10142,0.0,0.0,17122.0,0.0,6353.0,24869.0,6067.0,9391.0,12282,2872.0,16775.0,0.0,10600,27321.0,0.0,10499.0,11844.0,36400,11432,4524.0,0.0,18000.0,41935,21070.0,15968.0,12958.0,0.0
31899,59371.0,4801,2410,0.0,0.0,4250.0,22690.0,87800.0,7644.0,8469.0,206679.0,10150.0,9965,0.0,0.0,17233.0,0.0,6510.0,24520.0,6250.0,9270.0,12255,2950.0,16883.0,0.0,10503,27395.0,0.0,10400.0,11854.0,39500,12096,4558.0,0.0,17595.0,41850,20949.0,16048.0,12877.0,0.0
32480,59400.0,4825,2450,0.0,0.0,4444.0,23080.0,87140.0,7800.0,8542.0,207746.0,10400.0,10181,0.0,0.0,17894.0,0.0,6546.0,25226.0,6141.0,9300.0,12600,3091.0,17052.0,0.0,10512,27200.0,0.0,10400.0,12113.0,39950,13162,4689.0,0.0,18025.0,44085,21240.0,16400.0,12946.0,0.0
33350,61011.0,4756,2452,0.0,0.0,4187.0,22653.0,86571.0,7985.0,8905.0,211360.0,10440.0,10011,0.0,0.0,18900.0,0.0,6726.0,25420.0,6171.0,9761.0,13013,3245.0,16890.0,0.0,10816,27945.0,0.0,10680.0,12300.0,39900,14375,4743.0,0.0,18306.0,45879,21195.0,16556.0,13450.0,0.0
33399,61000.0,4676,2463,0.0,0.0,4300.0,22044.0,86252.0,7800.0,8875.0,212259.0,10488.0,10240,0.0,0.0,18729.0,0.0,6700.0,25794.0,5911.0,9666.0,12899,3260.0,17208.0,0.0,10876,28006.0,0.0,10762.0,12592.0,40422,14111,4657.0,0.0,18267.0,45751,21200.0,16528.0,13630.0,0.0
33124,60009.0,4630,2451,0.0,0.0,4285.0,21850.0,87750.0,7674.0,8850.0,213858.0,10537.0,10147,0.0,0.0,18752.0,0.0,6747.0,26060.0,5862.0,9703.0,12848,3200.0,16918.0,0.0,10874,27563.0,0.0,10753.0,12635.0,39825,13902,4664.0,0.0,18136.0,44848,21129.0,16562.0,14259.0,0.0
33013,60900.0,4657,2469,0.0,0.0,4361.0,21858.0,88257.0,7739.0,8785.0,212659.0,10500.0,10374,0.0,0.0,18750.0,0.0,6775.0,26189.0,5904.0,9748.0,12756,3228.0,16870.0,0.0,10900,27300.0,0.0,10884.0,12677.0,39700,14225,4728.0,0.0,18200.0,44796,21000.0,16740.0,14075.0,0.0
33000,62163.0,4840,2499,0.0,0.0,4420.0,21525.0,88199.0,7700.0,8933.0,208685.0,10690.0,10451,0.0,0.0,19455.0,0.0,6800.0,26239.0,5956.0,9722.0,12909,3466.0,16920.0,0.0,10846,27329.0,0.0,10846.0,12849.0,39719,15112,4734.0,0.0,18396.0,44775,21195.0,16600.0,14400.0,0.0
32857,61500.0,5647,2500,0.0,0.0,4590.0,22270.0,87340.0,7940.0,9218.0,202154.0,10743.0,10441,0.0,0.0,19735.0,0.0,7021.0,26561.0,6250.0,9827.0,13078,3489.0,16950.0,0.0,11093,27172.0,0.0,11009.0,13063.0,41704,16350,4818.0,0.0,18826.0,45816,21286.0,16799.0,14800.0,0.0
33100,61153.0,5400,2503,0.0,0.0,4646.0,21801.0,85175.0,8680.0,9125.0,201866.0,10411.0,10239,0.0,0.0,18700.0,0.0,7045.0,26227.0,6001.0,9618.0,13188,3417.0,17050.0,0.0,11063,26998.0,0.0,11000.0,12865.0,41527,15241,4830.0,0.0,18765.0,45664,21321.0,16633.0,14941.0,0.0
32000,59600.0,5670,2494,0.0,0.0,4769.0,21872.0,85668.0,9008.0,8761.0,198676.0,10340.0,10086,0.0,0.0,18016.0,0.0,6969.0,26018.0,6051.0,9432.0,12922,3342.0,16876.0,0.0,11126,26600.0,0.0,11087.0,12776.0,39462,15061,4741.0,0.0,18332.0,46222,20900.0,16638.0,14738.0,0.0
32147,59100.0,5585,2489,0.0,0.0,4722.0,21580.0,87802.0,8890.0,8990.0,201036.0,10443.0,10133,0.0,0.0,18255.0,0.0,7027.0,26101.0,5986.0,9551.0,12934,3259.0,16861.0,0.0,11097,27201.0,0.0,11063.0,12865.0,38547,14326,4729.0,0.0,18500.0,45510,21113.0,16643.0,14359.0,0.0
32700,60774.0,5459,2507,0.0,0.0,4656.0,20735.0,86865.0,8561.0,9071.0,202865.0,10739.0,10067,0.0,0.0,18269.0,0.0,7050.0,26150.0,5770.0,9595.0,12941,3191.0,16899.0,0.0,11211,27155.0,0.0,11250.0,12864.0,38910,14034,4770.0,0.0,18550.0,45958,21145.0,16835.0,14403.0,0.0
32700,60774.0,5459,2507,0.0,0.0,4656.0,20735.0,86865.0,8561.0,9071.0,202865.0,10739.0,10067,0.0,0.0,18269.0,0.0,7050.0,26150.0,5770.0,9595.0,12941,3191.0,16899.0,0.0,11211,27155.0,0.0,11250.0,12864.0,38910,14034,4770.0,0.0,18550.0,45958,21145.0,16835.0,14403.0,0.0
33075,60882.0,5700,2506,0.0,0.0,4855.0,22010.0,86409.0,9000.0,9042.0,200067.0,10400.0,10030,0.0,0.0,17687.0,0.0,6930.0,25944.0,6063.0,9560.0,13038,3185.0,17085.0,0.0,11123,27527.0,0.0,11100.0,12900.0,38962,15299,4728.0,0.0,18500.0,47135,21150.0,16824.0,14964.0,0.0
33548,59106.0,5900,2515,0.0,0.0,4851.0,22600.0,87157.0,8975.0,9161.0,195193.0,10397.0,10136,0.0,0.0,18083.0,0.0,6900.0,25560.0,6468.0,9464.0,12772,3410.0,17123.0,0.0,10979,27327.0,0.0,10914.0,12722.0,41118,15850,4575.0,0.0,18210.0,46440,21275.0,16550.0,14906.0,0.0
33548,59106.0,5900,2515,0.0,0.0,4851.0,22600.0,87157.0,8975.0,9161.0,195193.0,10397.0,10136,0.0,0.0,18083.0,0.0,6900.0,25560.0,6468.0,9464.0,12772,3410.0,17123.0,0.0,10979,27327.0,0.0,10914.0,12722.0,41118,15850,4575.0,0.0,18210.0,46440,21275.0,16550.0,14906.0,0.0
31750,57957.0,5539,2431,0.0,0.0,4890.0,22796.0,88439.0,8390.0,8807.0,189274.0,10260.0,9932,0.0,0.0,17400.0,0.0,6640.0,24950.0,6301.0,9556.0,12353,3168.0,16711.0,0.0,10526,27420.0,0.0,10550.0,12321.0,40000,14100,4395.0,0.0,17802.0,43805,21120.0,16392.0,14600.0,0.0
32430,55700.0,5304,2416,0.0,0.0,4694.0,22726.0,89100.0,8229.0,8782.0,193809.0,10181.0,10184,0.0,0.0,17592.0,0.0,6617.0,24869.0,6390.0,9663.0,12056,3100.0,16829.0,0.0,10493,27540.0,0.0,10552.0,12251.0,39430,13900,4342.0,0.0,17548.0,43969,21300.0,16485.0,13915.0,0.0
32590,55271.0,5360,2388,0.0,0.0,4752.0,22766.0,90655.0,8070.0,8872.0,193252.0,10440.0,10226,0.0,0.0,17425.0,0.0,6485.0,24557.0,6290.0,9610.0,11801,3153.0,16700.0,0.0,10279,28016.0,0.0,10369.0,12086.0,39700,14223,4269.0,0.0,16969.0,45982,20933.0,16408.0,13237.0,0.0
32400,55011.0,5340,2357,0.0,0.0,4824.0,24401.0,89864.0,7691.0,8744.0,190099.0,10131.0,10142,0.0,0.0,17405.0,0.0,6435.0,24233.0,6838.0,9377.0,11650,3068.0,16445.0,0.0,10239,27773.0,0.0,10300.0,11878.0,40110,13759,4217.0,0.0,16750.0,44294,20835.0,16380.0,13150.0,0.0
31402,55000.0,4730,2399,0.0,0.0,4525.0,21879.0,91745.0,7063.0,8726.0,192841.0,10300.0,9990,0.0,0.0,17499.0,0.0,6405.0,24536.0,6555.0,9613.0,11775,2884.0,16450.0,0.0,10285,28242.0,0.0,10384.0,11817.0,36925,12300,4227.0,0.0,16974.0,43625,21000.0,16700.0,13100.0,0.0
31830,55278.0,4700,2355,0.0,0.0,4560.0,21350.0,92667.0,7050.0,8745.0,200025.0,10193.0,10025,0.0,0.0,17519.0,0.0,6464.0,24554.0,6121.0,9731.0,11759,2916.0,16600.0,0.0,10390,28464.0,0.0,10487.0,11730.0,36193,12841,4261.0,0.0,17120.0,44591,21069.0,16660.0,13387.0,0.0
31738,55401.0,5052,2378,0.0,0.0,4582.0,22770.0,92191.0,7150.0,9055.0,197869.0,10503.0,10067,0.0,0.0,17910.0,0.0,6514.0,24606.0,6461.0,9610.0,11799,2964.0,16900.0,0.0,10319,29231.0,0.0,10405.0,11830.0,38550,13500,4287.0,0.0,17366.0,45129,21391.0,16746.0,13216.0,0.0
31843,55665.0,5050,2384,0.0,0.0,4623.0,23150.0,91697.0,6900.0,8901.0,193367.0,10280.0,9969,0.0,0.0,17500.0,0.0,6409.0,24366.0,6392.0,9434.0,11650,2854.0,16800.0,0.0,10210,29464.0,0.0,10282.0,11527.0,38300,12583,4206.0,0.0,17000.0,44503,21870.0,16692.0,12805.0,0.0
31306,55794.0,5001,2333,0.0,0.0,4500.0,23898.0,91946.0,6577.0,8839.0,200161.0,10188.0,9848,0.0,0.0,17400.0,0.0,6200.0,24036.0,6454.0,9525.0,11636,2842.0,16670.0,0.0,10319,29276.0,0.0,10477.0,11598.0,38500,12574,4198.0,0.0,16950.0,44083,21400.0,16400.0,12668.0,0.0
30925,55114.0,5213,2294,0.0,0.0,4640.0,23711.0,95200.0,6795.0,8612.0,208059.0,10294.0,9848,0.0,0.0,16822.0,0.0,6220.0,23580.0,6694.0,9628.0,11647,3005.0,16800.0,0.0,10573,30310.0,0.0,10723.0,11600.0,40245,13715,4156.0,0.0,16881.0,45395,21300.0,16000.0,12620.0,0.0
30863,55248.0,5340,2325,0.0,0.0,4624.0,23910.0,94002.0,6800.0,8705.0,207734.0,10290.0,9608,0.0,0.0,16716.0,0.0,6138.0,23544.0,6698.0,9700.0,11445,3091.0,16621.0,0.0,10526,30170.0,0.0,10629.0,11875.0,39860,14365,4139.0,0.0,16665.0,45847,21125.0,16391.0,12706.0,0.0
30921,55547.0,5424,2345,0.0,0.0,4716.0,23500.0,95470.0,6808.0,8516.0,203866.0,10150.0,9846,0.0,0.0,16908.0,0.0,6266.0,23965.0,6699.0,9835.0,11675,3031.0,16559.0,0.0,10725,30134.0,0.0,10835.0,11845.0,40020,13908,4157.0,0.0,16919.0,46340,20886.0,16380.0,12743.0,0.0
30199,55203.0,4952,2341,0.0,0.0,4553.0,22329.0,94781.0,6600.0,8520.0,205643.0,10312.0,9848,0.0,0.0,17000.0,0.0,6190.0,24015.0,6293.0,9807.0,11533,2930.0,16594.0,0.0,10705,30003.0,0.0,10816.0,11771.0,38037,13213,4125.0,0.0,16850.0,45700,20953.0,16371.0,12500.0,0.0
31039,56617.0,5000,2363,0.0,0.0,4550.0,22398.0,94350.0,6667.0,8605.0,211051.0,10404.0,9690,0.0,0.0,17200.0,0.0,6181.0,24015.0,6164.0,9288.0,11844,2928.0,16407.0,0.0,10925,30744.0,0.0,10970.0,11710.0,37525,13734,4200.0,0.0,17510.0,45824,20572.0,16502.0,12839.0,0.0
31200,57296.0,4990,2386,0.0,0.0,4671.0,22675.0,93749.0,6718.0,8650.0,212255.0,10439.0,9707,0.0,0.0,18382.0,0.0,6176.0,24371.0,6172.0,9064.0,11957,2912.0,16551.0,0.0,10805,30266.0,0.0,10920.0,11898.0,38174,13620,4210.0,0.0,17565.0,45800,20500.0,16567.0,12747.0,0.0
31231,58348.0,4692,2357,0.0,0.0,4514.0,22104.0,95150.0,6582.0,8569.0,218287.0,10461.0,9539,0.0,0.0,18218.0,0.0,6226.0,24287.0,5950.0,9019.0,12141,2965.0,16238.0,0.0,10879,30647.0,0.0,11028.0,12003.0,37281,13899,4227.0,0.0,17695.0,46200,20578.0,16391.0,12810.0,0.0
31542,57635.0,4760,2408,0.0,0.0,4460.0,21087.0,96281.0,6733.0,8675.0,220354.0,10400.0,9735,0.0,0.0,18300.0,0.0,6355.0,24850.0,5501.0,9149.0,12295,3071.0,16237.0,0.0,11189,30912.0,0.0,11345.0,12246.0,37300,14187,4372.0,0.0,18015.0,47800,20100.0,16334.0,12950.0,0.0
31872,60120.0,4951,2389,0.0,0.0,4550.0,21562.0,95261.0,6761.0,8865.0,219854.0,10710.0,9988,0.0,0.0,18492.0,0.0,6350.0,24951.0,5609.0,9377.0,12552,3107.0,16571.0,0.0,11051,30787.0,0.0,11149.0,12200.0,39550,14390,4420.0,0.0,18392.0,48070,20795.0,16519.0,12621.0,0.0
32499,59000.0,4775,2397,0.0,0.0,4330.0,21550.0,96056.0,6625.0,8800.0,226850.0,10619.0,10390,0.0,0.0,18404.0,0.0,6489.0,25117.0,5600.0,9279.0,12496,3061.0,16752.0,0.0,10993,30978.0,0.0,11080.0,12273.0,37100,14069,4390.0,0.0,18200.0,47949,20545.0,16589.0,12584.0,0.0
32105,59177.0,4720,2383,0.0,0.0,4200.0,21365.0,96310.0,6625.0,8760.0,226816.0,10700.0,11855,0.0,0.0,18300.0,0.0,6455.0,24976.0,5500.0,9432.0,12515,3080.0,16833.0,0.0,10836,31105.0,30400.0,10938.0,12425.0,36800,14436,4324.0,0.0,17900.0,48700,20558.0,16564.0,12600.0,0.0
32200,59499.0,4500,2350,0.0,0.0,4110.0,21010.0,96990.0,6256.0,8320.0,231004.0,10770.0,12539,0.0,0.0,18450.0,0.0,6223.0,24310.0,5462.0,9291.0,12401,3018.0,16491.0,0.0,10611,30798.0,30260.0,10785.0,12021.0,35134,13969,4250.0,0.0,17700.0,47700,20233.0,16440.0,12250.0,0.0
31550,58847.0,4510,2415,0.0,0.0,4221.0,21442.0,94096.0,6126.0,8375.0,227849.0,11136.0,12920,0.0,0.0,19910.0,0.0,6358.0,24889.0,5644.0,9191.0,12573,2871.0,16601.0,0.0,10530,29904.0,29500.0,10617.0,12220.0,36300,13199,4348.0,0.0,18070.0,47391,20301.0,16795.0,12440.0,0.0
31147,59200.0,4500,2443,0.0,0.0,4200.0,21909.0,93601.0,6187.0,8503.0,227878.0,11100.0,13100,0.0,0.0,20010.0,0.0,6452.0,24792.0,5669.0,9231.0,12720,2885.0,16800.0,0.0,10333,29862.0,29350.0,10381.0,12253.0,36000,13304,4461.0,0.0,18350.0,46909,20454.0,16860.0,12524.0,0.0
32000,59600.0,4750,2500,0.0,0.0,4421.0,23614.0,93792.0,6320.0,8675.0,229448.0,11400.0,13450,0.0,0.0,20900.0,0.0,6447.0,25465.0,6180.0,9307.0,13010,2954.0,17600.0,0.0,10210,29567.0,28500.0,10195.0,12427.0,38559,13659,4560.0,0.0,18790.0,48500,21200.0,16788.0,12700.0,0.0
32070,60000.0,4662,2535,0.0,0.0,4276.0,23518.0,92851.0,6720.0,8478.0,229348.0,11300.0,13254,0.0,0.0,20385.0,0.0,6480.0,25765.0,6083.0,9224.0,12955,3105.0,17589.0,0.0,10224,29200.0,27125.0,10239.0,12530.0,39130,14795,4613.0,0.0,18732.0,43252,20674.0,16950.0,12795.0,0.0
32300,59201.0,4671,2521,0.0,0.0,4425.0,24097.0,92820.0,6633.0,8450.0,230647.0,11562.0,13490,0.0,0.0,21200.0,0.0,6710.0,25706.0,6251.0,9341.0,13033,3048.0,17599.0,0.0,10376,29407.0,27200.0,10393.0,12298.0,38887,14506,4640.0,0.0,18791.0,43200,21311.0,17050.0,12870.0,0.0
32094,57900.0,4940,2497,0.0,0.0,4424.0,24826.0,91471.0,6900.0,8380.0,228348.0,11707.0,13376,0.0,0.0,20874.0,0.0,6370.0,24750.0,6398.0,9484.0,12610,3125.0,17209.0,0.0,10251,29150.0,26190.0,10288.0,12345.0,40000,15043,4508.0,0.0,18490.0,44324,20500.0,17110.0,12899.0,0.0
35050,58577.0,4700,2499,0.0,0.0,4325.0,24911.0,91989.0,6865.0,8152.0,224852.0,11551.0,13400,0.0,0.0,20500.0,0.0,6300.0,24620.0,6426.0,9378.0,12360,2964.0,17004.0,0.0,10097,28980.0,25400.0,10122.0,12289.0,38781,14332,4490.0,0.0,18192.0,43260,20170.0,16870.0,12370.0,0.0
35250,58000.0,4564,2511,0.0,0.0,4280.0,25852.0,91300.0,6601.0,8121.0,225155.0,11529.0,13400,0.0,0.0,20530.0,0.0,6238.0,24595.0,6756.0,9180.0,12264,2904.0,16500.0,0.0,9971,28391.0,25684.0,9949.0,11973.0,37758,13979,4510.0,0.0,17968.0,42063,20070.0,16670.0,14000.0,0.0
35900,57500.0,4574,2468,0.0,0.0,4247.0,24859.0,89769.0,6590.0,8120.0,220364.0,11338.0,13277,0.0,0.0,19983.0,0.0,6191.0,24380.0,6441.0,9025.0,12055,2885.0,16250.0,0.0,9725,28050.0,25400.0,9750.0,11854.0,37386,13776,4460.0,0.0,17897.0,41713,19770.0,16630.0,14445.0,0.0
35157,55800.0,4526,2415,0.0,0.0,4074.0,24738.0,88276.0,6602.0,7932.0,213955.0,11335.0,13105,0.0,0.0,19400.0,0.0,5939.0,23794.0,6382.0,8929.0,11717,2798.0,15900.0,0.0,9584,27709.0,25000.0,9546.0,11696.0,35552,13121,4315.0,0.0,17524.0,40617,19210.0,16265.0,13692.0,0.0
35748,56995.0,4580,2455,0.0,0.0,4050.0,24371.0,89119.0,6842.0,7960.0,218391.0,11350.0,12810,0.0,0.0,19740.0,0.0,6096.0,24093.0,6220.0,9021.0,11873,2955.0,15800.0,0.0,9713,27999.0,26800.0,9733.0,11795.0,36900,13710,4340.0,0.0,17561.0,40994,19490.0,16391.0,13766.0,0.0
35748,56995.0,4580,2455,0.0,0.0,4050.0,24371.0,89119.0,6842.0,7960.0,218391.0,11350.0,12810,0.0,0.0,19740.0,0.0,6096.0,24093.0,6220.0,9021.0,11873,2955.0,15800.0,0.0,9713,27999.0,26800.0,9733.0,11795.0,36900,13710,4340.0,0.0,17561.0,40994,19490.0,16391.0,13766.0,0.0
35900,57000.0,4700,2463,0.0,0.0,4150.0,24240.0,89553.0,6701.0,7928.0,214952.0,11582.0,13250,0.0,0.0,19912.0,0.0,6155.0,24264.0,6312.0,9058.0,12145,3057.0,16200.0,0.0,9763,28021.0,26449.0,9864.0,11729.0,37407,13916,4425.0,0.0,17856.0,39682,19554.0,16330.0,14462.0,0.0
36053,58379.0,4591,2430,0.0,0.0,4088.0,23380.0,91975.0,6600.0,8200.0,220853.0,11908.0,13520,0.0,0.0,20098.0,0.0,6189.0,24900.0,6111.0,9210.0,12350,3178.0,16400.0,0.0,10019,28790.0,26510.0,10126.0,12194.0,37900,14451,4474.0,0.0,18367.0,40949,19759.0,16264.0,14426.0,0.0
36400,59044.0,4487,2464,0.0,0.0,4170.0,23200.0,92009.0,6652.0,8199.0,218256.0,11890.0,13460,0.0,0.0,20144.0,0.0,6234.0,25100.0,6035.0,9076.0,12536,3161.0,16594.0,0.0,10196,28791.0,26910.0,10200.0,12295.0,36000,14170,4477.0,0.0,18444.0,40900,19999.0,16275.0,14788.0,0.0
36125,59560.0,4500,2495,0.0,0.0,4010.0,22898.0,92119.0,6677.0,8170.0,223047.0,11827.0,13599,0.0,0.0,21022.0,0.0,6342.0,25694.0,5986.0,9123.0,12848,3229.0,16603.0,0.0,10375,28988.0,28205.0,10349.0,12425.0,35317,14501,4620.0,0.0,19000.0,40717,20475.0,16442.0,14803.0,0.0
36015,59900.0,4613,2472,0.0,0.0,4090.0,23243.0,91278.0,6900.0,8520.0,222852.0,12000.0,13912,0.0,0.0,21050.0,0.0,6271.0,25759.0,6069.0,9035.0,12997,3262.0,17032.0,0.0,10310,28970.0,28200.0,10349.0,12523.0,35745,14753,4620.0,0.0,19264.0,40651,20519.0,16642.0,14799.0,0.0
35600,58000.0,4455,2452,0.0,0.0,4014.0,25549.0,90297.0,6450.0,8364.0,216357.0,11767.0,13850,0.0,0.0,20230.0,0.0,6056.0,25150.0,6834.0,8733.0,12605,2893.0,16587.0,0.0,9360,27425.0,26250.0,9350.0,11938.0,35300,13572,4434.0,0.0,18600.0,39647,20190.0,16433.0,13920.0,0.0
34500,55560.0,4450,2399,0.0,0.0,4064.0,26966.0,91224.0,6160.0,8025.0,209961.0,11557.0,13101,0.0,0.0,19201.0,0.0,5720.0,24289.0,6958.0,8421.0,12050,2766.0,16176.0,0.0,8456,26000.0,24050.0,8548.0,11375.0,34664,12786,4255.0,0.0,17789.0,39010,19365.0,16210.0,13250.0,0.0
35300,57129.0,4420,2480,0.0,0.0,4140.0,26207.0,92350.0,6457.0,8242.0,212459.0,11600.0,13391,0.0,0.0,19923.0,0.0,5875.0,24952.0,6840.0,8672.0,12409,2828.0,16420.0,0.0,9033,26342.0,25600.0,8981.0,11721.0,34800,13044,4367.0,0.0,18387.0,39298,20155.0,16240.0,13900.0,0.0
36000,58000.0,4664,2547,0.0,0.0,4099.0,26863.0,93303.0,6369.0,8300.0,218955.0,11850.0,13400,0.0,0.0,20393.0,0.0,5929.0,25226.0,7136.0,8526.0,12650,2922.0,16588.0,0.0,9004,26882.0,26800.0,8969.0,12057.0,35967,13855,4427.0,0.0,18649.0,39470,20370.0,16524.0,14409.0,0.0
36228,59500.0,4720,2568,0.0,0.0,4300.0,26759.0,93424.0,6746.0,8402.0,223851.0,12270.0,13869,0.0,0.0,20625.0,0.0,6036.0,25466.0,7127.0,8473.0,12780,2969.0,16632.0,0.0,9015,26798.0,27600.0,8999.0,12250.0,36727,14100,4484.0,0.0,18640.0,39717,20200.0,16790.0,14292.0,0.0
37326,58902.0,5159,2538,0.0,0.0,4693.0,27462.0,93933.0,7044.0,8180.0,221953.0,12230.0,13710,0.0,0.0,21271.0,0.0,6067.0,25072.0,7470.0,8563.0,12800,3020.0,16673.0,0.0,8908,27470.0,28599.0,8990.0,12344.0,39000,14546,4426.0,0.0,18610.0,40244,20126.0,16634.0,14224.0,0.0
37800,58200.0,5279,2557,0.0,0.0,4699.0,28581.0,95103.0,7200.0,8037.0,221701.0,12294.0,13800,0.0,0.0,20828.0,0.0,6010.0,25009.0,7852.0,8490.0,12627,3162.0,16707.0,0.0,8776,27042.0,28465.0,8798.0,12100.0,39700,14891,4368.0,0.0,18704.0,40071,20002.0,16757.0,14442.0,0.0
37231,57050.0,5241,2549,0.0,0.0,4676.0,28373.0,96411.0,6899.0,7955.0,216357.0,12000.0,13500,0.0,0.0,20200.0,0.0,5896.0,24500.0,7730.0,8459.0,12377,3050.0,16520.0,0.0,8500,26475.0,27640.0,8484.0,11920.0,39700,14256,4323.0,0.0,18379.0,39020,19798.0,16741.0,14315.0,0.0
36850,56270.0,5215,2526,0.0,0.0,4600.0,30307.0,93700.0,6658.0,7751.0,211160.0,12079.0,13204,0.0,0.0,20559.0,0.0,5674.0,23750.0,8126.0,8269.0,12002,3033.0,16174.0,0.0,8247,26010.0,26250.0,8198.0,11734.0,39963,13850,4223.0,0.0,17954.0,38636,19300.0,16700.0,13924.0,0.0
38062,56630.0,5155,2523,0.0,0.0,4669.0,29386.0,93675.0,7012.0,7811.0,210271.0,12420.0,13485,0.0,0.0,21010.0,0.0,5760.0,24250.0,7851.0,8375.0,12177,3177.0,16304.0,0.0,8425,25971.0,25800.0,8371.0,11638.0,39065,14474,4365.0,0.0,18032.0,38502,19529.0,16995.0,13905.0,0.0
37695,57600.0,5090,2560,0.0,0.0,4467.0,29847.0,92595.0,7134.0,8002.0,214358.0,12500.0,13447,0.0,0.0,21000.0,0.0,5860.0,24771.0,8100.0,8242.0,12410,3130.0,16365.0,0.0,8440,26009.0,25109.0,8401.0,11897.0,38920,14010,4417.0,0.0,18379.0,38463,19501.0,17010.0,14072.0,0.0
38500,58301.0,5152,2640,0.0,0.0,4613.0,30923.0,92199.0,7496.0,8200.0,218363.0,12650.0,13740,0.0,0.0,20900.0,0.0,6024.0,24706.0,8388.0,8315.0,12899,3317.0,16584.0,0.0,8620,26453.0,25000.0,8523.0,12050.0,39697,15094,4525.0,0.0,19000.0,39871,20204.0,16995.0,13968.0,0.0
38500,59255.0,5080,2679,0.0,0.0,4536.0,30341.0,91151.0,7985.0,8250.0,221353.0,12500.0,13900,0.0,0.0,21040.0,0.0,6225.0,24975.0,8250.0,8409.0,12917,3517.0,16964.0,0.0,8723,26500.0,25098.0,8641.0,12200.0,38352,15699,4651.0,0.0,19249.0,39898,20153.0,16890.0,13950.0,0.0
38050,58783.0,5236,2630,0.0,0.0,4674.0,29900.0,92239.0,8239.0,8290.0,222290.0,12335.0,14152,0.0,0.0,20900.0,0.0,6188.0,24990.0,8400.0,8538.0,12918,3580.0,17100.0,0.0,8848,26862.0,25851.0,8785.0,12014.0,38600,15534,4641.0,0.0,19000.0,39650,20261.0,16902.0,14044.0,0.0
37499,60000.0,5230,2660,0.0,0.0,4694.0,29904.0,90498.0,8420.0,8232.0,221852.0,12495.0,14372,0.0,0.0,21341.0,0.0,6140.0,25162.0,8412.0,8669.0,12978,3550.0,17045.0,0.0,8732,26831.0,26000.0,8727.0,11930.0,39930,16011,4650.0,0.0,19110.0,39638,19851.0,16981.0,14097.0,0.0
37852,61079.0,5436,2625,0.0,0.0,4631.0,30408.0,91237.0,8300.0,8450.0,224251.0,12663.0,14790,0.0,0.0,21679.0,0.0,6250.0,25521.0,8490.0,8420.0,13258,3524.0,17515.0,0.0,8650,27000.0,25892.0,8542.0,12145.0,40000,15846,4676.0,0.0,19350.0,39756,20323.0,16965.0,14371.0,0.0
37490,62900.0,5387,2640,0.0,0.0,4571.0,29906.0,90968.0,8105.0,8440.0,225138.0,12250.0,14776,0.0,0.0,21744.0,0.0,6286.0,25549.0,8462.0,8447.0,13281,3534.0,17676.0,0.0,8729,27135.0,26425.0,8649.0,12300.0,39710,15737,4702.0,0.0,19244.0,39930,20258.0,17051.0,14168.0,0.0
37446,62070.0,5400,2635,0.0,0.0,4715.0,30500.0,90548.0,8250.0,8437.0,225351.0,12410.0,14720,0.0,0.0,21662.0,0.0,6321.0,25496.0,8670.0,8264.0,13458,3399.0,17511.0,0.0,8636,27201.0,25700.0,8577.0,12100.0,39990,15399,4774.0,0.0,19548.0,40088,20234.0,17089.0,14200.0,0.0
38056,61755.0,5000,2635,0.0,0.0,4611.0,29302.0,90548.0,8107.0,8579.0,226669.0,12725.0,14693,0.0,0.0,21998.0,0.0,6406.0,26050.0,8349.0,8298.0,13675,3319.0,19498.0,0.0,8764,27185.0,26000.0,8660.0,12400.0,36700,14384,4822.0,0.0,19640.0,39997,20971.0,17000.0,14092.0,0.0
37654,61755.0,5230,2650,0.0,0.0,4750.0,29507.0,89877.0,8539.0,8650.0,222552.0,12490.0,15050,0.0,0.0,22000.0,0.0,6447.0,25901.0,8361.0,8299.0,13739,3452.0,19258.0,0.0,8664,27299.0,26374.0,8640.0,12593.0,39011,14929,4824.0,0.0,19900.0,40095,20700.0,16620.0,14488.0,0.0
37702,61443.0,5175,2644,0.0,0.0,4711.0,30394.0,90353.0,8645.0,8627.0,223505.0,12400.0,15493,0.0,0.0,21934.0,0.0,6570.0,26055.0,8378.0,8298.0,13690,3446.0,19949.0,0.0,8725,27544.0,26915.0,8656.0,12642.0,38918,14430,4830.0,0.0,19917.0,40050,20726.0,16400.0,14581.0,0.0
38250,61508.0,5200,2660,0.0,0.0,4710.0,28890.0,90450.0,8532.0,8992.0,224395.0,12775.0,15644,0.0,0.0,22259.0,0.0,6662.0,26374.0,7980.0,8339.0,13855,3462.0,19934.0,0.0,8776,27718.0,27314.0,8700.0,12687.0,38752,14555,4875.0,0.0,20200.0,39700,21141.0,16450.0,14802.0,0.0
38474,61500.0,5399,2663,0.0,0.0,4785.0,30167.0,90158.0,8600.0,9000.0,226344.0,12750.0,15700,0.0,0.0,22493.0,0.0,6650.0,26430.0,8251.0,8215.0,13900,3509.0,19860.0,0.0,8851,28907.0,27495.0,8721.0,12950.0,40916,14822,4865.0,0.0,20166.0,39252,21697.0,16385.0,14760.0,0.0
38341,60994.0,5660,2680,0.0,0.0,5041.0,30396.0,88978.0,8640.0,9182.0,227704.0,12500.0,15900,0.0,0.0,22550.0,0.0,6741.0,26527.0,8622.0,8497.0,13969,3538.0,20350.0,0.0,8606,28580.0,27090.0,8516.0,12948.0,42629,14924,4939.0,0.0,20165.0,39564,21509.0,16280.0,14405.0,0.0
38240,60960.0,6025,2660,0.0,0.0,5183.0,30596.0,88828.0,8549.0,8980.0,223858.0,12378.0,15721,0.0,0.0,22599.0,0.0,6597.0,26175.0,8829.0,8420.0,13784,3488.0,20204.0,0.0,8496,28400.0,27010.0,8396.0,12733.0,44070,15708,4869.0,0.0,19625.0,38719,20996.0,16168.0,13955.0,0.0
37500,61550.0,6100,2635,0.0,0.0,5138.0,30313.0,88220.0,8300.0,8943.0,217834.0,12426.0,15950,0.0,0.0,22890.0,0.0,6540.0,26020.0,8573.0,8479.0,13855,3435.0,20330.0,0.0,8365,28015.0,25902.0,8268.0,12499.0,44000,15301,4859.0,0.0,19900.0,36874,20708.0,16093.0,14028.0,0.0
37749,62908.0,6318,2652,0.0,0.0,5250.0,30807.0,88100.0,8399.0,9100.0,216823.0,12612.0,16166,0.0,0.0,22755.0,0.0,6875.0,25791.0,8800.0,8355.0,14407,3452.0,20400.0,0.0,8237,28100.0,27049.0,8267.0,12693.0,45305,15570,5016.0,0.0,21230.0,36438,20521.0,16050.0,13823.0,0.0
36960,61700.0,6350,2640,0.0,0.0,5260.0,31700.0,88874.0,8290.0,8757.0,213433.0,12482.0,15824,0.0,0.0,21958.0,0.0,6661.0,25100.0,9100.0,8146.0,14000,3430.0,20200.0,0.0,8281,28373.0,27000.0,8270.0,12386.0,45997,15562,4868.0,0.0,20830.0,36732,20555.0,15886.0,13253.0,0.0
36960,61700.0,6350,2640,0.0,0.0,5260.0,31700.0,88874.0,8290.0,8757.0,213433.0,12482.0,15824,0.0,0.0,21958.0,0.0,6661.0,25100.0,9100.0,8146.0,14000,3430.0,20200.0,0.0,8281,28373.0,27000.0,8270.0,12386.0,45997,15562,4868.0,0.0,20830.0,36732,20555.0,15886.0,13253.0,0.0
37758,61897.0,6714,2645,0.0,0.0,5269.0,31271.0,86576.0,8379.0,8905.0,213374.0,12490.0,16075,0.0,0.0,22701.0,0.0,6688.0,25642.0,8900.0,8085.0,14452,3398.0,20390.0,0.0,8300,27987.0,25950.0,8320.0,12442.0,46200,15339,4851.0,0.0,21370.0,37197,20700.0,15944.0,13355.0,0.0
37676,61943.0,6495,2640,0.0,0.0,5129.0,29906.0,86850.0,8227.0,8920.0,211969.0,12510.0,16184,0.0,0.0,22850.0,0.0,6680.0,25684.0,8701.0,8108.0,14492,3438.0,20588.0,0.0,8285,28157.0,25100.0,8357.0,12301.0,44400,15416,4890.0,0.0,21105.0,36338,20600.0,15825.0,12982.0,0.0
37825,62400.0,6500,2648,0.0,0.0,5128.0,29899.0,84497.0,8200.0,9013.0,213605.0,12548.0,16427,0.0,0.0,23276.0,0.0,6835.0,25935.0,8562.0,7954.0,14817,3464.0,20650.0,0.0,8343,28079.0,24715.0,8359.0,12714.0,45290,15568,5007.0,0.0,21270.0,37533,21078.0,15823.0,12746.0,0.0
37825,62400.0,6500,2648,0.0,0.0,5128.0,29899.0,84497.0,8200.0,9013.0,213605.0,12548.0,16427,0.0,0.0,23276.0,0.0,6835.0,25935.0,8562.0,7954.0,14817,3464.0,20650.0,0.0,8343,28079.0,24715.0,8359.0,12714.0,45290,15568,5007.0,0.0,21270.0,37533,21078.0,15823.0,12746.0,0.0
38072,62021.0,6747,2700,0.0,0.0,5335.0,29553.0,83638.0,8148.0,9171.0,212859.0,12730.0,16890,0.0,0.0,23860.0,0.0,6801.0,25845.0,8670.0,8010.0,15056,3389.0,20827.0,0.0,8450,27688.0,24488.0,8453.0,12451.0,46968,15249,4930.0,0.0,21650.0,37300,21103.0,15680.0,12417.0,0.0
38000,62700.0,6965,2725,0.0,0.0,5325.0,29947.0,85203.0,8090.0,9405.0,213858.0,12680.0,16640,0.0,0.0,23933.0,0.0,6769.0,26228.0,8735.0,8067.0,15000,3420.0,20700.0,0.0,8398,27685.0,24000.0,8355.0,12482.0,47500,15155,5009.0,0.0,21550.0,37733,21161.0,15728.0,12620.0,0.0
38000,63525.0,6732,2750,0.0,0.0,5300.0,29825.0,86472.0,8153.0,9410.0,212359.0,12733.0,16529,0.0,0.0,23973.0,0.0,6970.0,27026.0,8674.0,8319.0,15150,3407.0,20870.0,0.0,8634,28134.0,25162.0,8650.0,12750.0,47000,15009,5040.0,0.0,22501.0,38400,21305.0,16100.0,13020.0,0.0
37557,64500.0,6477,2735,0.0,0.0,5212.0,28344.0,84992.0,8165.0,9335.0,213718.0,12733.0,16558,0.0,0.0,23825.0,0.0,6979.0,26496.0,8609.0,8232.0,15010,3292.0,20674.0,0.0,8502,27722.0,24554.0,8538.0,12649.0,45224,15000,5008.0,0.0,22500.0,37823,21015.0,15997.0,13000.0,0.0
37283,63311.0,6430,2734,0.0,0.0,5100.0,26624.0,85736.0,8345.0,9129.0,213358.0,12701.0,15983,0.0,0.0,23410.0,0.0,6901.0,26301.0,8390.0,8342.0,14651,3414.0,20675.0,0.0,8625,27998.0,24787.0,8700.0,12625.0,46613,15471,4989.0,0.0,22192.0,37510,20790.0,15815.0,12910.0,0.0
36659,61800.0,6248,2730,0.0,0.0,4952.0,25929.0,85168.0,8181.0,9087.0,222852.0,12929.0,15722,0.0,0.0,23075.0,0.0,6684.0,26245.0,8386.0,8253.0,14262,3358.0,20225.0,0.0,8570,27601.0,24323.0,8600.0,12220.0,44294,15098,4910.0,0.0,21931.0,37005,20690.0,15650.0,12781.0,0.0
37092,62100.0,6500,2754,0.0,0.0,4950.0,26190.0,84658.0,8146.0,9115.0,226650.0,13050.0,15569,0.0,0.0,22905.0,0.0,6688.0,26556.0,8568.0,8379.0,15300,3448.0,20456.0,0.0,8740,27851.0,26007.0,8700.0,12500.0,44790,15448,5035.0,0.0,22751.0,37749,20680.0,15601.0,12659.0,0.0
36565,60752.0,6328,2750,0.0,0.0,4849.0,26100.0,85372.0,7979.0,8921.0,227629.0,12759.0,15657,0.0,0.0,22469.0,0.0,6570.0,26347.0,8555.0,8343.0,15004,3336.0,20200.0,0.0,8671,27771.0,25200.0,8750.0,12250.0,43697,15290,5022.0,0.0,22653.0,38200,20744.0,15580.0,12542.0,0.0
36342,60800.0,6181,2749,0.0,0.0,4770.0,25132.0,87106.0,7956.0,8830.0,233345.0,12883.0,15718,0.0,0.0,22500.0,0.0,6588.0,26119.0,8400.0,8330.0,14983,3263.0,19898.0,0.0,8692,28219.0,25455.0,8782.0,12253.0,41500,14831,4986.0,0.0,22260.0,37357,20700.0,15498.0,12500.0,0.0
36226,60780.0,5950,2744,0.0,0.0,4718.0,24775.0,86510.0,7986.0,8828.0,232339.0,12762.0,15718,0.0,0.0,22842.0,0.0,6575.0,25954.0,8190.0,8337.0,14889,3360.0,19853.0,0.0,8678,28554.0,25281.0,8766.0,12200.0,39840,15500,4946.0,0.0,22233.0,37450,20775.0,15464.0,12634.0,0.0
35745,58500.0,6000,2612,0.0,0.0,4850.0,25841.0,90077.0,8063.0,8550.0,240015.0,12476.0,15202,0.0,0.0,22000.0,0.0,6400.0,25623.0,8278.0,8647.0,14060,3406.0,19900.0,0.0,8524,29285.0,26500.0,8649.0,11970.0,40402,15810,4675.0,0.0,21300.0,38205,19650.0,15400.0,12430.0,0.0
35994,59000.0,6047,2610,0.0,0.0,4773.0,25572.0,90720.0,8200.0,8701.0,237969.0,12670.0,15216,0.0,0.0,21627.0,0.0,6391.0,25642.0,8399.0,8710.0,13834,3331.0,19500.0,0.0,8682,29592.0,26950.0,8764.0,12125.0,41080,15656,4652.0,0.0,21505.0,37600,19371.0,15342.0,12128.0,0.0
36196,59954.0,6060,2590,0.0,0.0,4835.0,25700.0,89400.0,8040.0,8475.0,238542.0,12625.0,15369,0.0,0.0,22000.0,0.0,6522.0,25678.0,8450.0,8625.0,14000,3420.0,19500.0,0.0,8595,29500.0,26509.0,8657.0,12181.0,41609,15927,4660.0,0.0,21614.0,37987,19698.0,15478.0,12150.0,0.0
35612,59426.0,6183,2550,0.0,0.0,4870.0,25308.0,90286.0,7852.0,8360.0,243003.0,12400.0,15310,0.0,0.0,21900.0,0.0,6439.0,25335.0,8145.0,8549.0,13796,3410.0,19499.0,0.0,8527,29857.0,27050.0,8622.0,12155.0,42000,15888,4599.0,0.0,21480.0,37956,19700.0,15569.0,12125.0,0.0
35748,59175.0,6080,2550,0.0,0.0,4901.0,24700.0,90028.0,7943.0,8253.0,242839.0,12510.0,15363,0.0,0.0,21950.0,0.0,6355.0,25371.0,7790.0,8550.0,13561,3341.0,19390.0,0.0,8505,29804.0,26900.0,8614.0,12225.0,40738,15539,4499.0,0.0,21000.0,37706,19728.0,15450.0,11998.0,0.0
35200,58258.0,5646,2543,0.0,0.0,4850.0,23978.0,91173.0,7523.0,8064.0,240441.0,12110.0,15200,0.0,0.0,18447.0,0.0,6248.0,25171.0,7511.0,8516.0,13314,3318.0,18850.0,0.0,8584,29920.0,27000.0,8650.0,11984.0,39531,14950,4407.0,0.0,20652.0,37016,19200.0,15293.0,12020.0,0.0
34650,58000.0,6184,2490,0.0,0.0,4920.0,24228.0,91560.0,7830.0,7950.0,242039.0,11800.0,15234,0.0,0.0,16850.0,0.0,6252.0,25075.0,7697.0,8508.0,13023,3430.0,18444.0,0.0,8602,29947.0,27087.0,8690.0,12025.0,39892,15127,4347.0,0.0,20385.0,36400,18950.0,15320.0,11925.0,0.0
35500,60194.0,6610,2525,0.0,0.0,4950.0,24175.0,93338.0,7895.0,8125.0,248935.0,12079.0,15770,0.0,0.0,16695.0,0.0,6439.0,25997.0,7700.0,8606.0,13566,3484.0,18991.0,0.0,8700,30000.0,27800.0,8791.0,12374.0,41915,15474,4440.0,0.0,21342.0,37209,19126.0,15440.0,12150.0,0.0
35600,60164.0,6704,2525,0.0,0.0,4969.0,23939.0,92048.0,7937.0,8110.0,251823.0,12038.0,15789,0.0,0.0,16301.0,0.0,6451.0,25731.0,7900.0,8700.0,13722,3485.0,18949.0,0.0,8725,29980.0,28000.0,8825.0,12625.0,40097,15619,4553.0,0.0,21482.0,37491,19242.0,15520.0,12260.0,0.0
36292,60988.0,6950,2613,0.0,0.0,5042.0,24453.0,90166.0,7995.0,8250.0,252554.0,12400.0,15933,0.0,0.0,16650.0,0.0,6590.0,25998.0,7895.0,8615.0,13890,3464.0,19197.0,0.0,8760,30130.0,28000.0,8827.0,12672.0,41123,15662,4680.0,0.0,21900.0,36953,19365.0,15580.0,12074.0,0.0
36177,60632.0,6870,2604,0.0,0.0,5080.0,24315.0,90531.0,7988.0,8290.0,252832.0,12780.0,15975,0.0,0.0,16294.0,0.0,6687.0,25815.0,7769.0,8635.0,13976,3492.0,18822.0,0.0,8784,30300.0,28210.0,8824.0,12430.0,41078,15723,4712.0,0.0,21269.0,37050,19175.0,15527.0,11848.0,0.0
34083,59605.0,6952,2575,0.0,0.0,5000.0,24664.0,89400.0,7860.0,8361.0,252333.0,12582.0,15820,0.0,0.0,15856.0,0.0,6515.0,25590.0,7919.0,8632.0,14090,3479.0,19000.0,0.0,8783,29660.0,27995.0,8828.0,12200.0,41760,15910,4720.0,0.0,21650.0,36291,19073.0,15401.0,11681.0,0.0
32900,60841.0,6787,2554,0.0,0.0,5000.0,23960.0,89496.0,7653.0,8140.0,249035.0,12730.0,15550,0.0,0.0,15915.0,0.0,6491.0,25705.0,7527.0,8734.0,13966,3505.0,18600.0,0.0,8900,30156.0,28292.0,8985.0,11738.0,41243,16139,4682.0,0.0,21330.0,37030,19000.0,15318.0,11670.0,0.0
33548,59800.0,6515,2515,0.0,0.0,4971.0,23375.0,90214.0,7600.0,8053.0,245083.0,12620.0,15210,0.0,0.0,15701.0,0.0,6250.0,25203.0,7251.0,8730.0,13760,3462.0,18496.0,0.0,8706,30085.0,28100.0,8800.0,11750.0,40545,15722,4610.0,0.0,21154.0,37075,18868.0,15288.0,11566.0,0.0
33600,60128.0,6581,2520,0.0,0.0,4977.0,22700.0,90198.0,7447.0,8351.0,244738.0,12600.0,15148,0.0,0.0,15930.0,0.0,6340.0,25209.0,7294.0,8865.0,14109,3396.0,18400.0,0.0,8820,29998.0,28200.0,8887.0,11608.0,40249,15119,4754.0,0.0,21321.0,37620,18857.0,15405.0,11900.0,0.0
34007,60800.0,6577,2530,0.0,0.0,4975.0,22673.0,88750.0,7286.0,8000.0,245312.0,12666.0,15294,0.0,0.0,15032.0,0.0,6238.0,25014.0,7155.0,8469.0,13642,3460.0,18317.0,0.0,8739,29950.0,27780.0,8799.0,11686.0,39550,15200,4725.0,0.0,21165.0,38650,18952.0,15585.0,12110.0,0.0
33826,60277.0,6500,2532,0.0,0.0,4955.0,22183.0,88135.0,7272.0,7900.0,245737.0,12700.0,15150,0.0,0.0,14623.0,0.0,6308.0,24900.0,7032.0,8226.0,13680,3410.0,18577.0,0.0,8745,29600.0,27647.0,8850.0,11733.0,38400,15091,4715.0,0.0,21140.0,37946,18711.0,15693.0,12150.0,0.0
32239,60435.0,6240,2510,0.0,0.0,4834.0,21664.0,87747.0,7383.0,7900.0,245437.0,12713.0,15045,0.0,0.0,14700.0,0.0,6295.0,24373.0,6758.0,8123.0,13528,3500.0,18043.0,0.0,8531,29470.0,27100.0,8585.0,11759.0,37067,15278,4686.0,0.0,21483.0,37530,18963.0,15956.0,12115.0,0.0
32708,61135.0,6436,2571,0.0,0.0,4867.0,21442.0,86900.0,7574.0,8080.0,244702.0,12712.0,15200,0.0,0.0,14812.0,0.0,6370.0,24350.0,6824.0,8101.0,14050,3590.0,18813.0,0.0,8445,29399.0,26742.0,8459.0,11955.0,38298,15701,4797.0,0.0,22050.0,37700,18857.0,15891.0,12375.0,0.0
32568,60800.0,6391,2542,0.0,0.0,4695.0,20975.0,86227.0,7600.0,7985.0,236889.0,12602.0,15300,0.0,0.0,15022.0,0.0,6381.0,24651.0,6652.0,8267.0,13885,3554.0,18762.0,0.0,8298,28870.0,25750.0,8298.0,11997.0,37290,15400,4751.0,0.0,21951.0,36778,19000.0,15720.0,12366.0,0.0
32280,60105.0,6472,2415,0.0,0.0,4896.0,21904.0,85380.0,7702.0,7762.0,229702.0,12625.0,14953,0.0,0.0,15118.0,0.0,6380.0,24600.0,6814.0,8016.0,13774,3535.0,18311.0,0.0,8322,28638.0,25284.0,8295.0,11473.0,37733,15800,4770.0,0.0,21800.0,36256,19029.0,15585.0,12293.0,0.0
32200,62798.0,6877,2514,0.0,0.0,4945.0,23066.0,86726.0,7900.0,8069.0,234045.0,12602.0,15662,0.0,0.0,15370.0,0.0,6417.0,24853.0,7002.0,8346.0,14313,3780.0,19070.0,0.0,8542,29100.0,26445.0,8536.0,11600.0,38400,16291,4838.0,0.0,22450.0,37370,19350.0,15712.0,12600.0,0.0
32200,62087.0,6750,2523,0.0,0.0,4970.0,22708.0,87451.0,7707.0,8035.0,234844.0,12600.0,15723,0.0,0.0,15540.0,0.0,6449.0,24836.0,6910.0,8335.0,14445,3748.0,19110.0,0.0,8463,29239.0,26000.0,8417.0,11700.0,38350,16808,4880.0,0.0,22325.0,37182,19175.0,15785.0,12550.0,0.0
31131,60431.0,6806,2525,0.0,0.0,4959.0,22175.0,86295.0,7800.0,7990.0,232202.0,12625.0,15744,0.0,0.0,15385.0,0.0,6431.0,24329.0,6850.0,8354.0,14240,3711.0,18964.0,0.0,8434,28799.0,25625.0,8370.0,11549.0,37434,16385,4771.0,0.0,22100.0,36966,18805.0,15730.0,12400.0,0.0
31303,60900.0,6587,2488,0.0,0.0,4887.0,21940.0,85903.0,7637.0,7895.0,229848.0,12527.0,15575,0.0,0.0,15178.0,0.0,6261.0,24172.0,6687.0,8138.0,14100,3644.0,18801.0,0.0,8248,28458.0,25800.0,8210.0,11302.0,37084,16000,4721.0,0.0,22093.0,36368,18903.0,15672.0,11977.0,0.0
31687,62050.0,6848,2531,0.0,0.0,4949.0,21630.0,87499.0,7994.0,7834.0,237443.0,12680.0,15942,0.0,0.0,15340.0,0.0,6325.0,23804.0,6671.0,8340.0,14241,3725.0,19625.0,0.0,8481,28949.0,26150.0,8405.0,11580.0,38357,16430,4740.0,0.0,22234.0,35871,19047.0,15736.0,11900.0,0.0
31100,64726.0,6889,2522,0.0,0.0,5001.0,22255.0,89216.0,8312.0,7900.0,241283.0,12830.0,16305,0.0,0.0,15457.0,0.0,6414.0,23874.0,6590.0,8464.0,14608,3900.0,19592.0,0.0,8648,29138.0,26598.0,8590.0,11611.0,39100,17304,4772.0,0.0,22700.0,37932,19370.0,15800.0,12100.0,0.0
31000,64237.0,6950,2531,0.0,0.0,5189.0,22174.0,87759.0,8461.0,7729.0,237365.0,12713.0,16158,0.0,0.0,15175.0,0.0,6380.0,22956.0,6700.0,8332.0,14067,3780.0,19139.0,0.0,8437,28850.0,25915.0,8380.0,11300.0,38644,17141,4750.0,0.0,22235.0,37600,19222.0,15414.0,11746.0,0.0
31448,64800.0,6842,2513,0.0,0.0,5164.0,21549.0,86998.0,8600.0,7729.0,232677.0,12660.0,15991,0.0,0.0,15351.0,0.0,6301.0,23600.0,6610.0,8278.0,14197,3793.0,19300.0,0.0,8490,28831.0,25548.0,8450.0,11088.0,37795,17364,4701.0,0.0,22123.0,37400,19200.0,15343.0,11517.0,0.0
30900,66100.0,6556,2558,0.0,0.0,4962.0,19948.0,88261.0,8699.0,7800.0,234643.0,12855.0,16388,0.0,0.0,15848.0,0.0,6425.0,24121.0,6329.0,8407.0,14500,3850.0,19389.0,0.0,8600,29375.0,25813.0,8600.0,11222.0,35600,17300,4755.0,0.0,22650.0,37650,19350.0,15251.0,11685.0,0.0
30450,66595.0,6398,2522,0.0,0.0,4850.0,19100.0,85490.0,9133.0,7800.0,235344.0,12700.0,16440,0.0,0.0,15765.0,0.0,6434.0,23050.0,5991.0,8470.0,14572,3757.0,19350.0,0.0,8600,29084.0,25900.0,8588.0,11161.0,35107,17620,4640.0,0.0,22348.0,38169,19386.0,15130.0,11730.0,0.0
30250,67530.0,6270,2526,0.0,0.0,4744.0,18793.0,85221.0,9390.0,7738.0,232760.0,12604.0,16433,0.0,0.0,15400.0,0.0,6411.0,22762.0,5805.0,8446.0,14516,3785.0,18800.0,0.0,8579,29354.0,25194.0,8600.0,11187.0,35420,17696,4624.0,0.0,22584.0,38832,19139.0,15025.0,11450.0,0.0
30107,68150.0,6136,2516,0.0,0.0,4600.0,18807.0,83999.0,9815.0,7781.0,234096.0,12427.0,16581,0.0,0.0,15332.0,0.0,6435.0,22783.0,5893.0,8433.0,14646,3866.0,19100.0,0.0,8535,28850.0,25500.0,8475.0,11255.0,34361,17654,4713.0,0.0,22615.0,39427,19200.0,14880.0,11537.0,0.0
30504,67808.0,6130,2521,0.0,0.0,4632.0,18450.0,82996.0,10500.0,7875.0,232479.0,12299.0,16550,0.0,0.0,15621.0,0.0,6425.0,22766.0,5762.0,8589.0,14525,3887.0,18821.0,0.0,8445,28735.0,25627.0,8444.0,11175.0,34250,17749,4722.0,0.0,22670.0,40000,19202.0,14780.0,11318.0,0.0
30551,66381.0,6200,2465,0.0,0.0,4830.0,18763.0,85640.0,11105.0,7700.0,233069.0,11957.0,16290,0.0,0.0,15300.0,0.0,6387.0,22390.0,5786.0,9164.0,14000,3951.0,18750.0,0.0,8561,29200.0,25996.0,8582.0,10975.0,34000,18270,4534.0,0.0,21663.0,41011,19196.0,14739.0,11375.0,0.0
30915,66602.0,6048,2455,0.0,0.0,4859.0,18714.0,84136.0,11201.0,7775.0,230106.0,12011.0,16457,0.0,0.0,15203.0,0.0,6422.0,22298.0,5700.0,9177.0,14043,4040.0,18800.0,0.0,8435,28700.0,25510.0,8475.0,10926.0,34478,18036,4553.0,0.0,21870.0,40700,19100.0,14766.0,11350.0,0.0
30450,65397.0,5764,2420,0.0,0.0,5100.0,19248.0,84645.0,10036.0,7654.0,219060.0,11890.0,16150,0.0,0.0,15100.0,0.0,6234.0,21722.0,5978.0,9396.0,13561,4042.0,18408.0,0.0,8146,27790.0,24533.0,8200.0,10910.0,33913,17268,4349.0,0.0,21150.0,39800,18727.0,14804.0,10950.0,0.0
30900,65977.0,5718,2453,0.0,0.0,5104.0,18995.0,84368.0,9880.0,7550.0,229347.0,12071.0,16202,0.0,0.0,15150.0,0.0,6331.0,21900.0,5799.0,9485.0,13650,3989.0,18700.0,0.0,8176,27694.0,25034.0,8202.0,11000.0,33718,17516,4399.0,0.0,21302.0,39509,19135.0,14762.0,11137.0,0.0
30497,65800.0,5580,2460,0.0,0.0,5179.0,18664.0,83200.0,9905.0,7618.0,226054.0,11938.0,16362,0.0,0.0,15258.0,0.0,6300.0,21952.0,5770.0,9177.0,13800,3998.0,18718.0,0.0,8174,27429.0,24900.0,8189.0,10960.0,34088,17603,4453.0,0.0,21341.0,39481,19287.0,14701.0,11000.0,0.0
30405,66843.0,5565,2495,0.0,0.0,5279.0,18988.0,82540.0,9900.0,7795.0,226850.0,12150.0,16718,0.0,0.0,15757.0,0.0,6449.0,22503.0,5994.0,9150.0,13913,4054.0,19261.0,0.0,8198,27663.0,25457.0,8260.0,11198.0,34189,17611,4553.0,0.0,21659.0,39300,19152.0,14855.0,10900.0,0.0
30500,66901.0,5640,2510,0.0,0.0,5289.0,19730.0,81501.0,9698.0,7793.0,233345.0,12077.0,16890,0.0,0.0,16030.0,0.0,6459.0,22400.0,6030.0,9300.0,14000,4090.0,19476.0,0.0,8279,27820.0,25435.0,8338.0,11251.0,34138,17819,4573.0,0.0,21680.0,39355,19198.0,14824.0,10998.0,0.0
30480,66620.0,5450,2495,0.0,0.0,5279.0,19450.0,81800.0,9602.0,7743.0,235744.0,12118.0,16881,0.0,0.0,15899.0,0.0,6435.0,22160.0,6082.0,9250.0,13900,4033.0,19437.0,0.0,8286,27605.0,25460.0,8300.0,11430.0,33100,17898,4563.0,0.0,21499.0,39234,19020.0,14815.0,10750.0,0.0
30687,67299.0,5417,2546,0.0,0.0,5249.0,19745.0,80044.0,9431.0,7769.0,235844.0,12187.0,16901,0.0,0.0,15700.0,0.0,6482.0,22420.0,6137.0,9182.0,13900,4064.0,19050.0,0.0,8350,27961.0,25735.0,8370.0,11384.0,32800,18702,4609.0,0.0,21462.0,39800,19185.0,14776.0,10700.0,0.0
30617,67683.0,5298,2566,0.0,0.0,5092.0,18851.0,79351.0,9598.0,7773.0,240326.0,12123.0,16800,0.0,0.0,15780.0,0.0,6566.0,22396.0,5781.0,9128.0,14085,4064.0,19167.0,0.0,8378,27376.0,25175.0,8403.0,11475.0,32250,18196,4695.0,0.0,21937.0,39759,19286.0,14780.0,10952.0,0.0
30841,67523.0,5558,2534,0.0,0.0,5150.0,18998.0,79399.0,9983.0,7714.0,239812.0,12025.0,16820,0.0,0.0,15375.0,0.0,6533.0,22375.0,5795.0,9042.0,14060,4127.0,19301.0,0.0,8350,27248.0,24757.0,8411.0,11220.0,33821,18561,4688.0,0.0,21900.0,39700,19272.0,14940.0,11537.0,0.0
30449,67700.0,5469,2511,0.0,0.0,5085.0,19025.0,78082.0,10050.0,7741.0,234880.0,12185.0,16904,0.0,0.0,15522.0,0.0,6608.0,22457.0,5816.0,9213.0,14175,4096.0,19436.0,0.0,8496,27149.0,24899.0,8507.0,11300.0,33221,18568,4694.0,0.0,22050.0,38761,19168.0,14799.0,11518.0,0.0
30170,67500.0,5450,2497,0.0,0.0,5000.0,18462.0,77769.0,9772.0,7710.0,232856.0,12296.0,16875,0.0,0.0,15101.0,0.0,6603.0,22435.0,5599.0,9056.0,14060,4095.0,19350.0,0.0,8480,27139.0,24300.0,8485.0,11400.0,32950,18481,4612.0,0.0,21840.0,38420,19094.0,14810.0,11509.0,0.0
30050,67400.0,5424,2484,0.0,0.0,4926.0,18449.0,78582.0,9760.0,7648.0,231470.0,12177.0,16695,0.0,0.0,15134.0,0.0,6477.0,22176.0,5589.0,9022.0,13908,4098.0,19100.0,0.0,8329,26881.0,24186.0,8361.0,11328.0,32900,18511,4610.0,0.0,21415.0,38153,18832.0,14643.0,11310.0,0.0
29373,68500.0,5420,2514,0.0,0.0,4923.0,18065.0,77262.0,9920.0,7811.0,225840.0,12550.0,16741,0.0,0.0,15372.0,0.0,6536.0,22400.0,5481.0,8688.0,14306,4066.0,19900.0,0.0,8315,26325.0,23775.0,8410.0,11523.0,31768,18537,4832.0,0.0,22050.0,37442,19100.0,14545.0,11637.0,0.0
29040,68325.0,5920,2520,0.0,0.0,5000.0,19160.0,77499.0,9998.0,7687.0,227349.0,12592.0,16839,0.0,0.0,15099.0,0.0,6524.0,22792.0,5915.0,8788.0,14540,4147.0,19522.0,0.0,8428,26605.0,23960.0,8390.0,11582.0,34006,19049,4903.0,0.0,22273.0,37883,18965.0,14729.0,11582.0,0.0
29150,67900.0,5690,2550,0.0,0.0,4950.0,19509.0,75616.0,10299.0,7675.0,222552.0,12465.0,16900,0.0,0.0,14780.0,0.0,6520.0,23000.0,5909.0,8602.0,14514,4048.0,19302.0,0.0,8300,26264.0,23575.0,8340.0,11438.0,33750,18624,4969.0,0.0,22205.0,37099,18778.0,14635.0,11500.0,0.0
29050,67728.0,5569,2567,0.0,0.0,4918.0,19548.0,76720.0,10585.0,7397.0,220505.0,12340.0,16901,0.0,0.0,14701.0,0.0,6465.0,23000.0,5712.0,8723.0,14400,4064.0,19126.0,0.0,8408,26415.0,23590.0,8480.0,11460.0,33897,18447,4910.0,0.0,22300.0,37050,18600.0,14694.0,11267.0,0.0
28808,66770.0,5407,2505,0.0,0.0,4800.0,19292.0,76111.0,10316.0,7167.0,213182.0,11985.0,16290,0.0,0.0,14600.0,0.0,6249.0,22404.0,5659.0,9425.0,14200,4008.0,18605.0,0.0,8162,26324.0,23200.0,8214.0,11295.0,32450,18175,4790.0,0.0,22025.0,36300,18350.0,14583.0,11276.0,0.0
28901,66750.0,5435,2515,0.0,0.0,4780.0,18032.0,76027.0,10495.0,7225.0,220451.0,11960.0,16700,0.0,0.0,14750.0,0.0,6356.0,22706.0,5520.0,9359.0,14638,4170.0,18771.0,0.0,8249,26389.0,23281.0,8260.0,11500.0,33211,18701,4964.0,0.0,22750.0,36713,18701.0,14790.0,11400.0,0.0
29000,67753.0,5311,2557,0.0,0.0,4780.0,17751.0,75401.0,10795.0,7327.0,220807.0,12249.0,17150,0.0,0.0,14964.0,0.0,6553.0,23000.0,5458.0,9151.0,15120,4079.0,18933.0,0.0,8340,26531.0,23515.0,8361.0,11695.0,31569,18851,5176.0,0.0,23295.0,37173,18898.0,15060.0,11848.0,0.0
30438,67238.0,5546,2519,0.0,0.0,4834.0,18512.0,75600.0,10722.0,7290.0,216962.0,12006.0,16750,0.0,0.0,14620.0,0.0,6482.0,22899.0,5736.0,9200.0,14850,4459.0,18866.0,0.0,8386,26991.0,23700.0,8451.0,11660.0,33607,19805,5097.0,0.0,23097.0,37156,18500.0,14950.0,11725.0,0.0
31001,66641.0,5355,2453,0.0,0.0,4765.0,17991.0,74722.0,11200.0,7030.0,221287.0,11850.0,16569,0.0,0.0,14400.0,0.0,6290.0,21844.0,5501.0,9464.0,14760,4985.0,18287.0,0.0,8571,27821.0,23221.0,8680.0,11529.0,33480,21093,4975.0,0.0,22919.0,37719,17991.0,14830.0,11688.0,0.0
29806,65300.0,5294,2440,0.0,0.0,4592.0,16945.0,77768.0,11075.0,6781.0,209361.0,11310.0,15899,0.0,0.0,13370.0,0.0,6050.0,21278.0,5110.0,9632.0,14354,5000.0,18050.0,0.0,8630,27377.0,23920.0,8754.0,11150.0,32281,20665,4870.0,0.0,21950.0,36813,17287.0,14311.0,11365.0,0.0
29386,63999.0,4960,2371,0.0,0.0,4451.0,15936.0,76263.0,10708.0,6634.0,207707.0,11146.0,15892,0.0,0.0,13000.0,0.0,5996.0,20831.0,4800.0,9436.0,14067,5092.0,17945.0,0.0,8561,27290.0,24300.0,8671.0,10966.0,30600,20979,4760.0,0.0,21590.0,35985,17100.0,14000.0,10985.0,0.0
29033,65207.0,5021,2449,0.0,0.0,4320.0,16647.0,76005.0,10260.0,6755.0,206763.0,11299.0,15928,0.0,0.0,13400.0,0.0,6050.0,21300.0,4951.0,9170.0,14567,4700.0,18320.0,0.0,8700,26717.0,24175.0,8748.0,11112.0,31000,19400,4850.0,0.0,22192.0,35800,17510.0,14189.0,10967.0,0.0
29426,65000.0,4901,2431,0.0,0.0,4397.0,16358.0,76029.0,10493.0,6909.0,212859.0,11585.0,16328,0.0,0.0,14189.0,0.0,6172.0,21300.0,4885.0,9200.0,14681,4751.0,18612.0,0.0,8840,27045.0,24500.0,8900.0,11235.0,30900,19750,4923.0,0.0,22440.0,35800,18200.0,14153.0,11085.0,0.0
29650,65000.0,5100,2471,0.0,0.0,4393.0,17043.0,76437.0,10667.0,6978.0,214271.0,11600.0,16290,0.0,0.0,14137.0,0.0,6242.0,21703.0,4909.0,9336.0,14771,4769.0,18946.0,0.0,8859,27631.0,24545.0,8900.0,11256.0,31025,19986,5001.0,0.0,22849.0,36862,18140.0,14527.0,11430.0,0.0
29539,64788.0,5050,2475,0.0,0.0,4330.0,16373.0,77115.0,10168.0,6823.0,218589.0,11600.0,16297,0.0,0.0,13915.0,0.0,6196.0,21687.0,4770.0,9381.0,14900,4637.0,18972.0,0.0,8985,27838.0,24600.0,9003.0,11375.0,29967,19350,4974.0,0.0,22967.0,36796,18200.0,14520.0,11613.0,0.0
29301,64979.0,4956,2484,0.0,0.0,4326.0,16455.0,77087.0,10500.0,6576.0,216257.0,11600.0,16101,0.0,0.0,13800.0,0.0,6150.0,21419.0,4715.0,9277.0,15149,4806.0,18920.0,0.0,8927,28057.0,24804.0,9019.0,11310.0,29910,19897,5036.0,0.0,23397.0,37750,18256.0,14409.0,11650.0,0.0
29625,67610.0,5012,2483,0.0,0.0,4323.0,15776.0,76822.0,10574.0,6667.0,218176.0,12073.0,16400,0.0,0.0,14250.0,0.0,6326.0,22080.0,4419.0,8913.0,15500,4942.0,19427.0,0.0,9106,28626.0,25100.0,9131.0,11550.0,30295,20699,5215.0,0.0,23900.0,38258,18764.0,14675.0,11788.0,0.0
29002,65600.0,4749,2466,0.0,0.0,4331.0,15201.0,76698.0,10763.0,6550.0,209861.0,11990.0,16000,0.0,0.0,14400.0,0.0,6351.0,21383.0,4313.0,8865.0,15288,4947.0,19190.0,0.0,9050,28458.0,25600.0,9101.0,11323.0,29999,21338,5160.0,0.0,23087.0,38080,18897.0,14532.0,11410.0,0.0
29155,64505.0,4733,2454,0.0,0.0,4265.0,15375.0,77109.0,10730.0,6449.0,206463.0,12001.0,16000,0.0,0.0,14498.0,0.0,6254.0,21318.0,4351.0,9049.0,15010,5049.0,19131.0,0.0,9058,28824.0,25720.0,9140.0,11187.0,29857,22070,5031.0,0.0,22651.0,37751,18683.0,14526.0,11650.0,0.0
29188,64811.0,4706,2467,0.0,0.0,4220.0,15528.0,77800.0,10500.0,6462.0,208621.0,11946.0,15903,0.0,0.0,14811.0,0.0,6270.0,21390.0,4498.0,8981.0,15040,5020.0,18993.0,0.0,9066,28740.0,25628.0,9176.0,11239.0,29338,21815,5051.0,0.0,22750.0,37208,18691.0,14551.0,11813.0,0.0
28986,66177.0,4566,2477,0.0,0.0,4232.0,15500.0,76200.0,10030.0,6560.0,203862.0,12043.0,16411,0.0,0.0,14951.0,0.0,6400.0,21738.0,4435.0,8753.0,15410,4894.0,19064.0,0.0,8948,27937.0,24881.0,8980.0,11326.0,29339,21221,5217.0,0.0,23420.0,36600,19049.0,14610.0,11332.0,0.0
28899,65655.0,4447,2474,0.0,0.0,4333.0,15331.0,77266.0,9744.0,6510.0,206963.0,12299.0,16283,0.0,0.0,14482.0,0.0,6269.0,21380.0,4440.0,8949.0,15250,4847.0,19010.0,0.0,8996,28250.0,25221.0,9049.0,11300.0,28850,20777,5162.0,0.0,23249.0,36174,18972.0,14897.0,11386.0,0.0
28993,65029.0,4420,2488,0.0,0.0,4131.0,15534.0,78135.0,9660.0,6493.0,205350.0,12061.0,16282,0.0,0.0,14505.0,0.0,6167.0,20911.0,4460.0,9118.0,15100,4949.0,18694.0,0.0,8997,28490.0,24657.0,9110.0,11142.0,28900,21200,5050.0,0.0,23000.0,37935,18950.0,14473.0,11320.0,0.0
28214,65000.0,4493,2450,0.0,0.0,4255.0,15099.0,76100.0,8695.0,6583.0,203395.0,12000.0,16300,0.0,0.0,14632.0,0.0,6183.0,20907.0,4265.0,9027.0,14993,4953.0,18464.0,0.0,8910,27950.0,25199.0,9020.0,11231.0,28900,20998,5114.0,0.0,23179.0,37610,18976.0,14263.0,11299.0,0.0
27999,63427.0,4283,2421,0.0,0.0,4100.0,15925.0,76615.0,8200.0,6371.0,197869.0,11800.0,15950,0.0,0.0,14810.0,0.0,5992.0,20698.0,4350.0,9038.0,14691,4915.0,18374.0,0.0,8879,27879.0,23907.0,8970.0,11146.0,28444,21212,4993.0,0.0,22555.0,36005,18420.0,14200.0,11200.0,0.0
27843,64230.0,4300,2460,0.0,0.0,4182.0,15280.0,76539.0,8780.0,6549.0,197859.0,11901.0,16452,0.0,0.0,15450.0,0.0,6127.0,20973.0,4176.0,9151.0,14915,4997.0,19102.0,0.0,9018,27850.0,24450.0,9059.0,11179.0,28650,21559,5116.0,0.0,22900.0,36635,18892.0,14085.0,11209.0,0.0
27299,64388.0,4200,2439,0.0,0.0,4129.0,15001.0,74750.0,8850.0,6280.0,194159.0,11731.0,16250,0.0,0.0,15000.0,0.0,5944.0,20700.0,4150.0,8963.0,14872,4950.0,18500.0,0.0,9010,27600.0,24101.0,9050.0,11040.0,27968,20581,5130.0,0.0,22659.0,36651,18630.0,14050.0,11150.0,0.0
27153,64728.0,4275,2453,0.0,0.0,4220.0,15106.0,74130.0,8940.0,6420.0,193502.0,11600.0,16770,0.0,0.0,15000.0,0.0,6077.0,21090.0,4125.0,9034.0,14749,5030.0,18843.0,0.0,8934,27655.0,23961.0,8963.0,11193.0,28200,21050,5200.0,0.0,22858.0,36933,18500.0,14134.0,11433.0,0.0
27000,65500.0,4295,2450,0.0,0.0,4223.0,15250.0,75139.0,9060.0,6595.0,198272.0,11780.0,17050,0.0,0.0,15957.0,0.0,6199.0,21669.0,4122.0,9081.0,15317,5289.0,19200.0,0.0,9090,27900.0,24117.0,9120.0,11469.0,28251,21900,5305.0,0.0,23720.0,37900,19100.0,14153.0,11789.0,0.0
27300,66200.0,4270,2515,0.0,0.0,4081.0,15095.0,76500.0,8865.0,6630.0,201866.0,11680.0,17585,0.0,0.0,15614.0,0.0,6244.0,22094.0,4114.0,9047.0,15533,5240.0,19150.0,0.0,9244,27901.0,25000.0,9300.0,11531.0,28778,21395,5406.0,0.0,23696.0,38155,19239.0,14376.0,12000.0,0.0
26881,66752.0,4200,2512,0.0,0.0,4000.0,14553.0,75306.0,8770.0,6687.0,196037.0,11479.0,17471,0.0,0.0,15591.0,0.0,6198.0,21771.0,3976.0,8975.0,15275,5158.0,19000.0,0.0,9195,27023.0,24731.0,9300.0,11421.0,27610,21231,5287.0,0.0,23372.0,39934,19239.0,14221.0,12279.0,0.0
26625,69000.0,4196,2551,0.0,0.0,3958.0,14500.0,76600.0,8826.0,6710.0,196869.0,11397.0,18309,0.0,0.0,15690.0,0.0,6200.0,22624.0,3935.0,9062.0,15500,4974.0,19280.0,0.0,9205,27050.0,25000.0,9299.0,11575.0,27108,20632,5385.0,0.0,23490.0,40399,19514.0,14472.0,12585.0,0.0
27170,68001.0,4207,2540,0.0,0.0,3972.0,14680.0,77874.0,8950.0,6800.0,200867.0,11429.0,17794,0.0,0.0,15510.0,0.0,6299.0,22668.0,4063.0,9053.0,15202,4865.0,17897.0,0.0,9187,26917.0,25220.0,9289.0,11520.0,27414,20939,5301.0,0.0,23749.0,39999,19300.0,14400.0,12400.0,0.0
26796,67300.0,4169,2442,0.0,0.0,3860.0,13402.0,78044.0,8738.0,6700.0,197275.0,11235.0,17300,0.0,0.0,15015.0,0.0,6083.0,22453.0,3680.0,8938.0,15059,4737.0,17428.0,0.0,9215,27214.0,24602.0,9376.0,11215.0,25907,19965,5220.0,0.0,23161.0,39698,19150.0,14485.0,11976.0,0.0
26796,67300.0,4169,2442,0.0,0.0,3860.0,13402.0,78044.0,8738.0,6700.0,197275.0,11235.0,17300,0.0,0.0,15015.0,0.0,6083.0,22453.0,3680.0,8938.0,15059,4737.0,17428.0,0.0,9215,27214.0,24602.0,9376.0,11215.0,25907,19965,5220.0,0.0,23161.0,39698,19150.0,14485.0,11976.0,0.0
27000,66100.0,4221,2466,0.0,0.0,3874.0,13450.0,78978.0,8704.0,6701.0,196172.0,11169.0,17474,0.0,0.0,15505.0,0.0,6175.0,22293.0,3866.0,9150.0,15157,4680.0,17280.0,0.0,9245,27510.0,24307.0,9345.0,11280.0,26154,19420,5225.0,0.0,23499.0,39600,19500.0,14641.0,12193.0,0.0
27337,66700.0,4200,2533,0.0,0.0,3760.0,13406.0,79054.0,8799.0,6832.0,199925.0,11400.0,17860,0.0,0.0,15745.0,0.0,6280.0,22571.0,3870.0,9131.0,15190,4705.0,17250.0,0.0,9216,27701.0,24630.0,9277.0,11475.0,26000,19780,5276.0,0.0,23829.0,40132,19706.0,14563.0,12363.0,0.0
27507,67000.0,4130,2519,0.0,0.0,3831.0,13763.0,78723.0,8834.0,6990.0,199967.0,11450.0,17800,0.0,0.0,15537.0,0.0,6182.0,22399.0,3837.0,9066.0,15169,4700.0,17400.0,0.0,9048,27442.0,24327.0,9076.0,11400.0,25250,19722,5230.0,0.0,23608.0,39664,19576.0,14659.0,12205.0,0.0
27353,67317.0,4150,2511,0.0,0.0,3786.0,13839.0,78672.0,8601.0,6891.0,196869.0,11254.0,17847,0.0,0.0,15339.0,0.0,6143.0,21904.0,3985.0,9173.0,14949,4702.0,17117.0,0.0,9021,27606.0,24218.0,9046.0,11299.0,25905,19547,5139.0,0.0,23092.0,39800,19499.0,14560.0,12100.0,0.0
27180,67278.0,4096,2500,0.0,0.0,3860.0,13590.0,77615.0,8544.0,6812.0,193554.0,11201.0,17650,0.0,0.0,15220.0,0.0,6106.0,21851.0,3956.0,9050.0,14902,4663.0,16903.0,0.0,8923,27497.0,24100.0,9029.0,11250.0,25321,19476,5130.0,0.0,23221.0,39623,19184.0,14452.0,12022.0,0.0
27180,67278.0,4096,2500,0.0,0.0,3860.0,13590.0,77615.0,8544.0,6812.0,193554.0,11201.0,17650,0.0,0.0,15220.0,0.0,6106.0,21851.0,3956.0,9050.0,14902,4663.0,16903.0,0.0,8923,27497.0,24100.0,9029.0,11250.0,25321,19476,5130.0,0.0,23221.0,39623,19184.0,14452.0,12022.0,0.0
27180,67278.0,4096,2500,0.0,0.0,3860.0,13590.0,77615.0,8544.0,6812.0,193554.0,11201.0,17650,0.0,0.0,15220.0,0.0,6106.0,21851.0,3956.0,9050.0,14902,4663.0,16903.0,0.0,8923,27497.0,24100.0,9029.0,11250.0,25321,19476,5130.0,0.0,23221.0,39623,19184.0,14452.0,12022.0,0.0
27500,69248.0,4200,2534,0.0,0.0,3950.0,13949.0,77201.0,8763.0,6978.0,198375.0,11364.0,18158,0.0,0.0,15725.0,0.0,6300.0,22476.0,4022.0,9105.0,15231,4720.0,17243.0,0.0,9000,27972.0,24699.0,9000.0,11409.0,26468,19956,5250.0,0.0,23629.0,40000,19800.0,14690.0,12480.0,0.0
28281,69500.0,4227,2566,0.0,0.0,4011.0,14750.0,76731.0,8795.0,7020.0,204863.0,11700.0,18184,0.0,0.0,15956.0,0.0,6439.0,22496.0,4240.0,9012.0,15273,4629.0,17442.0,0.0,9007,27753.0,24740.0,8986.0,11552.0,26080,19511,5380.0,0.0,23784.0,40072,20019.0,14985.0,12556.0,0.0
28358,69500.0,4274,2589,0.0,0.0,4050.0,15258.0,77861.0,8950.0,7102.0,201276.0,11550.0,18125,0.0,0.0,15955.0,0.0,6290.0,22305.0,4359.0,9074.0,15175,4668.0,17146.0,0.0,9075,27872.0,24515.0,9075.0,11450.0,26441,19510,5317.0,0.0,23813.0,39890,19858.0,15240.0,12617.0,0.0
28358,69500.0,4274,2589,0.0,0.0,4050.0,15258.0,77861.0,8950.0,7102.0,201276.0,11550.0,18125,0.0,0.0,15955.0,0.0,6290.0,22305.0,4359.0,9074.0,15175,4668.0,17146.0,0.0,9075,27872.0,24515.0,9075.0,11450.0,26441,19510,5317.0,0.0,23813.0,39890,19858.0,15240.0,12617.0,0.0
28208,69300.0,4426,2595,0.0,0.0,4361.0,15093.0,77975.0,9145.0,7184.0,203342.0,11746.0,17997,0.0,0.0,15950.0,0.0,6383.0,22651.0,4394.0,9001.0,15260,4795.0,17295.0,0.0,9115,27975.0,24889.0,9115.0,11534.0,27672,19750,5380.0,0.0,24124.0,40657,19775.0,15060.0,13000.0,0.0
28278,68850.0,4509,2607,0.0,0.0,4477.0,15339.0,77050.0,8874.0,7090.0,201632.0,11450.0,17792,0.0,0.0,15800.0,0.0,6496.0,22724.0,4424.0,8825.0,15155,4743.0,16901.0,0.0,9135,27546.0,24743.0,9065.0,11700.0,28202,19149,5417.0,0.0,24031.0,40440,19859.0,15212.0,13300.0,0.0
27500,69000.0,4708,2570,0.0,0.0,4560.0,15900.0,76825.0,8880.0,6909.0,202103.0,11249.0,17300,0.0,0.0,15377.0,0.0,6373.0,22396.0,4580.0,8789.0,14901,4825.0,16840.0,0.0,9078,27602.0,24362.0,9076.0,11449.0,29250,19207,5265.0,0.0,23368.0,39950,19848.0,15136.0,13070.0,0.0
27533,68964.0,4700,2610,0.0,0.0,4530.0,16030.0,77096.0,8864.0,6977.0,212009.0,11344.0,17230,0.0,0.0,15357.0,0.0,6451.0,22750.0,4542.0,9038.0,15038,4912.0,16733.0,0.0,9091,27694.0,24090.0,9115.0,11623.0,28961,19307,5323.0,0.0,23510.0,40360,19601.0,15096.0,13494.0,0.0
27500,68791.0,4671,2623,0.0,0.0,4550.0,15614.0,77466.0,8840.0,6894.0,212318.0,11423.0,17352,0.0,0.0,15300.0,0.0,6466.0,22464.0,4500.0,9120.0,15158,4921.0,16850.0,0.0,9047,27316.0,23553.0,9067.0,11475.0,28170,19161,5336.0,0.0,23897.0,40102,19685.0,15255.0,13329.0,0.0
27650,70000.0,4752,2628,0.0,0.0,4677.0,15975.0,77200.0,9060.0,6620.0,215910.0,11619.0,17500,0.0,0.0,15205.0,0.0,6570.0,22571.0,4570.0,9550.0,15064,5140.0,16814.0,0.0,9075,27575.0,23939.0,9065.0,11593.0,29252,20540,5336.0,0.0,23937.0,40411,19612.0,15255.0,13390.0,0.0
28524,70000.0,4786,2639,0.0,0.0,4698.0,15713.0,79359.0,9415.0,6523.0,222915.0,11525.0,17480,0.0,0.0,15185.0,0.0,6599.0,22651.0,4491.0,9705.0,15068,5224.0,17017.0,0.0,9376,27658.0,24050.0,9326.0,11613.0,29721,21655,5305.0,0.0,23750.0,41441,19501.0,15393.0,12837.0,0.0
28405,70850.0,4767,2616,0.0,0.0,4764.0,16385.0,77801.0,9496.0,6600.0,214433.0,11535.0,17500,0.0,0.0,15290.0,0.0,6575.0,22600.0,4588.0,10289.0,15186,5206.0,17143.0,0.0,9234,28355.0,23941.0,9278.0,11581.0,30700,21962,5320.0,0.0,23870.0,41885,19401.0,15288.0,12767.0,0.0
29080,70911.0,4815,2650,0.0,0.0,4758.0,16110.0,77533.0,9556.0,6848.0,216937.0,11644.0,17400,0.0,0.0,15935.0,0.0,6500.0,22723.0,4540.0,10366.0,15172,5211.0,17449.0,0.0,9380,29141.0,24200.0,9327.0,11655.0,30600,21941,5355.0,0.0,23955.0,42300,19329.0,15208.0,12998.0,0.0
29676,70900.0,4900,2640,0.0,0.0,4885.0,16829.0,78232.0,9901.0,7179.0,217456.0,11831.0,17600,0.0,0.0,16385.0,0.0,6461.0,22690.0,4746.0,10390.0,15169,5301.0,17870.0,0.0,9427,28830.0,23850.0,9366.0,11802.0,31727,22300,5330.0,0.0,23691.0,42900,19700.0,15219.0,12760.0,0.0
29033,70802.0,4930,2610,0.0,0.0,4834.0,17050.0,77000.0,9650.0,7151.0,216425.0,11780.0,17374,0.0,0.0,15600.0,0.0,6500.0,22615.0,4744.0,10297.0,15000,5284.0,17650.0,0.0,9540,29012.0,23763.0,9550.0,11623.0,30875,22074,5256.0,0.0,23572.0,42100,19544.0,15151.0,12775.0,0.0
29640,71727.0,4950,2633,0.0,0.0,4882.0,16930.0,77341.0,9572.0,7340.0,218541.0,11927.0,17201,0.0,0.0,15350.0,0.0,6583.0,22250.0,4799.0,10225.0,15085,5240.0,18026.0,0.0,9526,29293.0,23800.0,9578.0,11708.0,31550,22045,5265.0,0.0,23834.0,42101,19600.0,15127.0,12615.0,0.0
30113,71600.0,4905,2638,0.0,0.0,4900.0,16438.0,79200.0,9800.0,7243.0,217356.0,11870.0,17005,0.0,0.0,15300.0,0.0,6500.0,22175.0,4630.0,10306.0,14858,5319.0,17950.0,0.0,9499,29499.0,24209.0,9525.0,11561.0,30898,22005,5193.0,0.0,23628.0,42001,19746.0,15182.0,12540.0,0.0
30223,72067.0,4860,2625,0.0,0.0,4861.0,16377.0,79402.0,9800.0,7225.0,214358.0,11701.0,16863,0.0,0.0,15250.0,0.0,6440.0,22001.0,4558.0,10336.0,14800,5288.0,17380.0,0.0,9435,29980.0,23711.0,9454.0,11386.0,30999,21651,5160.0,0.0,23373.0,41854,19575.0,15137.0,12549.0,0.0
30326,72416.0,5100,2630,0.0,0.0,4872.0,16864.0,80276.0,10153.0,7330.0,214665.0,11837.0,17019,0.0,0.0,15400.0,0.0,6521.0,22301.0,4725.0,10367.0,14953,5422.0,17210.0,0.0,9540,30200.0,23998.0,9552.0,11662.0,33875,22338,5281.0,0.0,23700.0,42853,19561.0,15143.0,12711.0,0.0
30541,72650.0,5500,2620,0.0,0.0,4890.0,16961.0,79799.0,10555.0,7450.0,216473.0,12037.0,16950,0.0,0.0,15501.0,0.0,6575.0,22642.0,4800.0,10259.0,14820,5502.0,17150.0,0.0,9501,30025.0,23792.0,9553.0,11750.0,35751,23010,5232.0,0.0,23700.0,43095,19592.0,15250.0,12697.0,0.0
31298,72607.0,5350,2639,0.0,0.0,4830.0,16289.0,81040.0,10905.0,7524.0,213408.0,11960.0,16920,0.0,0.0,16205.0,0.0,6603.0,23026.0,4630.0,10414.0,14986,5468.0,17342.0,0.0,9732,30000.0,23512.0,9726.0,11700.0,36000,22992,5272.0,0.0,23930.0,42200,19751.0,15100.0,12745.0,0.0
31349,72433.0,5460,2662,0.0,0.0,4882.0,16000.0,82494.0,11000.0,7536.0,215857.0,12052.0,16889,0.0,0.0,16656.0,0.0,6778.0,23112.0,4595.0,10375.0,14968,5448.0,17600.0,0.0,9711,29505.0,23502.0,9675.0,11800.0,36384,22844,5244.0,0.0,23576.0,40926,19590.0,15136.0,13204.0,0.0
31000,70292.0,5280,2630,0.0,0.0,4929.0,15950.0,83293.0,10875.0,7399.0,212859.0,11965.0,16397,0.0,0.0,16501.0,0.0,6615.0,22743.0,4575.0,10382.0,14576,5509.0,17660.0,0.0,9629,29750.0,23495.0,9709.0,11490.0,35367,23039,5040.0,0.0,23285.0,40400,19295.0,15115.0,12845.0,0.0
31033,70259.0,5207,2628,0.0,0.0,4948.0,16670.0,82958.0,10745.0,7350.0,215530.0,11961.0,16334,0.0,0.0,16210.0,0.0,6485.0,22300.0,4639.0,10353.0,14254,5506.0,17818.0,0.0,9432,29600.0,23200.0,9530.0,11406.0,34812,22911,4957.0,0.0,23000.0,40200,19029.0,15000.0,12402.0,0.0
30800,70201.0,5344,2630,0.0,0.0,5115.0,16989.0,81965.0,10632.0,7415.0,213642.0,12200.0,15856,0.0,0.0,16266.0,0.0,6499.0,22541.0,4617.0,10500.0,14392,5499.0,17900.0,0.0,9476,29694.0,23225.0,9535.0,11507.0,35127,23039,5020.0,0.0,23221.0,39951,19050.0,15100.0,12547.0,0.0
30800,70000.0,5449,2602,0.0,0.0,5184.0,16987.0,82550.0,11000.0,7223.0,219854.0,12472.0,15853,0.0,0.0,15965.0,0.0,6385.0,22470.0,4635.0,10350.0,14368,5567.0,17970.0,0.0,9539,29700.0,23452.0,9510.0,11575.0,34922,23514,5030.0,0.0,23066.0,40354,19138.0,15057.0,12454.0,0.0
30754,69100.0,5480,2609,0.0,0.0,5205.0,17600.0,82100.0,10798.0,7157.0,219677.0,12029.0,15785,0.0,0.0,15710.0,0.0,6260.0,22356.0,4761.0,10309.0,14300,5486.0,17828.0,0.0,9371,29406.0,23732.0,9435.0,11530.0,36321,23297,4969.0,0.0,22680.0,39675,18463.0,14907.0,12349.0,0.0
30750,68999.0,5120,2608,0.0,0.0,5175.0,17437.0,81900.0,10375.0,7176.0,218618.0,11988.0,15776,0.0,0.0,15747.0,0.0,6273.0,22414.0,4678.0,10108.0,14300,5185.0,17784.0,0.0,9360,29476.0,23600.0,9422.0,11670.0,35342,22235,4956.0,0.0,22885.0,39399,18551.0,14900.0,12255.0,0.0
30768,68499.0,5168,2587,0.0,0.0,5197.0,17609.0,82847.0,10644.0,7116.0,221334.0,11800.0,15773,0.0,0.0,15508.0,0.0,6240.0,22350.0,4724.0,10018.0,14062,5156.0,17371.0,0.0,9416,29429.0,23585.0,9453.0,11547.0,34543,22164,4920.0,0.0,22800.0,38909,18355.0,14900.0,11986.0,0.0
30386,68204.0,5333,2602,0.0,0.0,5199.0,17708.0,83106.0,10850.0,7100.0,218843.0,11805.0,15994,0.0,0.0,15757.0,0.0,6174.0,22260.0,4825.0,10082.0,14102,5293.0,17330.0,0.0,9441,29486.0,23646.0,9475.0,11563.0,34450,22390,4970.0,0.0,23141.0,38650,17400.0,14920.0,11775.0,0.0
30300,67800.0,5443,2574,0.0,0.0,5261.0,18350.0,84321.0,10999.0,7099.0,213358.0,11749.0,16088,0.0,0.0,15667.0,0.0,6200.0,22124.0,4975.0,9949.0,14019,5245.0,17285.0,0.0,9524,29638.0,23700.0,9514.0,11600.0,35348,22250,4939.0,0.0,22918.0,38123,17780.0,14831.0,11575.0,0.0
30750,69789.0,5438,2584,0.0,0.0,5220.0,18020.0,84193.0,10845.0,7139.0,214065.0,11800.0,16291,0.0,0.0,16253.0,0.0,6280.0,22291.0,4700.0,9947.0,14107,5170.0,17000.0,0.0,9493,30262.0,23583.0,9543.0,11775.0,35189,21600,4980.0,0.0,23151.0,38600,17586.0,14999.0,11663.0,0.0
30735,70700.0,5314,2636,0.0,0.0,5256.0,17754.0,83992.0,11000.0,7344.0,217610.0,12003.0,16471,0.0,0.0,16781.0,0.0,6482.0,22770.0,4540.0,10055.0,14452,5371.0,17416.0,0.0,9612,30345.0,24100.0,9603.0,11927.0,34820,22541,5103.0,0.0,23800.0,39017,17593.0,15178.0,11887.0,0.0
31405,71120.0,5451,2645,0.0,0.0,5425.0,17661.0,83470.0,11000.0,7288.0,216899.0,12100.0,16704,0.0,0.0,16650.0,0.0,6659.0,23193.0,4542.0,10061.0,14662,5490.0,17671.0,0.0,9674,30400.0,24000.0,9698.0,12035.0,34900,23173,5157.0,0.0,24000.0,38810,17947.0,15075.0,11727.0,0.0
31025,71290.0,5289,2660,0.0,0.0,5106.0,17522.0,81400.0,10766.0,7284.0,210760.0,12370.0,16559,0.0,0.0,16650.0,0.0,6700.0,22965.0,4574.0,9937.0,14748,5377.0,17518.0,0.0,9706,30065.0,23696.0,9654.0,11955.0,33934,22892,5223.0,0.0,24396.0,38467,17595.0,15098.0,11575.0,0.0
30883,71971.0,5130,2697,0.0,0.0,5100.0,17189.0,80376.0,10707.0,7339.0,211760.0,12570.0,16700,0.0,0.0,17130.0,0.0,6770.0,23270.0,4517.0,9911.0,14836,5296.0,17541.0,0.0,9673,29650.0,23341.0,9618.0,12052.0,32350,22682,5229.0,0.0,24900.0,37899,17844.0,15109.0,11700.0,0.0
29657,72207.0,5065,2696,0.0,0.0,5161.0,17238.0,80316.0,10700.0,7050.0,216501.0,12570.0,16691,0.0,0.0,17280.0,0.0,6870.0,23121.0,4500.0,9897.0,14832,5245.0,17665.0,0.0,9659,30000.0,23287.0,9617.0,12280.0,31340,21989,5248.0,0.0,24919.0,37610,18146.0,15120.0,11950.0,0.0
28882,71700.0,5031,2693,0.0,0.0,5350.0,17318.0,80859.0,10683.0,6958.0,215057.0,12705.0,16773,0.0,0.0,17300.0,0.0,6725.0,22868.0,4416.0,9763.0,14635,5217.0,17305.0,0.0,9534,30022.0,23200.0,9488.0,12335.0,32759,21721,5190.0,0.0,24420.0,37450,18200.0,15050.0,11875.0,0.0
28790,71081.0,4986,2701,0.0,0.0,5213.0,16583.0,80801.0,10487.0,7078.0,220454.0,12725.0,16751,0.0,0.0,17216.0,0.0,6694.0,22886.0,4250.0,9859.0,14500,5322.0,18800.0,0.0,9514,30350.0,23287.0,9545.0,12050.0,32447,22087,5153.0,0.0,24292.0,38050,18344.0,15030.0,11900.0,0.0
28900,71200.0,4996,2691,0.0,0.0,5266.0,16504.0,81325.0,11000.0,7100.0,219355.0,12765.0,16470,0.0,0.0,16790.0,0.0,6700.0,22443.0,4220.0,9992.0,14437,5361.0,19462.0,0.0,9574,30479.0,23290.0,9549.0,12121.0,32659,21995,5018.0,0.0,24243.0,38355,18372.0,15003.0,11940.0,0.0
28500,71500.0,4928,2664,0.0,0.0,5406.0,15779.0,81385.0,11440.0,6954.0,220082.0,12670.0,16171,0.0,0.0,16723.0,0.0,6652.0,22370.0,4230.0,9953.0,14396,5317.0,19189.0,0.0,9410,29979.0,23150.0,9359.0,11950.0,31848,21171,5002.0,0.0,23876.0,37549,18019.0,15020.0,11950.0,0.0
28631,72764.0,4700,2671,0.0,0.0,5345.0,15501.0,80480.0,11164.0,7050.0,217589.0,12831.0,16550,0.0,0.0,17080.0,0.0,6878.0,22548.0,4246.0,9684.0,14473,5518.0,19250.0,0.0,9401,30752.0,25725.0,9351.0,12470.0,31146,21327,5062.0,0.0,24332.0,37400,18373.0,14961.0,12029.0,0.0
28649,72550.0,4550,2692,0.0,0.0,5053.0,15320.0,81710.0,10362.0,6928.0,214233.0,12800.0,16500,0.0,0.0,17066.0,0.0,6903.0,22643.0,4299.0,9585.0,14381,5190.0,19322.0,0.0,9359,30275.0,26850.0,9306.0,12410.0,31500,20210,5073.0,0.0,24450.0,37040,18250.0,14788.0,11880.0,0.0
28744,73000.0,4390,2674,0.0,0.0,5232.0,15014.0,81114.0,10834.0,6970.0,213161.0,12806.0,16331,0.0,0.0,17027.0,0.0,6805.0,22520.0,4117.0,9530.0,14375,5213.0,19234.0,0.0,9183,30200.0,26650.0,9191.0,12400.0,31027,20412,5030.0,0.0,24450.0,37500,18400.0,14690.0,11975.0,0.0
28337,72500.0,4404,2648,0.0,0.0,5422.0,14561.0,82132.0,10792.0,7000.0,209628.0,12850.0,15502,0.0,0.0,17000.0,0.0,6777.0,22330.0,4025.0,9553.0,14321,5213.0,18925.0,0.0,9220,30334.0,26297.0,9252.0,12300.0,30350,20361,4972.0,0.0,24500.0,37300,17850.0,14823.0,11979.0,0.0
28185,72728.0,4248,2667,0.0,0.0,5479.0,14239.0,82575.0,11240.0,7090.0,214062.0,12900.0,15579,0.0,0.0,16920.0,0.0,6822.0,22250.0,3990.0,9712.0,14638,5410.0,19326.0,0.0,9449,30633.0,26765.0,9431.0,12240.0,30700,21014,5038.0,0.0,25100.0,37936,17975.0,14700.0,11701.0,0.0
27525,73190.0,4367,2656,0.0,0.0,5510.0,14144.0,82792.0,11431.0,7079.0,211876.0,13102.0,15900,0.0,0.0,16773.0,0.0,6832.0,22439.0,4108.0,9724.0,15595,5450.0,19130.0,0.0,9489,31118.0,27100.0,9425.0,12370.0,31389,20777,5147.0,0.0,25215.0,37776,17900.0,14766.0,12675.0,0.0
27400,73200.0,4235,2689,0.0,0.0,5496.0,13680.0,81619.0,11395.0,7203.0,210231.0,13103.0,15938,0.0,0.0,17016.0,0.0,6850.0,22220.0,4150.0,9661.0,15750,5403.0,19389.0,0.0,9412,30827.0,27245.0,9396.0,12599.0,30120,20337,5162.0,0.0,26039.0,37200,17986.0,14780.0,12427.0,0.0
27109,73706.0,4160,2700,0.0,0.0,5275.0,13508.0,80548.0,11189.0,7201.0,211610.0,13364.0,16076,0.0,0.0,17058.0,0.0,6880.0,22365.0,4152.0,9687.0,15850,5224.0,19621.0,0.0,9430,30405.0,27079.0,9400.0,12575.0,29044,19684,5158.0,0.0,25800.0,36950,18298.0,15031.0,12068.0,0.0
27100,73924.0,4130,2712,0.0,0.0,5101.0,13157.0,80600.0,10970.0,7246.0,213440.0,13338.0,16199,0.0,0.0,16955.0,0.0,6965.0,22496.0,4010.0,9669.0,15613,5122.0,19692.0,0.0,9498,30301.0,26497.0,9440.0,12490.0,28500,19350,5140.0,0.0,25224.0,36600,17905.0,14980.0,12140.0,0.0
27459,74318.0,4000,2706,0.0,0.0,5002.0,13100.0,80888.0,11400.0,6966.0,214358.0,13165.0,16130,0.0,0.0,16836.0,0.0,6845.0,22400.0,4005.0,9863.0,15500,5142.0,19676.0,0.0,9599,30349.0,26800.0,9527.0,12560.0,27673,19203,5124.0,0.0,25284.0,36800,17905.0,14900.0,12287.0,0.0
27785,75114.0,3905,2715,0.0,0.0,4829.0,13039.0,81537.0,10380.0,6949.0,210660.0,13179.0,16199,0.0,0.0,16917.0,0.0,6947.0,22199.0,3957.0,9845.0,15375,5028.0,19600.0,0.0,9530,29950.0,26724.0,9495.0,12510.0,27500,18625,5075.0,0.0,25028.0,36400,18113.0,14710.0,12080.0,0.0
27498,75000.0,3923,2731,0.0,0.0,4761.0,12906.0,81829.0,11300.0,7091.0,216357.0,13260.0,16222,0.0,0.0,17135.0,0.0,6950.0,22223.0,3803.0,9890.0,15595,5058.0,19659.0,0.0,9530,30250.0,26565.0,9550.0,12800.0,28027,18551,5122.0,0.0,25515.0,36400,17951.0,15120.0,12230.0,0.0
27945,75769.0,4017,2749,0.0,0.0,5000.0,13103.0,82450.0,11000.0,7234.0,218534.0,13200.0,16362,0.0,0.0,17330.0,0.0,6992.0,22339.0,3965.0,10003.0,15517,5089.0,19935.0,0.0,9670,30450.0,27283.0,9634.0,13147.0,28299,19130,5170.0,0.0,25547.0,36717,18000.0,15240.0,12509.0,0.0
28000,75872.0,4180,2774,0.0,0.0,4990.0,13267.0,82715.0,11200.0,7098.0,217740.0,13339.0,16060,0.0,0.0,17233.0,0.0,6964.0,21990.0,4116.0,9965.0,15748,5030.0,20589.0,0.0,9601,30175.0,26360.0,9600.0,13320.0,29447,18887,5131.0,0.0,25680.0,36300,18143.0,15150.0,12210.0,0.0
28125,76476.0,4075,2770,0.0,0.0,4990.0,13075.0,80500.0,11177.0,7109.0,217656.0,13215.0,15751,0.0,0.0,17111.0,0.0,6983.0,22244.0,4052.0,9891.0,15719,5170.0,20518.0,0.0,9581,30310.0,26432.0,9556.0,13300.0,28018,19099,5131.0,0.0,25865.0,36119,18110.0,15233.0,12493.0,0.0
28293,78803.0,4268,2817,0.0,0.0,5178.0,13920.0,80999.0,11900.0,7251.0,221353.0,13480.0,16090,0.0,0.0,17605.0,0.0,7215.0,22500.0,4455.0,9956.0,16189,5364.0,20880.0,0.0,9874,30535.0,27113.0,9794.0,13538.0,29449,20347,5325.0,0.0,26797.0,36501,18727.0,15596.0,12965.0,0.0
27333,79615.0,4354,2740,0.0,0.0,5179.0,13895.0,81421.0,12051.0,7306.0,221638.0,13555.0,16039,0.0,0.0,17457.0,0.0,7212.0,21640.0,4379.0,9954.0,15989,5447.0,20552.0,0.0,9555,30300.0,26852.0,9500.0,13591.0,30309,20293,5301.0,0.0,26500.0,36852,18661.0,15502.0,12830.0,0.0
27336,80500.0,4395,2756,0.0,0.0,5250.0,13832.0,81178.0,11964.0,7375.0,228968.0,13580.0,16120,0.0,0.0,17700.0,0.0,7242.0,21622.0,4370.0,9860.0,16046,5415.0,20656.0,0.0,9557,30420.0,27028.0,9449.0,13742.0,29564,20102,5302.0,0.0,26700.0,36373,18443.0,15500.0,12715.0,0.0
27336,80500.0,4395,2756,0.0,0.0,5250.0,13832.0,81178.0,11964.0,7375.0,228968.0,13580.0,16120,0.0,0.0,17700.0,0.0,7242.0,21622.0,4370.0,9860.0,16046,5415.0,20656.0,0.0,9557,30420.0,27028.0,9449.0,13742.0,29564,20102,5302.0,0.0,26700.0,36373,18443.0,15500.0,12715.0,0.0
27090,80001.0,4454,2660,0.0,0.0,5240.0,14114.0,81216.0,12050.0,7354.0,223852.0,13580.0,16134,0.0,0.0,17613.0,0.0,7154.0,21440.0,4517.0,9745.0,15849,5183.0,20669.0,0.0,9366,30201.0,27132.0,9262.0,13748.0,29793,19737,5306.0,0.0,26369.0,36178,18074.0,15619.0,12298.0,0.0
27177,80775.0,4316,2647,0.0,0.0,5129.0,13665.0,80742.0,11902.0,7375.0,223452.0,13440.0,16650,0.0,0.0,17680.0,0.0,7106.0,21558.0,4470.0,9819.0,15900,5117.0,20710.0,0.0,9450,30315.0,26721.0,9390.0,13651.0,28800,19853,5300.0,0.0,26450.0,35800,18087.0,15627.0,12473.0,0.0
26887,80425.0,4220,2655,0.0,0.0,5004.0,13942.0,80975.0,11880.0,7353.0,222752.0,13255.0,16626,0.0,0.0,17600.0,0.0,7080.0,21500.0,4422.0,9866.0,15900,5026.0,20700.0,0.0,9422,30075.0,26600.0,9340.0,13546.0,28217,19637,5245.0,0.0,26286.0,35700,17890.0,15505.0,12428.0,0.0
27000,79600.0,4350,2630,0.0,0.0,5086.0,14674.0,83900.0,11460.0,7364.0,223453.0,13058.0,16400,0.0,0.0,17200.0,0.0,6953.0,21450.0,4625.0,10033.0,15400,4896.0,20124.0,0.0,9465,30835.0,26723.0,9385.0,13405.0,29248,19330,5059.0,0.0,25670.0,36095,17850.0,15488.0,12393.0,0.0
27297,80700.0,4415,2625,0.0,0.0,5308.0,14531.0,84436.0,11500.0,7207.0,230396.0,13150.0,16142,0.0,0.0,16711.0,0.0,6950.0,21200.0,4638.0,10128.0,15527,5035.0,20220.0,0.0,9535,31172.0,26620.0,9480.0,13360.0,30618,19650,5021.0,0.0,25650.0,38221,17620.0,15498.0,12355.0,0.0
27423,79225.0,4435,2623,0.0,0.0,5245.0,14410.0,85259.0,11533.0,7270.0,234554.0,13083.0,16005,0.0,0.0,16810.0,0.0,6900.0,21150.0,4651.0,10188.0,15085,5029.0,20436.0,0.0,9600,31390.0,26608.0,9529.0,13350.0,30268,19800,4834.0,0.0,25801.0,38290,17840.0,15421.0,12326.0,0.0
27079,79800.0,4504,2629,0.0,0.0,5292.0,13841.0,84946.0,11950.0,7259.0,230647.0,13053.0,16031,0.0,0.0,16887.0,0.0,6866.0,21104.0,4530.0,10086.0,15370,5085.0,20050.0,0.0,9639,31675.0,25903.0,9650.0,13380.0,30513,20216,4912.0,0.0,26065.0,38315,17739.0,15450.0,12325.0,0.0
27472,76137.0,4522,2590,0.0,0.0,5139.0,14325.0,88144.0,11789.0,6991.0,231347.0,12810.0,15387,0.0,0.0,15990.0,0.0,6737.0,20609.0,4677.0,10602.0,14375,5254.0,19360.0,0.0,9146,32195.0,25970.0,9160.0,12871.0,30608,20405,4636.0,0.0,24150.0,39059,17426.0,15200.0,12200.0,0.0
28026,77823.0,4629,2567,0.0,0.0,5246.0,14921.0,89100.0,12027.0,7055.0,234844.0,12748.0,15660,0.0,0.0,15646.0,0.0,6705.0,20700.0,4795.0,10650.0,14350,5287.0,19629.0,0.0,9160,33037.0,27241.0,9149.0,13049.0,30846,20400,4575.0,0.0,23690.0,40500,17630.0,15200.0,12323.0,0.0
27736,78900.0,4850,2564,0.0,0.0,5623.0,15569.0,88582.0,12188.0,7063.0,238327.0,12720.0,15572,0.0,0.0,15411.0,0.0,6755.0,20569.0,4943.0,10617.0,14267,5396.0,19787.0,0.0,9195,33005.0,26773.0,9160.0,13103.0,32280,20700,4570.0,0.0,23560.0,40516,17455.0,15145.0,12380.0,0.0
28120,75668.0,4925,2525,0.0,0.0,5800.0,16235.0,91600.0,12639.0,6909.0,242703.0,12705.0,15065,0.0,0.0,15160.0,0.0,6300.0,20273.0,5050.0,10705.0,13875,5594.0,19707.0,0.0,9191,33401.0,27109.0,9196.0,12915.0,33968,21480,4527.0,0.0,22888.0,41170,17221.0,14829.0,12175.0,0.0
28000,72000.0,4898,2507,0.0,0.0,5752.0,16450.0,91375.0,12558.0,6958.0,242938.0,12748.0,14869,0.0,0.0,14841.0,0.0,6443.0,20280.0,4986.0,10828.0,13647,5565.0,19328.0,0.0,9180,33654.0,27301.0,9197.0,12856.0,34315,21536,4490.0,0.0,22580.0,41057,17100.0,14750.0,12230.0,0.0
28118,71900.0,4972,2478,0.0,0.0,5793.0,17081.0,91345.0,12540.0,6988.0,240840.0,12950.0,15100,0.0,0.0,14871.0,0.0,6514.0,20415.0,5300.0,10884.0,13720,5485.0,19345.0,0.0,9260,33384.0,27422.0,9283.0,12816.0,35824,20859,4480.0,0.0,22573.0,40823,17260.0,14788.0,12217.0,0.0
28160,74000.0,4786,2440,0.0,0.0,5800.0,16712.0,92150.0,12788.0,6790.0,245082.0,12650.0,14800,0.0,0.0,14541.0,0.0,6512.0,20863.0,5071.0,10891.0,13600,5512.0,18889.0,0.0,9350,33736.0,27900.0,9340.0,12850.0,35240,21199,4460.0,0.0,22530.0,41401,17003.0,14750.0,12245.0,0.0
27989,74654.0,4984,2498,0.0,0.0,5795.0,17495.0,93037.0,12488.0,6840.0,244860.0,12679.0,14889,0.0,0.0,14800.0,0.0,6733.0,20950.0,5235.0,11075.0,13820,5509.0,19323.0,0.0,9351,34000.0,28155.0,9307.0,12975.0,37185,20996,4561.0,0.0,22430.0,41030,17165.0,14790.0,12455.0,0.0
28100,76894.0,4675,2526,0.0,0.0,5590.0,17480.0,91899.0,11690.0,6975.0,246995.0,12772.0,15075,0.0,0.0,15340.0,0.0,6830.0,21600.0,5206.0,11036.0,14349,5328.0,19739.0,0.0,9315,33400.0,27887.0,9241.0,13075.0,35495,19952,4708.0,0.0,23013.0,41616,17688.0,14850.0,12635.0,0.0
28009,77100.0,4834,2531,0.0,0.0,5579.0,17735.0,90355.0,11873.0,7216.0,246798.0,13124.0,15237,0.0,0.0,15799.0,0.0,6857.0,21754.0,5551.0,10761.0,14527,5173.0,20321.0,0.0,9366,33362.0,27633.0,9291.0,13090.0,36715,19663,4814.0,0.0,23259.0,41440,18100.0,14849.0,12439.0,0.0
28009,77100.0,4834,2531,0.0,0.0,5579.0,17735.0,90355.0,11873.0,7216.0,246798.0,13124.0,15237,0.0,0.0,15799.0,0.0,6857.0,21754.0,5551.0,10761.0,14527,5173.0,20321.0,0.0,9366,33362.0,27633.0,9291.0,13090.0,36715,19663,4814.0,0.0,23259.0,41440,18100.0,14849.0,12439.0,0.0
28009,77100.0,4834,2531,0.0,0.0,5579.0,17735.0,90355.0,11873.0,7216.0,246798.0,13124.0,15237,0.0,0.0,15799.0,0.0,6857.0,21754.0,5551.0,10761.0,14527,5173.0,20321.0,0.0,9366,33362.0,27633.0,9291.0,13090.0,36715,19663,4814.0,0.0,23259.0,41440,18100.0,14849.0,12439.0,0.0
26850,76793.0,4689,2570,0.0,0.0,5412.0,17429.0,89552.0,11298.0,7298.0,244338.0,12851.0,15427,0.0,0.0,15457.0,0.0,6860.0,21600.0,5383.0,10587.0,14060,4976.0,20300.0,0.0,9345,32951.0,26904.0,9261.0,12985.0,36400,18980,4726.0,0.0,22456.0,40252,17900.0,14800.0,12299.0,0.0
27177,76649.0,4760,2525,0.0,0.0,5287.0,17140.0,88275.0,10800.0,7200.0,244920.0,13140.0,15495,0.0,0.0,15250.0,0.0,6900.0,21490.0,5326.0,10491.0,14201,5072.0,20143.0,0.0,9465,32702.0,27391.0,9405.0,12946.0,37000,19146,4770.0,0.0,22222.0,40063,17950.0,14711.0,12229.0,0.0
26101,76980.0,4664,2523,0.0,0.0,5321.0,16565.0,88232.0,11049.0,7225.0,247728.0,13250.0,15665,0.0,0.0,15424.0,0.0,6892.0,21571.0,5181.0,10444.0,14273,5064.0,20201.0,0.0,9545,32650.0,26689.0,9462.0,12850.0,35150,19182,4825.0,0.0,22469.0,39679,17850.0,14714.0,12231.0,0.0
26329,76101.0,4590,2498,0.0,0.0,5151.0,16590.0,87365.0,11300.0,7179.0,246337.0,13116.0,15412,0.0,0.0,15275.0,0.0,6800.0,21570.0,5078.0,10389.0,14315,5030.0,20277.0,0.0,9569,32791.0,26594.0,9475.0,12718.0,34263,18855,4830.0,0.0,22110.0,39745,17772.0,14774.0,12100.0,0.0
26616,78000.0,4427,2544,0.0,0.0,5100.0,15756.0,88703.0,11200.0,7400.0,248888.0,13151.0,16053,0.0,0.0,15920.0,0.0,7064.0,22039.0,4746.0,10538.0,14725,5076.0,20640.0,0.0,9724,33465.0,27215.0,9644.0,13173.0,32965,18840,4900.0,0.0,22621.0,40101,18250.0,15013.0,12289.0,0.0
27340,78300.0,4408,2530,0.0,0.0,5020.0,15262.0,89100.0,11156.0,7329.0,253504.0,13271.0,15907,0.0,0.0,16035.0,0.0,7089.0,22171.0,4640.0,10835.0,14793,5255.0,20445.0,0.0,9738,33774.0,28040.0,9650.0,13356.0,32450,18799,4920.0,0.0,22591.0,40500,17950.0,15008.0,12325.0,0.0
27721,77612.0,4290,2546,0.0,0.0,5086.0,15215.0,90722.0,11650.0,7291.0,252229.0,13250.0,16029,0.0,0.0,15706.0,0.0,7090.0,22133.0,4478.0,11241.0,14739,5280.0,20552.0,0.0,9862,34543.0,28624.0,9760.0,13433.0,31655,18871,4944.0,0.0,22600.0,41576,17970.0,15177.0,12443.0,0.0
27721,77612.0,4290,2546,0.0,0.0,5086.0,15215.0,90722.0,11650.0,7291.0,252229.0,13250.0,16029,0.0,0.0,15706.0,0.0,7090.0,22133.0,4478.0,11241.0,14739,5280.0,20552.0,0.0,9862,34543.0,28624.0,9760.0,13433.0,31655,18871,4944.0,0.0,22600.0,41576,17970.0,15177.0,12443.0,0.0
27723,76254.0,4295,2562,0.0,0.0,4970.0,15119.0,90086.0,11388.0,7250.0,253687.0,13423.0,15951,0.0,0.0,15710.0,0.0,7089.0,22184.0,4375.0,11213.0,14836,5294.0,20980.0,0.0,10015,34698.0,28314.0,9917.0,13380.0,33006,19192,4985.0,0.0,22545.0,41000,18018.0,15121.0,12650.0,0.0
27723,76254.0,4295,2562,0.0,0.0,4970.0,15119.0,90086.0,11388.0,7250.0,253687.0,13423.0,15951,0.0,0.0,15710.0,0.0,7089.0,22184.0,4375.0,11213.0,14836,5294.0,20980.0,0.0,10015,34698.0,28314.0,9917.0,13380.0,33006,19192,4985.0,0.0,22545.0,41000,18018.0,15121.0,12650.0,0.0
27949,77550.0,4278,2569,0.0,0.0,5006.0,15111.0,90200.0,11350.0,7252.0,255700.0,13470.0,16479,0.0,0.0,15632.0,0.0,7125.0,22150.0,4310.0,11178.0,15033,5115.0,21101.0,0.0,9950,35028.0,28793.0,9860.0,13376.0,32997,18446,5039.0,0.0,22551.0,41633,18275.0,15101.0,12680.0,0.0
27999,76801.0,4139,2581,0.0,0.0,4668.0,15476.0,90045.0,10979.0,7232.0,256477.0,13436.0,16683,0.0,0.0,15025.0,0.0,7057.0,22035.0,4370.0,11309.0,14750,4911.0,20750.0,0.0,9796,34750.0,28316.0,9687.0,13301.0,31100,17935,5005.0,0.0,22250.0,41550,18144.0,15232.0,12362.0,0.0
27600,77200.0,4123,2581,0.0,0.0,4550.0,14943.0,91747.0,10699.0,7200.0,255830.0,13421.0,16510,0.0,0.0,14994.0,0.0,6950.0,21800.0,4257.0,11600.0,14699,4892.0,20500.0,0.0,9964,35151.0,28200.0,9889.0,13302.0,31433,17394,4802.0,0.0,21790.0,40800,18052.0,15181.0,11900.0,0.0
27614,76566.0,4140,2557,0.0,0.0,4550.0,15050.0,92476.0,10280.0,7135.0,260218.0,13251.0,16720,0.0,0.0,14700.0,0.0,6947.0,21615.0,4310.0,11610.0,14603,5005.0,20300.0,0.0,10002,35657.0,28900.0,9953.0,13200.0,31450,17938,4815.0,0.0,21620.0,40979,18045.0,15200.0,11650.0,0.0
27795,76464.0,4055,2565,0.0,0.0,4555.0,14770.0,93100.0,10200.0,7170.0,260637.0,13335.0,16449,0.0,0.0,14950.0,0.0,6975.0,21748.0,4287.0,11537.0,14700,4996.0,19900.0,0.0,10152,35387.0,29300.0,10167.0,13246.0,30568,17701,4885.0,0.0,21772.0,40500,18201.0,15245.0,11877.0,0.0
28006,76465.0,4165,2550,0.0,0.0,4658.0,14192.0,93600.0,10606.0,7140.0,268792.0,13394.0,16553,0.0,0.0,14850.0,0.0,6963.0,22050.0,4310.0,11480.0,14745,5124.0,20013.0,0.0,10216,35447.0,29700.0,10240.0,13276.0,30991,18087,4901.0,0.0,22172.0,40938,17920.0,15132.0,11871.0,0.0
28110,76997.0,4385,2560,0.0,0.0,4600.0,14770.0,92342.0,10409.0,7249.0,267899.0,13515.0,16874,0.0,0.0,14938.0,0.0,7034.0,22595.0,4550.0,11407.0,14834,5045.0,19600.0,0.0,10185,35300.0,29804.0,10195.0,13408.0,31890,18250,4954.0,0.0,22274.0,41014,17803.0,15200.0,12099.0,0.0
28202,74900.0,4393,2546,0.0,0.0,4653.0,15096.0,91978.0,10355.0,7060.0,267822.0,13671.0,16678,0.0,0.0,14811.0,0.0,7039.0,22500.0,4657.0,11415.0,14819,5006.0,19940.0,0.0,10044,34525.0,29810.0,10066.0,13339.0,32052,18038,4935.0,0.0,21990.0,40817,17850.0,15218.0,12080.0,0.0
28558,77000.0,4275,2545,0.0,0.0,4552.0,15334.0,92650.0,10360.0,6945.0,272668.0,13650.0,16569,0.0,0.0,14675.0,0.0,7085.0,22461.0,4801.0,10834.0,14878,4927.0,20097.0,0.0,10067,34590.0,29980.0,10103.0,13346.0,31250,17982,4947.0,0.0,21944.0,40738,17877.0,15249.0,12104.0,0.0
27531,78000.0,4398,2551,0.0,0.0,4590.0,15021.0,91710.0,10416.0,6937.0,272819.0,13818.0,16976,0.0,0.0,14600.0,0.0,7058.0,22466.0,4826.0,10871.0,14905,5017.0,20057.0,0.0,10126,34600.0,29390.0,10080.0,13300.0,32450,18277,4978.0,0.0,22005.0,40850,17750.0,15286.0,12111.0,0.0
27872,77773.0,4328,2540,0.0,0.0,4510.0,14856.0,92760.0,10550.0,6950.0,266823.0,13764.0,16976,0.0,0.0,14798.0,0.0,7148.0,22505.0,4850.0,10861.0,15035,5011.0,20168.0,0.0,10269,34625.0,30375.0,10200.0,13235.0,32017,18393,5015.0,0.0,22200.0,40800,17692.0,15995.0,12200.0,0.0
27891,77122.0,4280,2514,0.0,0.0,4530.0,15699.0,93690.0,10047.0,6905.0,272319.0,13443.0,16693,0.0,0.0,14450.0,0.0,7047.0,22383.0,5047.0,10807.0,14685,4967.0,19692.0,0.0,10334,34505.0,30700.0,10300.0,12958.0,32444,18423,4950.0,0.0,21700.0,41100,17565.0,16026.0,12130.0,0.0
27648,77605.0,4224,2520,0.0,0.0,4450.0,15500.0,93645.0,10339.0,6839.0,276017.0,13450.0,16466,0.0,0.0,14395.0,0.0,6996.0,22517.0,5104.0,11037.0,14490,5047.0,19800.0,0.0,10562,34423.0,30043.0,10479.0,12747.0,30816,18597,4940.0,0.0,21460.0,41171,17400.0,16085.0,11994.0,0.0
27400,77250.0,4299,2518,0.0,0.0,4549.0,15698.0,92950.0,10563.0,6969.0,276915.0,13554.0,16299,0.0,0.0,14693.0,0.0,6953.0,22075.0,5134.0,11124.0,14562,5114.0,19940.0,0.0,10406,34120.0,30000.0,10402.0,12690.0,31463,18873,4971.0,0.0,21305.0,40900,17508.0,16239.0,11970.0,0.0
27600,78000.0,4365,2518,0.0,0.0,4625.0,15724.0,93857.0,10644.0,6958.0,279415.0,13650.0,16218,0.0,0.0,14975.0,0.0,6914.0,22150.0,5172.0,11104.0,14535,5092.0,20068.0,0.0,10557,33927.0,29525.0,10470.0,12776.0,32000,18650,4961.0,0.0,21437.0,40746,17561.0,16375.0,12000.0,0.0
27998,78400.0,4391,2520,0.0,0.0,4510.0,16044.0,92259.0,10525.0,7046.0,280264.0,13700.0,16608,0.0,0.0,14900.0,0.0,7074.0,22380.0,5167.0,10896.0,15062,4943.0,20467.0,0.0,10552,33867.0,29500.0,10465.0,12974.0,31946,18350,5062.0,0.0,22138.0,41245,17600.0,16596.0,12100.0,0.0
28266,78550.0,4156,2542,0.0,0.0,4429.0,15395.0,91225.0,10604.0,6994.0,277616.0,13741.0,16502,0.0,0.0,14990.0,0.0,7057.0,22432.0,4967.0,10769.0,15434,4925.0,20716.0,0.0,10480,33677.0,29400.0,10390.0,13010.0,30850,18173,5157.0,0.0,22559.0,40772,17229.0,16522.0,11979.0,0.0
29005,79525.0,3750,2547,0.0,0.0,4448.0,14783.0,91479.0,10645.0,6801.0,278844.0,13645.0,16700,0.0,0.0,14627.0,0.0,7025.0,22436.0,4735.0,10767.0,15495,4853.0,20603.0,0.0,10555,33436.0,29500.0,10485.0,12889.0,29514,17729,5129.0,0.0,22551.0,39800,17220.0,16360.0,11903.0,0.0
29501,79810.0,3700,2550,0.0,0.0,4310.0,14975.0,92069.0,10106.0,6721.0,280114.0,13824.0,16850,0.0,0.0,14750.0,0.0,7029.0,22545.0,4849.0,10763.0,15335,4796.0,21112.0,0.0,10370,33190.0,29300.0,10271.0,13000.0,29350,17378,5110.0,0.0,22612.0,39295,17400.0,16745.0,11922.0,0.0
29271,78650.0,3722,2517,0.0,0.0,4260.0,14893.0,92202.0,10174.0,6650.0,279714.0,13752.0,16874,0.0,0.0,14619.0,0.0,6940.0,22167.0,4841.0,10767.0,15199,4885.0,21175.0,0.0,10400,33471.0,29794.0,10358.0,12895.0,29349,17729,5067.0,0.0,22440.0,39405,17401.0,16530.0,12027.0,0.0
29860,79779.0,3664,2529,0.0,0.0,4245.0,14999.0,93258.0,10130.0,6800.0,279814.0,13800.0,17034,0.0,0.0,15239.0,0.0,6948.0,22040.0,4774.0,10833.0,15206,4965.0,21215.0,0.0,10350,34134.0,29323.0,10325.0,12880.0,28407,17860,5078.0,0.0,22315.0,39574,17578.0,16510.0,11920.0,0.0
29700,77878.0,3677,2509,0.0,0.0,4398.0,14850.0,94413.0,10209.0,6740.0,271376.0,13622.0,17086,0.0,0.0,15000.0,0.0,6863.0,21770.0,4640.0,11061.0,14654,4885.0,20900.0,0.0,10315,34498.0,29966.0,10289.0,12812.0,27891,17598,4931.0,0.0,22011.0,39210,17092.0,16526.0,11750.0,0.0
29207,77200.0,3506,2500,0.0,0.0,4156.0,14729.0,92162.0,9699.0,6600.0,269321.0,13536.0,17087,0.0,0.0,14951.0,0.0,6720.0,21301.0,4756.0,10814.0,14370,4750.0,20637.0,0.0,10045,34080.0,29924.0,10001.0,12675.0,27380,17149,4825.0,0.0,21618.0,38313,16025.0,16372.0,11625.0,0.0
28700,77120.0,3527,2470,0.0,0.0,4320.0,14405.0,91878.0,9632.0,6671.0,266796.0,13360.0,17382,0.0,0.0,15700.0,0.0,6809.0,21540.0,4704.0,10813.0,14811,4716.0,20770.0,0.0,9980,33887.0,29893.0,9877.0,12780.0,28400,16900,4947.0,0.0,21860.0,38655,16077.0,16629.0,11755.0,0.0
28900,77775.0,3646,2520,0.0,0.0,4391.0,14565.0,91600.0,9442.0,6859.0,264376.0,13422.0,17522,0.0,0.0,16444.0,0.0,6800.0,21467.0,4750.0,10787.0,15000,4633.0,20630.0,0.0,9827,33825.0,29476.0,9748.0,12825.0,29290,16977,4980.0,0.0,21850.0,37975,15805.0,16767.0,11800.0,0.0
28779,76450.0,3733,2484,0.0,0.0,4403.0,15623.0,92550.0,9450.0,6598.0,262179.0,13050.0,16750,0.0,0.0,15942.0,0.0,6572.0,21228.0,5066.0,10424.0,14357,4643.0,20020.0,0.0,9620,33579.0,29077.0,9580.0,12485.0,29374,17222,4850.0,0.0,21200.0,37950,15550.0,16650.0,11550.0,0.0
28610,76937.0,3650,2500,0.0,0.0,4262.0,15648.0,92703.0,9557.0,6564.0,262006.0,13120.0,16705,0.0,0.0,16305.0,0.0,6589.0,21102.0,4976.0,10555.0,14228,4749.0,19927.0,0.0,9556,33605.0,29225.0,9560.0,12576.0,27490,17345,4800.0,0.0,20950.0,37876,15494.0,16689.0,11453.0,0.0
27799,76350.0,3524,2500,0.0,0.0,4106.0,15371.0,92304.0,9535.0,6401.0,264724.0,13200.0,16123,0.0,0.0,16126.0,0.0,6610.0,20759.0,4820.0,10519.0,14102,4813.0,19440.0,0.0,9545,33633.0,29600.0,9553.0,12490.0,27461,17731,4721.0,0.0,20802.0,36721,15440.0,16466.0,11413.0,0.0
27878,77850.0,3670,2480,0.0,0.0,4587.0,15595.0,90125.0,9670.0,6444.0,268125.0,13484.0,16100,0.0,0.0,16310.0,0.0,6702.0,20900.0,4797.0,10488.0,14200,4841.0,19955.0,0.0,9479,33571.0,29442.0,9493.0,12771.0,29373,17797,4726.0,0.0,20925.0,36918,15515.0,16630.0,11320.0,0.0
27500,78000.0,3646,2522,0.0,0.0,4484.0,15148.0,88383.0,9633.0,6377.0,252333.0,13579.0,16099,0.0,0.0,16400.0,0.0,6700.0,20972.0,4704.0,10344.0,14310,4766.0,20053.0,0.0,9415,33200.0,29517.0,9405.0,12925.0,30416,17626,4759.0,0.0,21313.0,37225,15568.0,16600.0,11491.0,0.0
27500,77769.0,3688,2510,0.0,0.0,4510.0,14580.0,88123.0,9720.0,6334.0,254107.0,13550.0,16047,0.0,0.0,16164.0,0.0,6658.0,20966.0,4620.0,10560.0,14330,4744.0,19800.0,0.0,9470,33287.0,29013.0,9484.0,12907.0,30062,17675,4770.0,0.0,21154.0,36557,15600.0,16651.0,11386.0,0.0
27650,78486.0,3739,2500,0.0,0.0,4550.0,14726.0,87833.0,9600.0,6342.0,255231.0,13764.0,16115,0.0,0.0,16300.0,0.0,6665.0,20950.0,4693.0,10363.0,14423,4666.0,20417.0,0.0,9522,33119.0,29200.0,9499.0,12834.0,30306,17171,4765.0,0.0,21250.0,36390,15565.0,16610.0,11160.0,0.0
27801,75606.0,3650,2475,0.0,0.0,4317.0,13831.0,89113.0,8934.0,6227.0,249621.0,13820.0,15663,0.0,0.0,15788.0,0.0,6450.0,20688.0,4480.0,10488.0,14174,4614.0,19850.0,0.0,9510,32903.0,28870.0,9450.0,12462.0,28131,16331,4733.0,0.0,20769.0,36288,15250.0,16429.0,11041.0,0.0
27801,75606.0,3650,2475,0.0,0.0,4317.0,13831.0,89113.0,8934.0,6227.0,249621.0,13820.0,15663,0.0,0.0,15788.0,0.0,6450.0,20688.0,4480.0,10488.0,14174,4614.0,19850.0,0.0,9510,32903.0,28870.0,9450.0,12462.0,28131,16331,4733.0,0.0,20769.0,36288,15250.0,16429.0,11041.0,0.0
27786,78250.0,3640,2480,0.0,0.0,4432.0,13083.0,91990.0,8954.0,6241.0,259319.0,14050.0,15915,0.0,0.0,16000.0,0.0,6500.0,20800.0,4414.0,10687.0,14134,4768.0,20435.0,0.0,9680,34858.0,29900.0,9699.0,12937.0,28658,16387,4751.0,0.0,20960.0,36956,15250.0,16554.0,11166.0,0.0
27530,79795.0,3415,2465,0.0,0.0,4224.0,12975.0,92100.0,8667.0,6240.0,256930.0,14020.0,15680,0.0,0.0,15760.0,0.0,6410.0,20459.0,4394.0,10800.0,13871,4600.0,19900.0,0.0,9615,34485.0,29143.0,9631.0,13025.0,28016,15878,4700.0,0.0,20875.0,36294,15288.0,16512.0,11075.0,0.0
27942,79426.0,3391,2483,0.0,0.0,4155.0,13260.0,91800.0,8835.0,6225.0,259311.0,14203.0,15877,0.0,0.0,15500.0,0.0,6514.0,20500.0,4530.0,10705.0,13812,4684.0,20000.0,0.0,9677,34822.0,29974.0,9607.0,13200.0,28333,16221,4724.0,0.0,20883.0,35999,15227.0,16150.0,11361.0,0.0
27955,78498.0,3437,2465,0.0,0.0,4191.0,13850.0,90603.0,8712.0,6178.0,257010.0,13882.0,15513,0.0,0.0,15527.0,0.0,6474.0,20287.0,4655.0,10794.0,13849,4620.0,19726.0,0.0,9468,33855.0,29451.0,9443.0,12968.0,29100,16146,4710.0,0.0,20500.0,36000,15225.0,16098.0,11349.0,0.0
28438,78500.0,3550,2491,0.0,0.0,4010.0,13711.0,90250.0,8641.0,6289.0,263686.0,14000.0,15878,0.0,0.0,15483.0,0.0,6537.0,21082.0,4667.0,10760.0,14036,4606.0,19750.0,0.0,9523,33838.0,29121.0,9485.0,13050.0,29650,16098,4768.0,0.0,20601.0,36060,15352.0,16332.0,11385.0,0.0
28135,79341.0,3505,2480,0.0,0.0,3925.0,13488.0,89603.0,8499.0,6290.0,261492.0,14020.0,15848,0.0,0.0,15479.0,0.0,6518.0,21166.0,4542.0,10657.0,14380,4535.0,19642.0,0.0,9573,33242.0,28672.0,9570.0,12970.0,28840,15922,4806.0,0.0,20975.0,36000,15399.0,16350.0,11372.0,0.0
28110,79250.0,3590,2483,0.0,0.0,3976.0,13815.0,89648.0,8790.0,6299.0,260627.0,14000.0,15800,0.0,0.0,15484.0,0.0,6483.0,20930.0,4672.0,10740.0,14212,4740.0,19792.0,0.0,9375,33200.0,28900.0,9377.0,12775.0,28809,16790,4760.0,0.0,20809.0,36612,15400.0,16356.0,11254.0,0.0
28473,80483.0,3553,2475,0.0,0.0,3817.0,13223.0,90099.0,8623.0,6225.0,257829.0,13814.0,15904,0.0,0.0,15233.0,0.0,6555.0,21083.0,4579.0,10825.0,14450,4773.0,19815.0,0.0,9556,33763.0,29758.0,9619.0,12970.0,28475,17055,4789.0,0.0,21050.0,36950,15390.0,16316.0,11300.0,0.0
28079,81953.0,3546,2456,0.0,0.0,3867.0,12844.0,88650.0,9009.0,6172.0,254829.0,13891.0,15560,0.0,0.0,15500.0,0.0,6538.0,21144.0,4354.0,10658.0,14297,4909.0,19900.0,0.0,9565,33360.0,29299.0,9611.0,12850.0,28481,17475,4740.0,0.0,20851.0,36380,15384.0,16267.0,11319.0,0.0
28710,83000.0,3685,2448,0.0,0.0,4045.0,12800.0,89345.0,9300.0,6165.0,254331.0,14000.0,15758,0.0,0.0,15600.0,0.0,6480.0,21346.0,4493.0,10817.0,14404,4901.0,19938.0,0.0,9650,34065.0,29922.0,9730.0,12792.0,29975,17552,4715.0,0.0,20879.0,36650,15411.0,16427.0,11410.0,0.0
28510,81728.0,3614,2455,0.0,0.0,3945.0,12503.0,89589.0,9560.0,6280.0,259989.0,13950.0,15924,0.0,0.0,15550.0,0.0,6592.0,21700.0,4449.0,10934.0,14462,5148.0,19683.0,0.0,9785,34274.0,30030.0,9805.0,12719.0,30015,18131,4788.0,0.0,21028.0,37251,15400.0,16411.0,11433.0,0.0
29050,80453.0,3685,2456,0.0,0.0,3996.0,12814.0,88900.0,9610.0,6284.0,248635.0,14100.0,16051,0.0,0.0,15651.0,0.0,6625.0,21570.0,4581.0,10903.0,14605,5190.0,19825.0,0.0,9891,34588.0,30300.0,9931.0,12825.0,30418,18307,4835.0,0.0,21097.0,37450,15563.0,16577.0,11553.0,0.0
29784,79526.0,3785,2460,0.0,0.0,4054.0,13128.0,91483.0,9635.0,6225.0,252803.0,14143.0,15676,0.0,0.0,15491.0,0.0,6650.0,21510.0,4662.0,11005.0,14665,5332.0,19670.0,0.0,9801,35256.0,31665.0,9870.0,12861.0,30863,18349,4820.0,0.0,20902.0,37526,15414.0,16638.0,11754.0,0.0
29366,79600.0,3765,2450,0.0,0.0,3989.0,13230.0,90146.0,9739.0,6229.0,249235.0,14200.0,15980,0.0,0.0,15575.0,0.0,6710.0,21523.0,4701.0,10755.0,14611,5200.0,19624.0,0.0,9866,34400.0,31900.0,9954.0,12990.0,31349,18298,4880.0,0.0,20992.0,37288,15475.0,16680.0,11750.0,0.0
28950,79445.0,3661,2434,0.0,0.0,3813.0,12724.0,90506.0,9530.0,6046.0,247307.0,14166.0,15552,0.0,0.0,15461.0,0.0,6639.0,21200.0,4603.0,10822.0,14445,5111.0,19629.0,0.0,9793,34419.0,31900.0,9892.0,12880.0,30600,18143,4813.0,0.0,20598.0,36800,15515.0,16643.0,11575.0,0.0
28849,78800.0,3604,2447,0.0,0.0,3769.0,13072.0,90068.0,9620.0,6000.0,251583.0,14076.0,15631,0.0,0.0,15648.0,0.0,6581.0,21200.0,4761.0,10861.0,14650,5160.0,19660.0,0.0,9837,34887.0,31724.0,9933.0,12924.0,29903,18433,4811.0,0.0,20735.0,36698,15401.0,16800.0,11630.0,0.0
28768,78236.0,3539,2434,0.0,0.0,3700.0,13296.0,89942.0,9645.0,5880.0,258329.0,14102.0,15437,0.0,0.0,15500.0,0.0,6457.0,21100.0,4848.0,10900.0,14456,5340.0,19450.0,0.0,9686,34752.0,31523.0,9796.0,13000.0,30261,18967,4750.0,0.0,20508.0,36859,15320.0,16900.0,11580.0,0.0
28950,80434.0,3580,2470,0.0,0.0,3750.0,13439.0,90219.0,9695.0,5876.0,262626.0,14213.0,15913,17675.0,0.0,15822.0,0.0,6598.0,21390.0,4920.0,10912.0,14888,5414.0,19900.0,0.0,9809,34464.0,31950.0,9869.0,13237.0,31019,18768,4880.0,0.0,20850.0,37400,15409.0,17025.0,11873.0,0.0
28300,82000.0,3526,2500,0.0,0.0,3826.0,13140.0,90572.0,9700.0,5986.0,268428.0,14450.0,15840,17740.0,0.0,16134.0,0.0,6625.0,21471.0,4858.0,10891.0,15170,5395.0,20131.0,0.0,9900,34960.0,31586.0,9979.0,13425.0,30772,18789,4964.0,0.0,21150.0,37407,15599.0,17048.0,12055.0,0.0
28187,83250.0,3520,2513,0.0,0.0,3815.0,12875.0,89800.0,9747.0,6077.0,271020.0,14310.0,16116,17750.0,0.0,16800.0,0.0,6660.0,21530.0,4904.0,10796.0,15230,5397.0,20400.0,0.0,9928,34360.0,31284.0,9990.0,13658.0,31318,19236,5008.0,0.0,21850.0,37875,16070.0,17221.0,12170.0,0.0
28050,84077.0,3634,2521,0.0,0.0,3975.0,12680.0,89665.0,10010.0,6060.0,270820.0,14473.0,16496,17690.0,0.0,16895.0,0.0,6790.0,21598.0,4944.0,10888.0,15438,5425.0,20557.0,0.0,9910,34587.0,31067.0,9968.0,13588.0,31805,19205,5035.0,0.0,21840.0,37990,16032.0,17429.0,12300.0,0.0
27282,83497.0,3574,2496,0.0,0.0,4021.0,12625.0,88327.0,10046.0,6065.0,269320.0,14500.0,16398,17600.0,0.0,16653.0,0.0,6675.0,21404.0,4850.0,10758.0,15330,5382.0,20000.0,0.0,9769,34005.0,30887.0,9872.0,13475.0,31550,18931,5000.0,0.0,21252.0,37420,16245.0,17357.0,11975.0,0.0
27255,84203.0,3708,2499,0.0,0.0,4175.0,12488.0,89500.0,10237.0,6171.0,277716.0,14680.0,16949,17699.0,0.0,17000.0,0.0,6826.0,21480.0,4889.0,10870.0,15700,5435.0,20723.0,0.0,9915,34470.0,31237.0,9988.0,13648.0,32372,19199,5145.0,0.0,21650.0,37853,16250.0,17550.0,12181.0,0.0
27367,83800.0,3705,2507,0.0,0.0,4170.0,12406.0,91415.0,10161.0,6328.0,278724.0,14725.0,16900,17750.0,0.0,17560.0,0.0,6873.0,21400.0,4883.0,10859.0,15880,5410.0,20300.0,0.0,9935,34506.0,31589.0,10001.0,13825.0,31586,18703,5182.0,0.0,21500.0,37995,16705.0,17323.0,12346.0,0.0
27512,84834.0,3686,2493,0.0,0.0,4170.0,12448.0,91845.0,10162.0,6250.0,280439.0,14800.0,16859,17700.0,0.0,17700.0,0.0,6911.0,21420.0,4875.0,10912.0,15920,5269.0,19982.0,0.0,9864,34279.0,30725.0,9952.0,13775.0,31152,18450,5175.0,0.0,21326.0,36789,16551.0,18050.0,12432.0,0.0
27725,84553.0,3526,2500,0.0,0.0,4149.0,12463.0,91477.0,10228.0,6384.0,285810.0,14789.0,16906,17700.0,0.0,17950.0,0.0,6866.0,21590.0,4900.0,10892.0,15995,5295.0,20030.0,0.0,9888,34268.0,30229.0,9976.0,13721.0,30547,18564,5214.0,0.0,21335.0,37193,16391.0,18310.0,12564.0,0.0
27800,84200.0,3470,2470,0.0,0.0,4332.0,12346.0,89950.0,10690.0,6325.0,286031.0,14675.0,16562,17675.0,0.0,17439.0,0.0,6711.0,21100.0,4890.0,10850.0,15971,5628.0,20054.0,0.0,9903,34209.0,30787.0,9970.0,13641.0,31106,19955,5110.0,0.0,21166.0,38758,16003.0,17986.0,12424.0,0.0
28002,85047.0,3437,2488,0.0,0.0,4250.0,12500.0,90876.0,10750.0,6361.0,286610.0,14746.0,17000,17700.0,0.0,17480.0,0.0,6741.0,21300.0,5034.0,10853.0,16068,5605.0,20060.0,0.0,9785,34833.0,31376.0,9857.0,13800.0,31575,20227,5175.0,0.0,21500.0,38700,15994.0,17928.0,12723.0,0.0
27903,85000.0,3489,2477,0.0,0.0,4394.0,12737.0,90562.0,10849.0,6336.0,286075.0,14924.0,16841,17406.0,0.0,17425.0,0.0,6721.0,21490.0,5044.0,10925.0,16312,5660.0,20406.0,0.0,9822,34570.0,31370.0,9890.0,13702.0,32089,20836,5190.0,0.0,21800.0,39202,16297.0,17800.0,11862.0,0.0
27600,86497.0,3500,2485,0.0,0.0,4381.0,13140.0,84196.0,10732.0,6395.0,284834.0,14860.0,16899,17441.0,0.0,17650.0,0.0,6769.0,21500.0,5225.0,11045.0,16473,5645.0,20415.0,0.0,9765,34222.0,31740.0,9840.0,14100.0,32000,21050,5200.0,0.0,21982.0,39871,16605.0,17785.0,11921.0,0.0
27626,85979.0,3521,2478,0.0,0.0,4592.0,13310.0,82522.0,10892.0,6300.0,290657.0,14926.0,16769,17555.0,0.0,17313.0,0.0,6635.0,21375.0,5298.0,11215.0,16373,5803.0,20168.0,0.0,9855,34551.0,31634.0,9958.0,14031.0,32269,21675,5186.0,0.0,21907.0,39701,16515.0,17807.0,11849.0,0.0
27800,85902.0,3625,2486,0.0,0.0,4740.0,13311.0,84201.0,10975.0,6300.0,290657.0,15008.0,16531,17700.0,0.0,17400.0,0.0,6636.0,21300.0,5300.0,11335.0,16214,5910.0,20410.0,0.0,9927,34990.0,31624.0,10034.0,14200.0,32023,21800,5187.0,0.0,21767.0,39681,16500.0,18005.0,11850.0,0.0
27800,86460.0,3620,2505,0.0,0.0,4709.0,12795.0,84322.0,10868.0,6290.0,284811.0,15032.0,16793,17715.0,0.0,17337.0,0.0,6633.0,21363.0,5224.0,11386.0,16286,5821.0,20619.0,0.0,9838,35153.0,31850.0,9928.0,14312.0,32199,21459,5206.0,0.0,21811.0,39436,16800.0,18350.0,11925.0,0.0
28000,86521.0,3795,2550,0.0,0.0,4700.0,12694.0,87350.0,11088.0,6424.0,282319.0,14956.0,17050,17850.0,0.0,17427.0,0.0,6820.0,21615.0,5269.0,11665.0,16592,5892.0,20800.0,0.0,9923,34261.0,31872.0,10018.0,14293.0,33425,21980,5309.0,0.0,22124.0,40349,16949.0,18458.0,11711.0,0.0
27900,86211.0,3884,2523,0.0,0.0,4700.0,12263.0,88005.0,11300.0,6494.0,283406.0,14627.0,17482,17945.0,0.0,17299.0,0.0,6850.0,21601.0,5265.0,11849.0,16600,5918.0,20902.0,0.0,9942,34621.0,31850.0,10025.0,14400.0,33581,22350,5335.0,0.0,22590.0,40963,16931.0,18256.0,11650.0,0.0
28558,86700.0,3795,2548,0.0,0.0,4565.0,12108.0,87435.0,11445.0,6591.0,288029.0,14670.0,17770,18100.0,0.0,17485.0,0.0,6950.0,21900.0,5250.0,11656.0,16600,5977.0,20010.0,0.0,9890,34539.0,31750.0,9960.0,14457.0,32700,22618,5437.0,0.0,22971.0,40661,16800.0,18551.0,12065.0,0.0
28298,86000.0,3804,2505,0.0,0.0,4515.0,12179.0,85824.0,11352.0,6653.0,289308.0,14714.0,17748,18020.0,0.0,17600.0,0.0,7002.0,22137.0,5217.0,11562.0,16431,5933.0,19990.0,0.0,9923,34460.0,31500.0,10006.0,14480.0,33062,21789,5480.0,0.0,22850.0,40820,16805.0,18414.0,12065.0,0.0
28298,86000.0,3804,2505,0.0,0.0,4515.0,12179.0,85824.0,11352.0,6653.0,289308.0,14714.0,17748,18020.0,0.0,17600.0,0.0,7002.0,22137.0,5217.0,11562.0,16431,5933.0,19990.0,0.0,9923,34460.0,31500.0,10006.0,14480.0,33062,21789,5480.0,0.0,22850.0,40820,16805.0,18414.0,12065.0,0.0
27550,84808.0,3913,2497,0.0,0.0,4619.0,13076.0,84914.0,11403.0,6438.0,284311.0,14500.0,17351,18175.0,0.0,17352.0,0.0,6938.0,22032.0,5486.0,11552.0,16341,5757.0,19807.0,0.0,9969,34634.0,31602.0,10002.0,14550.0,33892,22154,5447.0,0.0,22398.0,41000,16662.0,18309.0,12020.0,0.0
27568,85000.0,3887,2488,0.0,0.0,4630.0,13039.0,84809.0,11150.0,6445.0,276270.0,14350.0,17236,18300.0,0.0,17576.0,0.0,6837.0,22035.0,5492.0,11545.0,16150,5625.0,19750.0,0.0,9925,34987.0,31600.0,9976.0,14500.0,33473,21481,5415.0,0.0,22379.0,41000,16665.0,18105.0,12045.0,0.0
27201,85223.0,3865,2495,0.0,0.0,4425.0,13279.0,83750.0,10997.0,6440.0,284311.0,14259.0,17194,18601.0,0.0,17685.0,0.0,6865.0,22000.0,5414.0,11590.0,16300,5713.0,19758.0,0.0,9933,34700.0,31077.0,9936.0,14546.0,33160,21736,5450.0,0.0,22594.0,40650,16734.0,18229.0,12050.0,0.0
27200,84670.0,3730,2490,0.0,0.0,4266.0,12980.0,84134.0,10820.0,6400.0,280314.0,14350.0,17087,18500.0,0.0,17543.0,0.0,6866.0,22020.0,5267.0,11413.0,16286,5677.0,19671.0,0.0,9856,34487.0,30915.0,9876.0,14544.0,32527,21225,5460.0,0.0,22500.0,39616,16837.0,18229.0,12320.0,0.0
27384,86300.0,3742,2504,0.0,0.0,4345.0,12915.0,82670.0,10870.0,6400.0,288524.0,14428.0,17255,18750.0,0.0,17525.0,0.0,6927.0,22170.0,5203.0,11359.0,16387,5861.0,19629.0,0.0,9970,34955.0,30735.0,10036.0,14656.0,32102,21901,5520.0,0.0,22750.0,39991,16704.0,18212.0,12610.0,0.0
27277,86100.0,3790,2512,0.0,0.0,4322.0,13035.0,82300.0,10800.0,6492.0,288442.0,14547.0,17111,18565.0,0.0,17620.0,0.0,6947.0,22100.0,5448.0,11293.0,16213,5868.0,19799.0,0.0,9945,34984.0,30826.0,9923.0,14510.0,32822,21714,5539.0,0.0,22500.0,39902,16800.0,18037.0,12579.0,0.0
27187,86066.0,3880,2507,0.0,0.0,4353.0,13467.0,80615.0,11200.0,6440.0,289808.0,14500.0,17050,18574.0,0.0,17639.0,0.0,6885.0,21844.0,5725.0,11277.0,16201,5814.0,20012.0,0.0,9870,35117.0,30800.0,9860.0,14337.0,34209,21740,5520.0,0.0,22380.0,39057,16814.0,18084.0,12610.0,0.0
27388,86575.0,3920,2495,0.0,0.0,4389.0,13118.0,81000.0,11697.0,6496.0,289687.0,14658.0,17214,18650.0,0.0,17800.0,0.0,6919.0,21900.0,5825.0,11287.0,16164,5814.0,20100.0,0.0,9880,35345.0,30800.0,9880.0,14300.0,34566,21992,5555.0,0.0,22358.0,39280,17115.0,18060.0,12500.0,0.0
27500,87800.0,3858,2480,0.0,0.0,4437.0,12220.0,81152.0,11840.0,6728.0,292450.0,14762.0,17300,18650.0,0.0,18300.0,0.0,7006.0,21952.0,5729.0,11441.0,16480,5860.0,21711.0,0.0,10055,35526.0,31131.0,10051.0,14425.0,34700,22222,5663.0,0.0,22200.0,39400,17412.0,18310.0,12424.0,0.0
27386,88307.0,3785,2482,0.0,0.0,4305.0,12143.0,80150.0,12027.0,6603.0,299102.0,14665.0,17377,18661.0,0.0,18400.0,0.0,7031.0,22000.0,5650.0,11486.0,16310,5969.0,21591.0,0.0,10020,35299.0,30700.0,10009.0,14642.0,34706,22299,5625.0,0.0,21666.0,39097,17200.0,18270.0,12233.0,0.0
27896,88600.0,3939,2488,0.0,0.0,4390.0,11988.0,82044.0,12329.0,6435.0,301525.0,14720.0,17487,18590.0,0.0,18800.0,0.0,7242.0,22200.0,5477.0,11649.0,16680,5966.0,21935.0,0.0,10144,35650.0,30005.0,10109.0,14855.0,34710,22503,5701.0,0.0,21894.0,39000,17561.0,18399.0,12510.0,0.0
28402,88700.0,3967,2443,0.0,0.0,4580.0,11800.0,81276.0,12480.0,6222.0,300800.0,14749.0,17560,18404.0,0.0,18700.0,0.0,7242.0,22350.0,5422.0,11653.0,16994,5974.0,21729.0,0.0,10116,35450.0,29540.0,10100.0,14853.0,34800,22673,5726.0,0.0,22100.0,39000,17243.0,18421.0,12500.0,0.0
29200,88046.0,3954,2472,0.0,0.0,4725.0,12100.0,81484.0,12355.0,6018.0,294605.0,14690.0,17476,18441.0,0.0,18550.0,0.0,7219.0,22400.0,5517.0,11728.0,16902,5980.0,22050.0,0.0,10120,35400.0,29850.0,10110.0,14920.0,34931,22790,5695.0,0.0,22180.0,39063,17150.0,18385.0,12798.0,0.0
29150,89100.0,4143,2472,0.0,0.0,4930.0,13045.0,80000.0,12405.0,5942.0,291548.0,14750.0,17200,18597.0,0.0,18519.0,0.0,7181.0,22088.0,5831.0,11735.0,17047,5916.0,22055.0,0.0,10023,35036.0,29985.0,10000.0,14987.0,35200,22759,5676.0,0.0,22200.0,38800,17170.0,18156.0,12800.0,0.0
28964,88700.0,4080,2494,0.0,0.0,4900.0,13167.0,80119.0,12545.0,5950.0,292449.0,14733.0,17055,18755.0,0.0,18226.0,0.0,7092.0,21703.0,5775.0,11586.0,16780,5995.0,22221.0,0.0,9855,35076.0,29382.0,9842.0,14893.0,35300,22911,5567.0,0.0,22157.0,38453,16800.0,18150.0,12700.0,0.0
28991,90050.0,4020,2515,0.0,0.0,4919.0,13166.0,80750.0,13087.0,5934.0,293902.0,14880.0,17145,18850.0,0.0,18125.0,0.0,7180.0,21735.0,5800.0,11576.0,16743,6052.0,22539.0,0.0,9907,35450.0,29544.0,9875.0,15060.0,35250,23506,5553.0,0.0,21987.0,39188,16905.0,18159.0,12923.0,0.0
29061,89172.0,4012,2571,0.0,0.0,4939.0,13073.0,80795.0,12724.0,6000.0,292706.0,15130.0,17220,18750.0,0.0,18750.0,0.0,7151.0,21680.0,5670.0,11577.0,16679,6156.0,22300.0,0.0,9890,35638.0,30061.0,9913.0,14859.0,35100,23695,5607.0,0.0,21845.0,39003,17119.0,18200.0,12857.0,0.0
29237,89991.0,4100,2558,0.0,0.0,5042.0,13758.0,80900.0,12895.0,6013.0,289346.0,14938.0,17100,18799.0,0.0,18505.0,0.0,7087.0,21609.0,5942.0,11535.0,16600,6169.0,22200.0,0.0,9842,35100.0,29907.0,9857.0,14600.0,35270,23886,5561.0,0.0,21448.0,38900,16785.0,17985.0,12670.0,0.0
28814,89771.0,4062,2568,0.0,0.0,5000.0,13390.0,80277.0,13040.0,6015.0,287709.0,15154.0,16950,18655.0,0.0,18260.0,0.0,6998.0,21560.0,5861.0,11596.0,16560,6085.0,22100.0,0.0,9910,34800.0,29705.0,9915.0,14427.0,35200,23857,5528.0,0.0,21330.0,39050,16650.0,17830.0,12607.0,0.0
28109,87375.0,4065,2565,0.0,0.0,5030.0,13329.0,80855.0,12790.0,6007.0,286897.0,15134.0,16871,18300.0,0.0,17964.0,0.0,6854.0,21350.0,5954.0,11536.0,16327,6097.0,21352.0,0.0,9800,34323.0,29446.0,9800.0,14260.0,35810,23736,5445.0,0.0,20323.0,38599,16710.0,16428.0,12401.0,0.0
28600,89103.0,4050,2561,0.0,0.0,5051.0,13750.0,82643.0,12649.0,5991.0,288596.0,15000.0,17000,18449.0,0.0,18070.0,0.0,6771.0,21432.0,5899.0,11790.0,16575,6186.0,21500.0,0.0,9848,34150.0,29600.0,9832.0,14453.0,35698,23950,5460.0,0.0,20500.0,39096,16834.0,16570.0,12387.0,0.0
28676,91205.0,4099,2561,0.0,0.0,5065.0,13763.0,83613.0,12588.0,6026.0,286194.0,15105.0,16884,18650.0,0.0,18050.0,0.0,6760.0,21524.0,5898.0,11878.0,16314,6192.0,21475.0,0.0,9775,34397.0,29360.0,9812.0,14289.0,35713,23471,5490.0,0.0,20545.0,39300,16650.0,16499.0,12205.0,0.0
28866,90032.0,3925,2565,0.0,0.0,4837.0,12989.0,83539.0,12600.0,6001.0,295069.0,15383.0,16771,18595.0,0.0,18115.0,0.0,6742.0,21557.0,5716.0,11958.0,16289,6264.0,21289.0,0.0,9860,35013.0,29071.0,9875.0,14375.0,35001,23699,5500.0,0.0,20500.0,38996,16601.0,16550.0,12136.0,0.0
29141,90300.0,3983,2565,0.0,0.0,4890.0,12682.0,83074.0,12784.0,6120.0,298302.0,15270.0,16543,18644.0,0.0,18409.0,0.0,6840.0,21560.0,5727.0,12030.0,16238,6410.0,21180.0,0.0,9909,35960.0,28790.0,9880.0,14371.0,35200,23985,5475.0,0.0,20400.0,39000,16752.0,16590.0,12222.0,0.0
28554,89812.0,3935,2560,0.0,0.0,4868.0,12679.0,83917.0,12539.0,5880.0,297009.0,15285.0,16420,18690.0,0.0,18550.0,0.0,6789.0,21500.0,5750.0,12030.0,15898,6310.0,21275.0,0.0,9979,36000.0,29482.0,9967.0,14400.0,35100,23527,5452.0,0.0,20000.0,39236,16852.0,16500.0,12372.0,0.0
30984,88700.0,3680,2570,0.0,0.0,4716.0,12860.0,82950.0,11900.0,5880.0,296329.0,15250.0,16298,18780.0,0.0,18475.0,0.0,6847.0,21160.0,5778.0,11830.0,15850,6175.0,21187.0,0.0,10030,35725.0,29975.0,9993.0,14250.0,35190,23089,5404.0,0.0,20126.0,40108,16653.0,16365.0,12318.0,0.0
30974,87608.0,3423,2563,0.0,0.0,4710.0,13145.0,84900.0,12100.0,5976.0,292206.0,15400.0,16128,18694.0,0.0,18459.0,0.0,6708.0,21021.0,5813.0,11950.0,15681,6163.0,20975.0,0.0,9902,35834.0,30509.0,9891.0,14200.0,34649,23206,5288.0,0.0,20068.0,39357,16705.0,16070.0,12144.0,0.0
30700,89216.0,3320,2550,0.0,0.0,4690.0,12623.0,84356.0,11900.0,6008.0,295394.0,15195.0,16628,18551.0,0.0,18521.0,0.0,6852.0,21100.0,5675.0,12154.0,16112,6188.0,20907.0,0.0,9987,36950.0,30790.0,10038.0,14600.0,34089,23264,5456.0,0.0,20550.0,39633,16690.0,16103.0,12083.0,0.0
30476,88676.0,3322,2555,0.0,0.0,4554.0,12721.0,84089.0,11850.0,6030.0,297303.0,15103.0,16564,18765.0,0.0,18435.0,0.0,6815.0,21205.0,5780.0,12043.0,16122,6228.0,20753.0,0.0,10082,36501.0,30502.0,10107.0,14379.0,34265,23182,5424.0,0.0,20590.0,39849,16726.0,15850.0,12252.0,0.0
30332,89783.0,3290,2465,0.0,0.0,4549.0,12821.0,83013.0,11906.0,6089.0,297244.0,15368.0,16602,18780.0,0.0,18650.0,0.0,6820.0,21329.0,5958.0,11835.0,16342,6248.0,20604.0,0.0,9996,36401.0,30533.0,9956.0,14472.0,34639,23200,5442.0,0.0,20729.0,37300,16726.0,16017.0,12372.0,0.0
30370,91300.0,3260,2510,0.0,0.0,4728.0,12138.0,81886.0,11995.0,5980.0,298540.0,15800.0,16768,18952.0,0.0,18051.0,0.0,6843.0,21055.0,5735.0,11884.0,16039,6230.0,20420.0,0.0,9816,36450.0,30719.0,9882.0,14423.0,34550,23900,5343.0,0.0,20337.0,37800,16690.0,16150.0,12552.0,0.0
31208,90872.0,3227,2515,0.0,0.0,4706.0,12450.0,82342.0,11949.0,6015.0,296200.0,15700.0,16706,18940.0,0.0,18019.0,0.0,6911.0,21150.0,5765.0,11942.0,16265,6160.0,20600.0,0.0,9902,36392.0,30490.0,9916.0,14222.0,34372,23711,5350.0,0.0,20447.0,37450,16790.0,16136.0,12687.0,0.0
31208,90872.0,3227,2515,0.0,0.0,4706.0,12450.0,82342.0,11949.0,6015.0,296200.0,15700.0,16706,18940.0,0.0,18019.0,0.0,6911.0,21150.0,5765.0,11942.0,16265,6160.0,20600.0,0.0,9902,36392.0,30490.0,9916.0,14222.0,34372,23711,5350.0,0.0,20447.0,37450,16790.0,16136.0,12687.0,0.0
30601,88900.0,3208,2495,0.0,0.0,4843.0,12677.0,83558.0,11749.0,5901.0,286759.0,15754.0,16650,18580.0,0.0,17840.0,0.0,6749.0,20803.0,5808.0,11938.0,15772,6175.0,20552.0,0.0,9725,36098.0,29003.0,9730.0,14164.0,35000,23120,5272.0,0.0,20190.0,37412,16625.0,16140.0,12675.0,0.0
30270,87700.0,3232,2470,0.0,0.0,4747.0,12704.0,85200.0,12088.0,5920.0,287568.0,15619.0,16980,18521.0,0.0,17560.0,0.0,6685.0,20714.0,5805.0,12139.0,15658,6247.0,20381.0,0.0,9820,36450.0,29015.0,9819.0,14200.0,35427,23818,5199.0,0.0,20140.0,37175,16600.0,16051.0,12445.0,0.0
30100,85750.0,3179,2430,0.0,0.0,4701.0,12550.0,84299.0,12069.0,5986.0,286500.0,15600.0,17201,18499.0,0.0,17507.0,0.0,6647.0,20495.0,5776.0,12142.0,15725,6126.0,20362.0,0.0,9718,36326.0,29736.0,9795.0,14030.0,34500,23643,5183.0,0.0,20230.0,37150,16600.0,16105.0,12349.0,0.0
30359,85907.0,3100,2430,0.0,0.0,4673.0,12730.0,84642.0,12285.0,5989.0,292000.0,15803.0,17266,18390.0,0.0,18004.0,0.0,6766.0,20534.0,5898.0,12290.0,15781,6198.0,20689.0,0.0,9800,36281.0,30390.0,9800.0,14066.0,34500,24241,5203.0,0.0,20265.0,37100,16708.0,16114.0,12438.0,0.0
30379,85729.0,3140,2433,0.0,0.0,4808.0,12694.0,84862.0,12558.0,5862.0,297300.0,15245.0,17578,18410.0,0.0,17567.0,0.0,6765.0,20780.0,5778.0,12342.0,15790,6325.0,20296.0,0.0,9762,37230.0,30145.0,9858.0,14206.0,34795,24741,5199.0,0.0,20100.0,37041,16615.0,15770.0,12200.0,0.0
30479,87900.0,3278,2440,0.0,0.0,5054.0,12850.0,85200.0,13185.0,5780.0,305873.0,15382.0,17755,17750.0,0.0,17637.0,0.0,6683.0,21025.0,5890.0,12575.0,15795,6396.0,20292.0,0.0,9753,37400.0,30400.0,9804.0,14253.0,34755,25352,5226.0,0.0,20263.0,36802,16660.0,15640.0,12195.0,0.0
30475,88779.0,3286,2449,0.0,0.0,4935.0,13049.0,85384.0,13427.0,5795.0,309500.0,15506.0,17898,17900.0,0.0,17700.0,0.0,6829.0,21372.0,5900.0,12529.0,16050,6482.0,20938.0,0.0,9800,38262.0,30530.0,9846.0,14430.0,35078,25829,5159.0,0.0,20503.0,38050,16698.0,15136.0,12368.0,0.0
30427,88600.0,3285,2432,0.0,0.0,4850.0,12930.0,84100.0,13745.0,5850.0,313650.0,15450.0,18114,17990.0,0.0,17620.0,0.0,6804.0,21745.0,5880.0,12571.0,16075,6607.0,20972.0,0.0,9954,38211.0,30616.0,9996.0,14100.0,36100,26277,5240.0,0.0,20550.0,38183,16650.0,15465.0,12160.0,0.0
30600,89304.0,3250,2440,0.0,0.0,4841.0,13052.0,85367.0,13800.0,5900.0,316469.0,15468.0,17991,17969.0,0.0,17620.0,0.0,6820.0,21900.0,5800.0,12454.0,16012,6614.0,21216.0,0.0,9930,37820.0,31246.0,10020.0,13850.0,35526,26411,5255.0,0.0,20398.0,38500,17115.0,15447.0,12118.0,0.0
30403,89515.0,3250,2449,0.0,0.0,4847.0,13297.0,87339.0,13600.0,5949.0,319044.0,15300.0,18032,17900.0,0.0,17867.0,0.0,6764.0,21958.0,5756.0,12497.0,16045,6606.0,21321.0,0.0,10020,38132.0,30905.0,10106.0,13850.0,35315,26018,5244.0,0.0,20730.0,39626,17047.0,15351.0,12243.0,0.0
30500,91250.0,3227,2484,0.0,0.0,4780.0,13065.0,87747.0,13700.0,6060.0,319104.0,15850.0,17931,18015.0,0.0,18450.0,0.0,6856.0,22373.0,5775.0,12415.0,16296,6543.0,21589.0,0.0,9953,37653.0,30900.0,10015.0,14038.0,35461,25759,5323.0,0.0,20852.0,39200,17176.0,15455.0,12440.0,0.0
30691,92800.0,3200,2511,0.0,0.0,4861.0,12715.0,87660.0,13856.0,6086.0,322000.0,16100.0,17979,18157.0,0.0,18569.0,0.0,6900.0,22400.0,5597.0,12509.0,16626,6500.0,21778.0,0.0,9862,34577.0,30917.0,9878.0,14019.0,35126,25802,5370.0,0.0,21290.0,39302,17400.0,15681.0,12564.0,0.0
31919,92596.0,3091,2538,0.0,0.0,4736.0,12566.0,86432.0,14070.0,6168.0,320000.0,16226.0,17896,18185.0,0.0,18550.0,0.0,7111.0,22500.0,5436.0,12374.0,16750,6508.0,21800.0,0.0,9908,34531.0,31600.0,9898.0,14236.0,35494,25670,5438.0,0.0,21690.0,38977,17553.0,15594.0,12492.0,0.0
32150,93800.0,3178,2555,0.0,0.0,4608.0,12453.0,86000.0,14423.0,6175.0,320000.0,16161.0,17622,18921.0,0.0,18520.0,0.0,7184.0,22736.0,5407.0,12227.0,17100,6680.0,21671.0,0.0,9870,33814.0,31679.0,9881.0,14279.0,36150,26108,5335.0,0.0,21660.0,38730,17527.0,15625.0,12577.0,0.0
32200,94980.0,3245,2550,0.0,0.0,4659.0,12884.0,85484.0,14705.0,6115.0,325300.0,16150.0,17817,19213.0,0.0,18557.0,0.0,7231.0,22790.0,5612.0,12113.0,17151,6766.0,21683.0,0.0,9866,33624.0,31438.0,9869.0,14340.0,36700,26203,5331.0,0.0,21617.0,39155,17568.0,15645.0,12669.0,0.0
31583,93300.0,3159,2541,0.0,0.0,4660.0,12430.0,86449.0,14759.0,5980.0,326650.0,15803.0,17660,19149.0,0.0,18494.0,0.0,7175.0,22742.0,5612.0,12102.0,16900,6689.0,21300.0,0.0,9883,33553.0,31050.0,9896.0,14380.0,36729,26019,5258.0,0.0,21537.0,39200,17246.0,15430.0,12540.0,0.0
32029,93081.0,3222,2546,0.0,0.0,4670.0,12450.0,87000.0,14700.0,5995.0,326994.0,15902.0,17553,19310.0,0.0,18561.0,0.0,7239.0,22350.0,5508.0,12320.0,17100,6685.0,21495.0,0.0,10006,34199.0,31050.0,10025.0,14685.0,36400,25567,5300.0,0.0,21952.0,39186,17554.0,15590.0,12700.0,0.0
31951,93000.0,3180,2545,0.0,0.0,4842.0,12845.0,86431.0,14600.0,5800.0,325500.0,15726.0,17832,19428.0,0.0,18160.0,0.0,7228.0,22000.0,5568.0,12275.0,17047,6697.0,21424.0,0.0,9882,33911.0,30900.0,9921.0,14670.0,36600,25481,5395.0,0.0,21957.0,39138,17470.0,15470.0,12449.0,0.0
31737,92100.0,3272,2524,0.0,0.0,4978.0,12900.0,87900.0,14692.0,5726.0,329700.0,15500.0,17650,19725.0,0.0,17691.0,0.0,7168.0,21790.0,5523.0,12283.0,16650,6765.0,21150.0,0.0,9923,34050.0,30768.0,9927.0,14430.0,36844,25584,5279.0,0.0,21429.0,39567,17229.0,15458.0,12515.0,0.0
32312,92903.0,3228,2525,0.0,0.0,5000.0,13100.0,88364.0,14199.0,5726.0,327375.0,15545.0,17597,19528.0,0.0,17738.0,0.0,7288.0,21799.0,5478.0,12333.0,16483,6873.0,21045.0,0.0,9930,34145.0,30550.0,9989.0,14510.0,36791,26183,5297.0,0.0,21479.0,39470,16862.0,15670.0,12680.0,0.0
31993,93000.0,3215,2505,0.0,0.0,4925.0,12897.0,87364.0,14487.0,5706.0,327500.0,15478.0,17537,19460.0,0.0,17580.0,0.0,7245.0,21700.0,5428.0,12358.0,16641,6992.0,20808.0,0.0,9820,33793.0,30622.0,9871.0,14601.0,36800,26051,5298.0,0.0,21390.0,39342,16855.0,15661.0,12800.0,0.0
31340,92500.0,3271,2450,0.0,0.0,5009.0,13165.0,90400.0,14500.0,5641.0,332913.0,15521.0,17150,19400.0,0.0,17548.0,0.0,7104.0,21465.0,5522.0,12750.0,16519,6943.0,20851.0,0.0,9666,33873.0,30447.0,9695.0,14535.0,37500,26200,5220.0,0.0,21138.0,40000,16708.0,15446.0,12450.0,0.0
31840,92100.0,3700,2411,0.0,0.0,5270.0,13441.0,92400.0,15021.0,5629.0,337300.0,15435.0,16776,19683.0,0.0,17059.0,0.0,6893.0,21200.0,5900.0,12978.0,16001,7069.0,20565.0,0.0,9679,34417.0,30795.0,9710.0,14350.0,38564,26759,5120.0,0.0,20579.0,41384,16650.0,15371.0,12320.0,0.0
31813,92918.0,3700,2439,0.0,0.0,5160.0,13166.0,93142.0,14315.0,5709.0,340775.0,16071.0,17223,19550.0,0.0,17472.0,0.0,7040.0,21478.0,5630.0,13032.0,16209,6843.0,20749.0,0.0,9644,34586.0,31600.0,9669.0,14484.0,38722,26179,5166.0,0.0,20673.0,40470,16650.0,15518.0,12250.0,0.0
31793,94465.0,3800,2441,0.0,0.0,5243.0,13204.0,91724.0,14323.0,5708.0,345100.0,16223.0,17175,19600.0,0.0,17606.0,0.0,7093.0,21477.0,5647.0,12940.0,16407,6825.0,20277.0,0.0,9670,34104.0,31370.0,9690.0,14503.0,39209,26168,5180.0,0.0,20800.0,40539,16621.0,15350.0,12297.0,0.0
31945,93984.0,3922,2451,0.0,0.0,5263.0,13033.0,91000.0,14376.0,5635.0,344500.0,15843.0,17150,19766.0,0.0,17525.0,0.0,7070.0,21400.0,5644.0,13034.0,16400,6830.0,20236.0,0.0,9644,34051.0,31100.0,9650.0,14655.0,39350,26509,5125.0,0.0,20737.0,41367,16636.0,15360.0,12277.0,0.0
32081,94399.0,4000,2482,0.0,0.0,5263.0,13375.0,91378.0,14847.0,5700.0,347479.0,16105.0,17228,20101.0,0.0,17820.0,0.0,7212.0,21306.0,5690.0,12969.0,16450,6991.0,20072.0,0.0,9673,34503.0,31070.0,9732.0,15000.0,39860,27571,5165.0,0.0,20900.0,42200,16650.0,15422.0,12307.0,0.0
32047,94747.0,3964,2494,0.0,0.0,5278.0,13022.0,90604.0,14800.0,5680.0,343146.0,16276.0,17205,20000.0,0.0,17701.0,0.0,7142.0,21455.0,5654.0,12776.0,16623,6987.0,20550.0,0.0,9745,33797.0,30840.0,9780.0,14936.0,40400,27478,5250.0,0.0,21092.0,41800,16750.0,15500.0,12510.0,0.0
31397,94300.0,3975,2492,0.0,0.0,5225.0,12884.0,92600.0,14765.0,5646.0,347000.0,15961.0,17220,20011.0,0.0,17726.0,0.0,7092.0,21300.0,5565.0,13107.0,16335,7035.0,20481.0,0.0,9735,34249.0,31081.0,9800.0,14890.0,40143,27390,5239.0,0.0,21021.0,42508,16650.0,15441.0,12521.0,0.0
31150,94755.0,4130,2445,0.0,0.0,5225.0,13325.0,92346.0,15100.0,5575.0,354154.0,16100.0,17812,20032.0,0.0,17701.0,0.0,7128.0,21000.0,5660.0,13035.0,16542,7029.0,20455.0,0.0,9710,34250.0,31043.0,9717.0,14822.0,41800,28049,5279.0,0.0,20951.0,42375,16650.0,15238.0,12421.0,0.0
31285,93174.0,4050,2440,0.0,0.0,5245.0,13803.0,91559.0,14800.0,5599.0,363265.0,15840.0,17630,19900.0,0.0,19225.0,0.0,7197.0,20844.0,5742.0,12900.0,16606,6925.0,20775.0,0.0,9696,33627.0,30840.0,9691.0,14654.0,40800,27906,5250.0,0.0,20975.0,43505,16650.0,14995.0,12492.0,0.0
31755,93500.0,3995,2468,0.0,0.0,5090.0,13942.0,92430.0,14737.0,5591.0,355899.0,15860.0,17700,19900.0,0.0,19441.0,0.0,7235.0,21075.0,5765.0,12897.0,16790,6876.0,20944.0,0.0,9740,34398.0,31217.0,9684.0,14863.0,41204,27815,5306.0,0.0,20972.0,43084,16749.0,15198.0,12781.0,0.0
31550,92237.0,4001,2486,0.0,0.0,5150.0,13859.0,92708.0,15100.0,5565.0,356491.0,15468.0,17639,20045.0,0.0,19217.0,0.0,7217.0,21000.0,5681.0,12824.0,16750,6700.0,21008.0,0.0,9661,33797.0,30849.0,9683.0,14852.0,41700,27349,5241.0,0.0,20900.0,43496,16665.0,15213.0,12716.0,0.0
31612,92486.0,3990,2480,0.0,0.0,5310.0,13954.0,93054.0,15226.0,5530.0,354100.0,15550.0,17683,19952.0,0.0,19259.0,0.0,7185.0,21147.0,5699.0,12508.0,16800,6895.0,20775.0,0.0,9574,34101.0,31050.0,9560.0,14962.0,41675,28159,5265.0,0.0,20930.0,43994,16650.0,15244.0,12437.0,0.0
31600,92572.0,4008,2465,0.0,0.0,5290.0,14350.0,94200.0,14611.0,5583.0,357391.0,15500.0,17650,20200.0,0.0,18951.0,0.0,7147.0,21010.0,5704.0,12521.0,16661,6928.0,20762.0,0.0,9593,34116.0,29750.0,9616.0,14960.0,40725,28349,5254.0,0.0,21103.0,44271,16650.0,14734.0,12417.0,0.0
31610,93206.0,3710,2465,0.0,0.0,5225.0,13745.0,92718.0,14875.0,5570.0,359150.0,15280.0,17757,20645.0,0.0,19020.0,0.0,7258.0,20825.0,5475.0,12465.0,16518,6690.0,20762.0,0.0,9620,33728.0,29725.0,9623.0,14948.0,39617,27750,5248.0,0.0,21115.0,43667,17070.0,14719.0,12639.0,0.0
30866,92820.0,3650,2455,0.0,0.0,4981.0,14040.0,92700.0,14434.0,5508.0,366142.0,15345.0,17600,20518.0,0.0,18970.0,0.0,7171.0,20410.0,5610.0,12432.0,16279,6543.0,20700.0,0.0,9525,32840.0,29029.0,9585.0,15401.0,38900,26900,5257.0,0.0,20675.0,42600,16921.0,14594.0,12541.0,0.0
30951,94153.0,3700,2471,0.0,0.0,5021.0,13816.0,92700.0,14600.0,5375.0,371300.0,15500.0,17935,20888.0,0.0,19250.0,0.0,7325.0,20450.0,5682.0,12522.0,16298,6617.0,21250.0,0.0,9396,32877.0,29183.0,9398.0,15774.0,38234,26900,5292.0,0.0,20820.0,42610,17863.0,14765.0,12777.0,0.0
31000,97428.0,3716,2470,0.0,0.0,5024.0,13800.0,92200.0,14814.0,5551.0,384500.0,15680.0,18256,20812.0,0.0,19482.0,0.0,7545.0,20929.0,5702.0,12200.0,16656,6558.0,21510.0,0.0,9297,32234.0,28320.0,9300.0,16050.0,38500,26667,5473.0,0.0,21080.0,43025,18887.0,15240.0,13161.0,0.0
31345,98252.0,3708,2412,0.0,0.0,4990.0,13461.0,92400.0,14752.0,5548.0,399501.0,15738.0,18762,20650.0,0.0,20199.0,0.0,7620.0,20550.0,5485.0,12328.0,16606,6628.0,21689.0,0.0,9302,32443.0,28550.0,9292.0,16170.0,37500,26681,5434.0,0.0,21100.0,41916,19150.0,14920.0,12952.0,0.0
31177,99392.0,3862,2420,0.0,0.0,5001.0,13573.0,93785.0,15470.0,5430.0,409000.0,15500.0,18777,20750.0,0.0,20144.0,0.0,7767.0,20275.0,5579.0,12431.0,16690,6726.0,21690.0,0.0,9201,32599.0,28600.0,9220.0,16352.0,37400,27195,5536.0,0.0,21098.0,42863,18828.0,14864.0,13010.0,0.0
31798,99000.0,4241,2409,0.0,0.0,5069.0,14134.0,92761.0,15907.0,5556.0,390010.0,16000.0,18845,20918.0,0.0,20800.0,0.0,7775.0,20347.0,5720.0,12239.0,16849,6680.0,22037.0,0.0,9330,32438.0,28660.0,9335.0,16423.0,37742,26710,5489.0,0.0,21245.0,43891,18740.0,14900.0,13228.0,0.0
31500,97500.0,4250,2430,0.0,0.0,5000.0,14251.0,93290.0,15550.0,5526.0,374175.0,16497.0,18760,20800.0,0.0,20887.0,0.0,7762.0,20153.0,5770.0,12287.0,17069,6796.0,22095.0,0.0,9389,32642.0,28562.0,9386.0,16225.0,38300,26880,5519.0,0.0,21500.0,43210,18797.0,14705.0,13122.0,0.0
31450,97500.0,4500,2420,0.0,0.0,5075.0,14254.0,93003.0,15301.0,5757.0,376100.0,16800.0,18676,20800.0,0.0,20537.0,0.0,7706.0,19907.0,5803.0,12350.0,16830,6756.0,22071.0,0.0,9365,32817.0,28540.0,9355.0,16095.0,38024,27108,5465.0,0.0,21249.0,43022,18594.0,14570.0,12737.0,0.0
31534,98100.0,4376,2444,0.0,0.0,5000.0,14094.0,91828.0,15850.0,5840.0,379384.0,17000.0,18847,20549.0,0.0,20620.0,0.0,7770.0,19950.0,5779.0,12115.0,17220,6570.0,22280.0,0.0,9293,32227.0,27900.0,9290.0,16100.0,37483,26368,5530.0,0.0,21950.0,42530,18375.0,14478.0,12800.0,0.0
31216,98525.0,4087,2461,0.0,0.0,4990.0,14234.0,90143.0,15032.0,5893.0,378000.0,17400.0,19647,20482.0,0.0,21495.0,0.0,7940.0,20950.0,5771.0,11803.0,17515,6355.0,22644.0,0.0,9329,32446.0,29225.0,9300.0,16350.0,37400,25444,5627.0,0.0,22508.0,42356,19300.0,14500.0,12689.0,0.0
31350,98813.0,4246,2495,29585.0,0.0,4980.0,14149.0,89755.0,15294.0,5827.0,380900.0,17365.0,19429,21091.0,0.0,21296.0,0.0,7920.0,21265.0,5801.0,11819.0,17317,6400.0,22700.0,0.0,9547,33020.0,29800.0,9518.0,16500.0,37190,25525,5703.0,0.0,22715.0,42535,19219.0,14545.0,12832.0,0.0
30550,98479.0,3900,2500,29000.0,0.0,4980.0,14280.0,87604.0,14744.0,5800.0,368771.0,17339.0,19136,21336.0,0.0,20801.0,0.0,7826.0,21400.0,5819.0,11702.0,17300,6268.0,22785.0,0.0,9504,32534.0,29503.0,9480.0,16471.0,36414,25280,5635.0,0.0,23130.0,43000,18980.0,14506.0,12927.0,0.0
30190,97721.0,3925,2520,29000.0,0.0,5050.0,13957.0,87833.0,15430.0,5920.0,353162.0,17601.0,19558,21300.0,0.0,21400.0,0.0,7800.0,21398.0,5763.0,11898.0,17545,6229.0,23292.0,0.0,9497,32305.0,29542.0,9494.0,16410.0,36350,25405,5660.0,0.0,23431.0,43200,19731.0,14410.0,12848.0,0.0
30038,97577.0,3631,2560,28740.0,0.0,4986.0,13456.0,87594.0,15582.0,5938.0,362997.0,17600.0,19495,21139.0,0.0,21370.0,0.0,7867.0,21310.0,5619.0,11900.0,17703,6299.0,23364.0,0.0,9322,31530.0,29769.0,9371.0,16287.0,35670,25550,5700.0,0.0,23040.0,42621,19890.0,14386.0,12825.0,0.0
28900,99600.0,3330,2590,28170.0,0.0,4903.0,12980.0,88355.0,15390.0,6082.0,352000.0,18247.0,19800,21200.0,0.0,21825.0,0.0,8200.0,21310.0,5311.0,11742.0,18049,6072.0,23700.0,0.0,9273,30879.0,29831.0,9230.0,16355.0,34200,24801,5841.0,0.0,23330.0,41677,20050.0,14147.0,12778.0,0.0
28969,97700.0,3077,2590,28401.0,0.0,4700.0,12603.0,91500.0,14000.0,6029.0,344507.0,18310.0,19610,21600.0,0.0,22000.0,0.0,8062.0,21500.0,5027.0,11815.0,18179,6106.0,22311.0,0.0,8850,30900.0,30522.0,8850.0,16330.0,34192,24500,5762.0,0.0,22913.0,41644,19746.0,14476.0,13025.0,0.0
28338,94975.0,3200,2545,28904.0,0.0,4797.0,12486.0,91018.0,14466.0,5827.0,353202.0,18066.0,19700,20950.0,0.0,21479.0,0.0,8181.0,21425.0,5131.0,11923.0,17944,6169.0,21738.0,0.0,8820,31228.0,30513.0,8830.0,15985.0,34450,24760,5737.0,0.0,22700.0,41773,19380.0,14111.0,12833.0,0.0
28762,93303.0,3230,2550,28605.0,0.0,4629.0,12435.0,90000.0,14971.0,5780.0,361920.0,17900.0,19737,21094.0,0.0,21150.0,0.0,7808.0,21207.0,5116.0,11946.0,17642,6256.0,21634.0,0.0,8500,30845.0,30627.0,8500.0,15551.0,34943,24807,5565.0,0.0,22713.0,41852,19186.0,14059.0,12838.0,0.0
28602,94418.0,3150,2547,29000.0,0.0,4660.0,12603.0,91069.0,15235.0,5724.0,362400.0,17437.0,19768,21300.0,0.0,21047.0,0.0,7662.0,20867.0,5209.0,12026.0,17144,6390.0,21200.0,0.0,8700,31599.0,30200.0,8697.0,15500.0,35160,25089,5409.0,0.0,21912.0,42450,19173.0,13836.0,12586.0,0.0
28709,93393.0,3040,2560,28600.0,0.0,4525.0,12400.0,91887.0,14780.0,5692.0,350000.0,17350.0,19373,21588.0,0.0,20652.0,0.0,7670.0,20534.0,5082.0,12117.0,16757,6319.0,21385.0,0.0,8677,31425.0,29687.0,8689.0,15600.0,34651,25140,5352.0,0.0,21772.0,42711,19144.0,13710.0,12636.0,0.0
28590,92100.0,2900,2581,28300.0,0.0,4392.0,12137.0,90900.0,14896.0,5700.0,347939.0,17300.0,19373,21750.0,0.0,20653.0,0.0,7694.0,20635.0,4990.0,12010.0,17019,6372.0,21600.0,0.0,8505,31128.0,29269.0,8539.0,15800.0,33966,25041,5444.0,0.0,21993.0,42985,19049.0,13852.0,12692.0,0.0
29065,96965.0,3045,2598,27500.0,0.0,4717.0,11980.0,89254.0,15203.0,5835.0,341549.0,17575.0,20447,21700.0,0.0,21962.0,0.0,8030.0,21430.0,5022.0,12036.0,17835,6443.0,22351.0,0.0,8632,32026.0,29412.0,8643.0,16205.0,33833,25311,5698.0,0.0,23000.0,42216,19489.0,14400.0,13173.0,0.0
28802,97196.0,3091,2638,28196.0,0.0,5104.0,12226.0,87060.0,15098.0,5815.0,331000.0,17360.0,20633,21750.0,0.0,22374.0,0.0,7880.0,21780.0,5317.0,11915.0,17724,6400.0,21069.0,0.0,8550,31974.0,30076.0,8525.0,16597.0,34546,24800,5601.0,0.0,23024.0,43110,19902.0,14173.0,13314.0,0.0
27641,100100.0,3096,2671,27550.0,0.0,5163.0,12025.0,85746.0,15500.0,6096.0,324000.0,17600.0,21450,21700.0,0.0,22750.0,0.0,8469.0,22600.0,5360.0,11632.0,18500,6275.0,21800.0,0.0,8812,31833.0,29100.0,8819.0,17100.0,34850,24870,5989.0,0.0,24000.0,42600,19877.0,14800.0,13446.0,0.0
27300,105002.0,3019,2707,26977.0,0.0,4835.0,11665.0,84739.0,15400.0,6300.0,323654.0,19100.0,21506,21714.0,0.0,25018.0,0.0,9253.0,23615.0,5091.0,11381.0,19788,6269.0,22501.0,0.0,8812,30915.0,27888.0,8844.0,18417.0,34749,24831,6531.0,0.0,25375.0,40000,19514.0,14502.0,13200.0,0.0
27437,104500.0,3013,2711,27400.0,0.0,5000.0,11899.0,83524.0,15400.0,6215.0,330110.0,18235.0,21550,21620.0,0.0,24472.0,0.0,8648.0,23300.0,5179.0,11366.0,19126,6323.0,21679.0,0.0,8950,32236.0,29100.0,9029.0,17801.0,34820,25227,6520.0,0.0,25230.0,40408,19561.0,14392.0,13046.0,0.0
27690,107001.0,3002,2740,28070.0,0.0,4917.0,12040.0,85523.0,15672.0,6220.0,345067.0,18077.0,21200,21680.0,0.0,23987.0,0.0,8400.0,23038.0,5183.0,11448.0,19131,6358.0,20615.0,0.0,9000,31900.0,30400.0,9016.0,18275.0,33881,25610,6414.0,0.0,24810.0,41301,19343.0,14625.0,13244.0,0.0
27800,105052.0,3139,2727,27889.0,0.0,4925.0,12150.0,86034.0,15738.0,6293.0,345142.0,18045.0,21300,21680.0,0.0,24177.0,0.0,8533.0,22803.0,5224.0,11553.0,18723,6382.0,20450.0,0.0,9023,32149.0,29763.0,9054.0,18148.0,34699,25672,6365.0,0.0,24758.0,41887,19093.0,14080.0,13065.0,0.0
27800,105052.0,3139,2727,27889.0,0.0,4925.0,12150.0,86034.0,15738.0,6293.0,345142.0,18045.0,21300,21680.0,0.0,24177.0,0.0,8533.0,22803.0,5224.0,11553.0,18723,6382.0,20450.0,0.0,9023,32149.0,29763.0,9054.0,18148.0,34699,25672,6365.0,0.0,24758.0,41887,19093.0,14080.0,13065.0,0.0
27800,105052.0,3139,2727,27889.0,0.0,4925.0,12150.0,86034.0,15738.0,6293.0,345142.0,18045.0,21300,21680.0,0.0,24177.0,0.0,8533.0,22803.0,5224.0,11553.0,18723,6382.0,20450.0,0.0,9023,32149.0,29763.0,9054.0,18148.0,34699,25672,6365.0,0.0,24758.0,41887,19093.0,14080.0,13065.0,0.0
27459,107570.0,3121,2737,27050.0,0.0,5147.0,12594.0,82538.0,15923.0,6329.0,341534.0,18200.0,21399,21750.0,0.0,23950.0,0.0,8509.0,23300.0,5450.0,11197.0,19250,6400.0,21528.0,0.0,8960,31760.0,29749.0,9000.0,18534.0,34953,25604,6620.0,0.0,25185.0,41805,19670.0,14226.0,13570.0,0.0
27500,107097.0,3184,2732,27490.0,0.0,5251.0,12661.0,82400.0,16107.0,6447.0,344210.0,18099.0,21470,21566.0,0.0,24400.0,0.0,8555.0,23200.0,5360.0,11148.0,19350,6396.0,21568.0,0.0,8880,31870.0,29525.0,8881.0,18581.0,35200,25477,6593.0,0.0,25287.0,42011,19693.0,14250.0,13524.0,0.0
27750,109796.0,3244,2766,27400.0,0.0,5227.0,12862.0,82950.0,16250.0,6531.0,345100.0,18113.0,21809,21357.0,0.0,24487.0,0.0,8700.0,23600.0,5410.0,11175.0,19566,6436.0,22119.0,0.0,8972,31932.0,30099.0,8976.0,18600.0,35346,25562,6725.0,0.0,25610.0,42818,20333.0,14568.0,13660.0,0.0
27750,109796.0,3244,2766,27400.0,0.0,5227.0,12862.0,82950.0,16250.0,6531.0,345100.0,18113.0,21809,21357.0,0.0,24487.0,0.0,8700.0,23600.0,5410.0,11175.0,19566,6436.0,22119.0,0.0,8972,31932.0,30099.0,8976.0,18600.0,35346,25562,6725.0,0.0,25610.0,42818,20333.0,14568.0,13660.0,0.0
27328,108015.0,3260,2713,27232.0,0.0,5307.0,12853.0,83515.0,16195.0,6393.0,358090.0,17986.0,21266,21223.0,0.0,23760.0,0.0,8420.0,23651.0,5495.0,11108.0,19428,6535.0,21700.0,0.0,9020,32420.0,29850.0,9020.0,18250.0,35833,26334,6628.0,0.0,26112.0,42307,19912.0,14397.0,13373.0,0.0
27250,107296.0,3360,2693,27494.0,0.0,5215.0,13152.0,82949.0,16250.0,6373.0,365000.0,17582.0,20697,21200.0,0.0,22991.0,0.0,8300.0,22942.0,5543.0,11264.0,18507,6542.0,21491.0,0.0,8967,32338.0,29720.0,9020.0,18060.0,37100,26448,6330.0,0.0,25200.0,42500,19426.0,14100.0,13270.0,0.0
26900,106331.0,3238,2685,26632.0,0.0,5190.0,12810.0,82365.0,16498.0,6247.0,363671.0,17514.0,20544,20313.0,0.0,23342.0,0.0,8150.0,23200.0,5324.0,11260.0,18759,6526.0,21400.0,0.0,9010,32420.0,29025.0,9025.0,18200.0,37100,26616,6316.0,0.0,25232.0,42365,19368.0,14150.0,13067.0,0.0
26899,106511.0,3325,2672,26772.0,0.0,5370.0,13041.0,82711.0,16675.0,6318.0,361644.0,17414.0,20908,20390.0,0.0,24081.0,0.0,8212.0,23038.0,5429.0,11210.0,18780,6520.0,22020.0,0.0,8988,32269.0,29175.0,9050.0,18170.0,38177,26847,6371.0,0.0,25830.0,42983,19370.0,14400.0,13472.0,0.0
26208,106021.0,3416,2670,26384.0,0.0,5488.0,13192.0,83025.0,16450.0,6401.0,359703.0,17700.0,21127,20450.0,0.0,24477.0,0.0,8349.0,23185.0,5365.0,11450.0,18974,6636.0,21823.0,0.0,8883,32303.0,29675.0,8970.0,18001.0,38344,27400,6314.0,0.0,25550.0,43400,19478.0,14485.0,13575.0,0.0
25013,106285.0,3339,2655,26142.0,0.0,5488.0,12883.0,83305.0,16710.0,6566.0,363100.0,17759.0,21084,20300.0,0.0,24750.0,0.0,8203.0,23155.0,5200.0,11300.0,19208,6635.0,21649.0,0.0,8864,32193.0,29786.0,8913.0,18018.0,37997,27900,6339.0,0.0,26025.0,42971,19630.0,14400.0,13560.0,0.0
24381,103358.0,3361,2650,26400.0,0.0,5520.0,13350.0,83650.0,16550.0,6480.0,361502.0,17201.0,20850,18850.0,0.0,24330.0,0.0,8280.0,23190.0,5245.0,11460.0,19096,6765.0,21668.0,0.0,8865,32050.0,29756.0,8930.0,18000.0,37884,28772,6300.0,0.0,25420.0,44463,19380.0,14300.0,13564.0,0.0
27000,102284.0,3395,2630,26650.0,0.0,5500.0,13360.0,85100.0,16900.0,6383.0,356206.0,16935.0,20699,17880.0,0.0,23967.0,0.0,8172.0,22786.0,5359.0,11455.0,18744,6823.0,21193.0,0.0,8981,32101.0,29550.0,9075.0,17500.0,37590,29375,6104.0,0.0,24922.0,43850,19094.0,14180.0,13377.0,0.0
25705,101643.0,3350,2670,26310.0,0.0,5526.0,13400.0,84540.0,16500.0,6333.0,361374.0,16614.0,20684,18112.0,0.0,24319.0,0.0,8100.0,22774.0,5424.0,11419.0,18875,6940.0,21386.0,0.0,9120,32750.0,29297.0,9184.0,17500.0,37601,29808,6165.0,0.0,25250.0,44800,19334.0,14156.0,13349.0,0.0
25775,102061.0,3455,2751,26694.0,0.0,5758.0,13990.0,85274.0,16776.0,5985.0,360013.0,16700.0,20789,18524.0,0.0,24200.0,0.0,8412.0,22900.0,5543.0,11412.0,18850,6973.0,21300.0,0.0,9105,33079.0,29737.0,9170.0,17525.0,38051,30190,6150.0,0.0,25250.0,45936,19417.0,14071.0,13251.0,0.0
25903,102754.0,3310,2799,26401.0,0.0,5600.0,13450.0,85200.0,16300.0,5940.0,368439.0,17089.0,21100,19000.0,0.0,25025.0,0.0,8525.0,23181.0,5311.0,11307.0,19600,6770.0,22000.0,0.0,9036,32959.0,29540.0,9130.0,17711.0,37681,29294,6309.0,0.0,25772.0,45104,19261.0,14327.0,13417.0,0.0
25867,102219.0,3394,2759,26400.0,0.0,5540.0,13535.0,84879.0,16385.0,6100.0,369630.0,17329.0,21600,18800.0,0.0,25363.0,0.0,8741.0,23295.0,5335.0,11292.0,19915,6897.0,23097.0,0.0,9106,32270.0,28901.0,9140.0,17800.0,37800,29705,6425.0,0.0,26086.0,45247,20000.0,14490.0,13953.0,0.0
25600,103565.0,3350,2797,26100.0,0.0,5352.0,13495.0,83671.0,16023.0,6663.0,366000.0,17550.0,21076,17344.0,0.0,25820.0,0.0,9023.0,23616.0,5319.0,11260.0,20000,6898.0,23948.0,0.0,9172,32847.0,28261.0,9186.0,18200.0,37499,29694,6610.0,0.0,26717.0,43500,20659.0,14927.0,13890.0,0.0
25650,102000.0,3393,2781,26600.0,0.0,5240.0,13377.0,84400.0,15756.0,6729.0,371781.0,17365.0,20822,16971.0,0.0,25224.0,0.0,8767.0,23481.0,5214.0,11405.0,19450,6910.0,23909.0,0.0,9285,33386.0,27734.0,9276.0,17779.0,37772,29711,6447.0,0.0,25900.0,43850,20415.0,14814.0,13355.0,0.0
25450,102100.0,3415,2805,26500.0,0.0,5206.0,13165.0,84951.0,15716.0,6644.0,373134.0,17499.0,21288,16500.0,0.0,25795.0,0.0,8729.0,23323.0,5050.0,11185.0,19991,6826.0,23837.0,0.0,9270,33012.0,27844.0,9276.0,17879.0,37525,30100,6650.0,0.0,26547.0,43925,20000.0,14693.0,13617.0,0.0
25846,102251.0,3385,2801,26725.0,0.0,5052.0,13103.0,85500.0,14899.0,6700.0,375000.0,18281.0,21573,17039.0,0.0,27000.0,0.0,9020.0,23860.0,5059.0,11295.0,20300,6610.0,24627.0,0.0,9354,32666.0,27835.0,9330.0,17900.0,37471,29132,6913.0,0.0,27050.0,43750,20256.0,15099.0,13916.0,0.0
25851,103400.0,3530,2810,27300.0,0.0,4964.0,13903.0,85180.0,14379.0,6567.0,370000.0,18112.0,22949,16736.0,0.0,27723.0,0.0,9230.0,24189.0,5244.0,11303.0,20112,6748.0,24800.0,0.0,9487,32482.0,27600.0,9470.0,18095.0,36948,29800,7047.0,0.0,27349.0,43940,20921.0,15169.0,13600.0,0.0
25700,106930.0,3503,2851,27400.0,0.0,4980.0,14005.0,82974.0,14800.0,6427.0,364800.0,18530.0,24107,16899.0,0.0,28100.0,0.0,9179.0,24460.0,5385.0,11176.0,20790,6771.0,24924.0,0.0,9457,31890.0,27310.0,9448.0,18350.0,36600,29451,7143.0,0.0,28000.0,46068,21153.0,15752.0,13556.0,0.0
25475,102563.0,3503,2868,26800.0,0.0,4929.0,13858.0,82000.0,14300.0,6710.0,366500.0,18279.0,24622,17148.0,0.0,28475.0,0.0,9050.0,24400.0,5371.0,11244.0,20875,6759.0,24651.0,0.0,9485,32146.0,27624.0,9450.0,18565.0,36600,29400,7025.0,0.0,27968.0,45250,20919.0,16300.0,13475.0,0.0
25430,94390.0,3490,2815,26328.0,0.0,4870.0,13835.0,82159.0,14736.0,6637.0,362000.0,17315.0,23750,16077.0,0.0,28093.0,0.0,8650.0,23845.0,5315.0,11290.0,20001,6990.0,24301.0,0.0,9484,32352.0,27777.0,9480.0,17490.0,35910,29762,6720.0,0.0,26753.0,45600,20125.0,15897.0,13304.0,0.0
27040,91592.0,3430,2778,26400.0,0.0,5051.0,13250.0,81800.0,14366.0,6490.0,343525.0,17050.0,24069,16324.0,0.0,28000.0,0.0,8510.0,23574.0,5033.0,11456.0,19832,6920.0,23977.0,0.0,9425,32146.0,26550.0,9403.0,17050.0,35619,29083,6545.0,0.0,25915.0,43600,20287.0,15505.0,13094.0,0.0
27070,80060.0,3635,2776,25500.0,0.0,5168.0,13170.0,81400.0,14311.0,6417.0,338248.0,17085.0,24999,16090.0,0.0,28600.0,0.0,8820.0,23625.0,5089.0,11473.0,20066,6843.0,24675.0,0.0,9291,31651.0,26520.0,9326.0,16885.0,35500,28966,6650.0,0.0,26401.0,42710,20500.0,16350.0,13140.0,0.0
26952,84500.0,3500,2738,25800.0,0.0,5225.0,13276.0,81600.0,14303.0,6320.0,331305.0,16449.0,23712,13900.0,0.0,28200.0,0.0,8969.0,23801.0,5125.0,11471.0,20409,6788.0,24860.0,0.0,9428,32344.0,27997.0,9463.0,17166.0,36200,28650,6700.0,0.0,26503.0,42850,20000.0,16716.0,13250.0,0.0
26254,92427.0,3435,2709,26300.0,0.0,4857.0,12971.0,81230.0,14400.0,6319.0,324600.0,16125.0,23775,13341.0,0.0,27094.0,0.0,8895.0,23259.0,5160.0,11472.0,20313,6627.0,24036.0,0.0,9338,32350.0,27500.0,9409.0,16660.0,35520,28459,6640.0,0.0,26400.0,41827,19926.0,16506.0,13110.0,0.0
26011,86466.0,3315,2670,25994.0,0.0,4454.0,12824.0,78700.0,13957.0,6249.0,312000.0,16450.0,23062,12600.0,0.0,26829.0,0.0,8865.0,22524.0,5004.0,11265.0,19509,6550.0,23558.0,0.0,9107,31532.0,26520.0,9115.0,16300.0,33098,28240,6457.0,0.0,25579.0,41161,18963.0,16100.0,12493.0,0.0
25492,83286.0,3210,2710,25347.0,0.0,4534.0,12565.0,76550.0,13777.0,6227.0,310451.0,15800.0,23005,12200.0,0.0,26075.0,0.0,8752.0,21882.0,5092.0,10986.0,19375,6441.0,23400.0,0.0,9360,31007.0,26081.0,9399.0,15840.0,33412,28076,6459.0,0.0,25498.0,40490,19025.0,15925.0,12330.0,0.0
25750,83700.0,3007,2840,25260.0,0.0,4539.0,12455.0,76417.0,14328.0,6352.0,304507.0,16427.0,23244,14250.0,0.0,26946.0,0.0,9150.0,22613.0,4978.0,10793.0,19900,6268.0,23961.0,0.0,10106,30851.0,26056.0,10100.0,16400.0,33300,27383,6694.0,0.0,26996.0,40600,19200.0,16025.0,12883.0,0.0
25700,81061.0,3018,2875,25000.0,0.0,4465.0,12115.0,76500.0,13888.0,6301.0,302545.0,16242.0,22628,14265.0,0.0,26900.0,0.0,9050.0,22160.0,4776.0,10944.0,19699,6281.0,23900.0,0.0,10300,30965.0,26112.0,10402.0,16300.0,32235,27185,6666.0,0.0,26968.0,39100,19625.0,16126.0,12655.0,0.0
25255,83132.0,2933,2815,24736.0,0.0,4285.0,11948.0,74807.0,13530.0,6430.0,297100.0,15936.0,22843,13900.0,0.0,26743.0,0.0,8800.0,21626.0,4642.0,10800.0,19800,6100.0,23650.0,0.0,9951,29826.0,25352.0,10000.0,15773.0,31500,27000,6662.0,0.0,27500.0,38690,19376.0,15892.0,12491.0,0.0
25300,83500.0,2895,2825,24451.0,0.0,4250.0,11741.0,73915.0,13745.0,6340.0,302500.0,16350.0,23008,12695.0,0.0,27299.0,0.0,8939.0,22285.0,4605.0,10671.0,20280,6095.0,24100.0,0.0,9952,29358.0,25185.0,9930.0,16250.0,32005,27055,6891.0,0.0,27500.0,39180,19887.0,16209.0,12600.0,0.0
25502,84485.0,3020,2865,24150.0,0.0,4234.0,12245.0,73175.0,14396.0,6350.0,311144.0,16336.0,23587,12650.0,0.0,27500.0,0.0,8900.0,22400.0,4820.0,10783.0,20504,6213.0,24865.0,0.0,9999,29565.0,25143.0,10021.0,16450.0,32600,27910,7000.0,0.0,27739.0,39367,20832.0,16275.0,13000.0,0.0
25735,81326.0,3060,2849,24170.0,0.0,4275.0,12348.0,73250.0,14075.0,6370.0,316999.0,16879.0,22993,12464.0,0.0,28130.0,0.0,8950.0,22963.0,4642.0,10596.0,20793,6213.0,25243.0,0.0,9844,29083.0,26518.0,9850.0,16504.0,32711,27714,7080.0,0.0,27601.0,38845,21224.0,16539.0,12850.0,0.0
27770,83000.0,3215,2950,24170.0,0.0,4556.0,12345.0,72250.0,14500.0,6700.0,339140.0,17241.0,25090,11950.0,0.0,29179.0,0.0,9600.0,23850.0,4839.0,10725.0,21860,6379.0,26091.0,0.0,10173,30443.0,26321.0,10200.0,18010.0,33824,28323,7535.0,0.0,29083.0,39862,21784.0,16661.0,12900.0,0.0
27632,82094.0,3250,2940,23900.0,0.0,4518.0,12420.0,72501.0,15000.0,6695.0,338546.0,16650.0,24936,11223.0,0.0,28292.0,0.0,9570.0,22850.0,4879.0,10669.0,21695,6331.0,25362.0,0.0,10150,30322.0,26089.0,10139.0,17659.0,34428,28353,7368.0,0.0,29225.0,40190,21780.0,16647.0,12676.0,0.0
27300,82390.0,3344,2960,23825.0,0.0,4472.0,12080.0,72622.0,14699.0,6564.0,330000.0,16706.0,24901,10900.0,0.0,28524.0,0.0,9536.0,22939.0,4888.0,10673.0,21600,6283.0,24709.0,0.0,10160,30715.0,27075.0,10155.0,17654.0,35353,28291,7366.0,0.0,29300.0,40500,21092.0,16207.0,12468.0,0.0
27258,82110.0,3298,2934,23800.0,0.0,4350.0,11624.0,73401.0,14465.0,6442.0,323583.0,16550.0,23484,10850.0,0.0,27300.0,0.0,9439.0,22899.0,4680.0,10600.0,21400,6334.0,24044.0,0.0,10243,31095.0,26415.0,10189.0,18207.0,35780,28400,7296.0,0.0,28550.0,40250,21196.0,16256.0,12442.0,0.0
26933,87600.0,3260,2950,23900.0,0.0,4413.0,11579.0,72650.0,14526.0,6421.0,336290.0,16900.0,23700,11505.0,0.0,27505.0,0.0,9450.0,23394.0,4686.0,10642.0,21800,6525.0,25000.0,0.0,10172,31067.0,28238.0,10190.0,17885.0,36183,28866,7520.0,0.0,29190.0,39500,20850.0,16065.0,12623.0,0.0
27075,85768.0,3105,2950,23167.0,0.0,4400.0,11461.0,69522.0,14304.0,6540.0,333800.0,17221.0,22942,11375.0,0.0,28074.0,0.0,9276.0,23225.0,4621.0,10449.0,21700,6482.0,24900.0,0.0,10163,30483.0,27700.0,10164.0,17466.0,35900,28900,7430.0,0.0,29050.0,38850,21085.0,16073.0,12590.0,0.0
27065,86978.0,3068,2990,23400.0,0.0,4288.0,11267.0,72000.0,14150.0,6501.0,333469.0,17839.0,23500,11700.0,0.0,28745.0,0.0,9296.0,24307.0,4592.0,10434.0,21961,6402.0,25870.0,0.0,10186,30470.0,28107.0,10259.0,17998.0,36550,28722,7607.0,0.0,29300.0,39450,22112.0,16276.0,13000.0,0.0
26770,86071.0,3048,2962,23299.0,0.0,4289.0,11300.0,72465.0,15000.0,6725.0,331999.0,17600.0,23600,12349.0,0.0,29130.0,0.0,9316.0,23839.0,4676.0,10509.0,21655,6467.0,25799.0,0.0,10180,30583.0,27198.0,10158.0,18050.0,36818,29605,7544.0,0.0,29400.0,40016,22000.0,16200.0,12937.0,0.0
27397,84600.0,3017,2968,23200.0,0.0,4310.0,11101.0,72275.0,14735.0,6754.0,331175.0,17430.0,23218,12550.0,0.0,29031.0,0.0,9279.0,24350.0,4601.0,10480.0,22125,6475.0,26343.0,0.0,10314,30882.0,26701.0,10368.0,17890.0,36666,30113,7565.0,0.0,29835.0,40520,22265.0,16450.0,13200.0,0.0
27010,83246.0,3010,2950,23000.0,0.0,4264.0,10818.0,70675.0,13242.0,6535.0,327100.0,16905.0,22511,11923.0,0.0,28278.0,0.0,9125.0,24150.0,4581.0,10477.0,21781,6344.0,25996.0,0.0,10250,31032.0,26988.0,10319.0,17878.0,36579,29250,7390.0,0.0,28756.0,41675,21860.0,16275.0,12850.0,0.0
26670,85119.0,3002,3001,22647.0,0.0,4209.0,10716.0,69849.0,13000.0,6409.0,329659.0,17210.0,22255,11693.0,0.0,27800.0,0.0,9305.0,23950.0,4546.0,10297.0,21875,6121.0,26307.0,0.0,10165,29977.0,26942.0,10201.0,17614.0,36267,28390,7403.0,0.0,28925.0,40363,21701.0,16131.0,12640.0,0.0
26934,84024.0,2875,3090,22553.0,0.0,4256.0,11121.0,69659.0,12861.0,6427.0,325158.0,17300.0,22790,11600.0,0.0,27712.0,0.0,9429.0,23527.0,4715.0,10354.0,21700,6072.0,26666.0,0.0,10105,31750.0,26888.0,10150.0,17891.0,35900,27988,7380.0,0.0,29400.0,40295,21965.0,15924.0,12400.0,0.0
26639,86546.0,2847,3065,22600.0,0.0,4201.0,11140.0,69160.0,12926.0,6451.0,331432.0,17517.0,22714,11622.0,0.0,28389.0,0.0,9344.0,23570.0,4690.0,10386.0,21915,5914.0,26742.0,0.0,10206,31239.0,27350.0,10280.0,17962.0,35891,27569,7420.0,0.0,29620.0,40042,21918.0,16201.0,12472.0,0.0
26054,86690.0,2942,3110,22630.0,0.0,4206.0,11495.0,68589.0,13167.0,6605.0,345500.0,17800.0,23415,11690.0,0.0,28900.0,0.0,9620.0,24000.0,4785.0,10426.0,22493,6061.0,27485.0,0.0,10406,32228.0,27000.0,10518.0,18600.0,36390,28851,7490.0,0.0,30800.0,40950,21983.0,16119.0,12508.0,0.0
25700,85165.0,2900,3132,22825.0,0.0,4235.0,11519.0,69654.0,12713.0,6622.0,347800.0,17547.0,23828,11368.0,0.0,29307.0,0.0,9499.0,23842.0,4728.0,10405.0,22384,6007.0,27550.0,0.0,10450,32549.0,27000.0,10500.0,18628.0,36113,28843,7194.0,0.0,30800.0,41139,22175.0,16300.0,12259.0,0.0
26170,86420.0,2834,3022,22950.0,0.0,4143.0,11400.0,69786.0,12138.0,6480.0,345800.0,17700.0,23340,12440.0,0.0,28750.0,0.0,9414.0,23928.0,4693.0,10495.0,22097,5974.0,26914.0,0.0,10500,32844.0,26950.0,10577.0,18835.0,35841,28465,6951.0,0.0,30900.0,41574,21346.0,16600.0,13500.0,0.0
26877,85219.0,2742,3056,23210.0,0.0,4210.0,11493.0,70305.0,10700.0,6499.0,354698.0,17542.0,22762,12321.0,0.0,28500.0,0.0,9359.0,23700.0,4662.0,10442.0,22507,6050.0,26681.0,0.0,10457,32658.0,27500.0,10532.0,19000.0,35479,28569,6642.0,0.0,30927.0,41887,21507.0,16363.0,13201.0,0.0
25505,87635.0,2715,3038,23195.0,0.0,4255.0,11310.0,70246.0,10500.0,6448.0,355500.0,17636.0,22331,12003.0,0.0,28184.0,0.0,9360.0,23464.0,4567.0,10567.0,22741,6073.0,26741.0,0.0,10500,32611.0,27542.0,10581.0,18200.0,35200,28564,6855.0,0.0,31300.0,42490,21270.0,16720.0,13340.0,0.0
24750,90100.0,2715,3048,22726.0,0.0,4204.0,11025.0,68865.0,10430.0,6275.0,358097.0,17738.0,22144,12600.0,0.0,27991.0,0.0,9325.0,23617.0,4545.0,10595.0,22731,6215.0,26451.0,0.0,10380,32335.0,26719.0,10475.0,18491.0,35375,28434,7026.0,0.0,30600.0,41200,20997.0,16600.0,13049.0,0.0
25119,94215.0,2642,3020,22858.0,0.0,4246.0,11015.0,69538.0,11250.0,6075.0,353800.0,17098.0,22132,13499.0,0.0,27555.0,0.0,9238.0,23170.0,4457.0,10444.0,22214,6285.0,25741.0,0.0,10169,32067.0,26322.0,10268.0,18037.0,35000,28586,6910.0,0.0,29400.0,40201,20501.0,16078.0,12745.0,0.0
25300,93680.0,2570,2996,22687.0,0.0,4235.0,10822.0,69995.0,10700.0,6058.0,346550.0,17000.0,21931,13600.0,0.0,27443.0,0.0,9153.0,22955.0,4395.0,10561.0,22500,6270.0,25350.0,0.0,10100,32221.0,26380.0,10189.0,18080.0,34912,29154,6973.0,0.0,29759.0,40040,20444.0,15928.0,12504.0,0.0
25697,91846.0,2407,2971,22681.0,0.0,4150.0,10638.0,70150.0,10968.0,6070.0,340800.0,17850.0,21842,13500.0,0.0,28250.0,0.0,9266.0,22596.0,4396.0,10683.0,22358,6408.0,25250.0,0.0,10002,32652.0,26038.0,10028.0,18000.0,33900,29331,6907.0,0.0,29134.0,40199,20962.0,15731.0,12277.0,0.0
25914,91775.0,2510,3039,22337.0,0.0,4163.0,10694.0,69039.0,10650.0,6190.0,341800.0,17664.0,22000,13680.0,0.0,27850.0,0.0,9417.0,23009.0,4475.0,10850.0,22250,6250.0,25465.0,0.0,9619,32362.0,26500.0,9668.0,18100.0,34100,28727,6974.0,0.0,29375.0,40192,20958.0,15840.0,12309.0,0.0
25590,91434.0,2529,2939,21900.0,0.0,4195.0,10616.0,66991.0,11003.0,6373.0,345884.0,18005.0,22045,13277.0,0.0,29011.0,0.0,9333.0,23087.0,4544.0,10866.0,22380,6241.0,26000.0,0.0,9545,32253.0,26010.0,9585.0,17875.0,34000,28559,7078.0,0.0,29254.0,40354,20950.0,15800.0,12225.0,0.0
25590,91434.0,2529,2939,21900.0,0.0,4195.0,10616.0,66991.0,11003.0,6373.0,345884.0,18005.0,22045,13277.0,0.0,29011.0,0.0,9333.0,23087.0,4544.0,10866.0,22380,6241.0,26000.0,0.0,9545,32253.0,26010.0,9585.0,17875.0,34000,28559,7078.0,0.0,29254.0,40354,20950.0,15800.0,12225.0,0.0
25645,89600.0,2525,2881,21053.0,0.0,4067.0,10884.0,63721.0,11050.0,6145.0,330000.0,18248.0,21950,13057.0,0.0,28600.0,0.0,9208.0,22755.0,4654.0,10747.0,21800,5982.0,25575.0,0.0,9341,31647.0,25371.0,9382.0,17779.0,33919,28261,6897.0,0.0,28576.0,40340,21000.0,15467.0,12226.0,0.0
25956,89438.0,2465,2729,21596.0,0.0,4100.0,11501.0,65640.0,10793.0,6095.0,315000.0,18201.0,21800,12500.0,0.0,29038.0,0.0,9068.0,22522.0,4843.0,10615.0,21918,5965.0,25547.0,0.0,9250,31744.0,25870.0,9272.0,17741.0,33893,27715,6875.0,0.0,28442.0,39700,20900.0,15029.0,11900.0,0.0
25646,89400.0,2349,2809,21400.0,0.0,3805.0,11368.0,64725.0,10950.0,6133.0,313000.0,18350.0,22598,12000.0,0.0,29117.0,0.0,9189.0,22500.0,4849.0,10517.0,22059,5850.0,25500.0,0.0,9112,31735.0,25625.0,9165.0,17700.0,31985,27496,6930.0,0.0,28775.0,38737,20798.0,15231.0,12000.0,0.0
25500,90000.0,2316,2851,21711.0,0.0,3640.0,11132.0,64899.0,10986.0,6097.0,313000.0,18375.0,22638,11639.0,0.0,28935.0,0.0,9161.0,22131.0,4811.0,10475.0,22000,6023.0,25073.0,0.0,9190,31669.0,25909.0,9197.0,17700.0,32250,27752,6669.0,0.0,28515.0,39047,20367.0,15190.0,11818.0,0.0
25495,86283.0,2424,2920,22155.0,0.0,3548.0,11154.0,67200.0,10486.0,5951.0,293193.0,18401.0,21950,11300.0,0.0,28714.0,0.0,8357.0,21713.0,4890.0,10449.0,21500,5838.0,24581.0,0.0,9033,31738.0,25600.0,9117.0,16758.0,31786,26870,6462.0,0.0,27800.0,39049,20135.0,15032.0,11627.0,0.0
25946,87024.0,2354,2841,23000.0,0.0,3634.0,11252.0,69655.0,10899.0,6000.0,289184.0,18211.0,22410,11500.0,0.0,28500.0,0.0,8530.0,22200.0,4798.0,10672.0,21868,5924.0,25258.0,0.0,9228,32300.0,25775.0,9240.0,17050.0,32400,27628,6690.0,0.0,28554.0,40323,20256.0,15307.0,11902.0,0.0
25946,87024.0,2354,2841,23000.0,0.0,3634.0,11252.0,69655.0,10899.0,6000.0,289184.0,18211.0,22410,11500.0,0.0,28500.0,0.0,8530.0,22200.0,4798.0,10672.0,21868,5924.0,25258.0,0.0,9228,32300.0,25775.0,9240.0,17050.0,32400,27628,6690.0,0.0,28554.0,40323,20256.0,15307.0,11902.0,0.0
25946,87024.0,2354,2841,23000.0,0.0,3634.0,11252.0,69655.0,10899.0,6000.0,289184.0,18211.0,22410,11500.0,0.0,28500.0,0.0,8530.0,22200.0,4798.0,10672.0,21868,5924.0,25258.0,0.0,9228,32300.0,25775.0,9240.0,17050.0,32400,27628,6690.0,0.0,28554.0,40323,20256.0,15307.0,11902.0,0.0
25500,85013.0,2323,2800,22720.0,0.0,3530.0,11165.0,68400.0,10590.0,6000.0,288200.0,18308.0,22701,11546.0,0.0,28504.0,0.0,8261.0,22100.0,4571.0,10481.0,21479,5918.0,25039.0,0.0,9021,31508.0,25723.0,9079.0,16877.0,31739,27150,6631.0,0.0,28500.0,39773,20099.0,15143.0,11574.0,0.0
25472,84400.0,2320,2765,23121.0,0.0,3388.0,11075.0,70562.0,10487.0,5902.0,295684.0,18193.0,22475,11674.0,0.0,27387.0,0.0,7769.0,22007.0,4590.0,10573.0,21186,5816.0,24396.0,0.0,8963,30995.0,25470.0,9014.0,16667.0,31769,26650,6569.0,0.0,27779.0,39259,20108.0,14821.0,11508.0,0.0
25918,85347.0,2343,2800,23689.0,0.0,3490.0,10941.0,71395.0,11200.0,6031.0,303776.0,18600.0,23140,12072.0,0.0,28250.0,0.0,8000.0,22400.0,4547.0,10668.0,21600,6034.0,24730.0,0.0,9139,31920.0,26087.0,9181.0,16950.0,31891,27471,6749.0,0.0,28500.0,40692,20100.0,15153.0,11850.0,0.0
26200,85500.0,2443,2834,24450.0,0.0,3600.0,11195.0,73300.0,11100.0,6174.0,298700.0,18518.0,22988,13199.0,0.0,27653.0,0.0,7970.0,22262.0,4713.0,10792.0,21280,5964.0,24300.0,0.0,9291,32509.0,26953.0,9306.0,17112.0,32379,27303,6573.0,0.0,28300.0,42130,20000.0,14935.0,11820.0,0.0
26413,87000.0,2386,2807,24352.0,0.0,3500.0,11205.0,73100.0,10689.0,6179.0,300987.0,18811.0,23000,13641.0,0.0,27675.0,0.0,8005.0,22374.0,4695.0,11021.0,21430,5737.0,24586.0,0.0,9220,32623.0,28299.0,9290.0,17262.0,32322,27206,6522.0,0.0,28360.0,42449,20000.0,15110.0,11743.0,0.0
26447,87146.0,2380,2852,24413.0,0.0,3463.0,11136.0,72810.0,11189.0,6150.0,305000.0,18900.0,23774,13750.0,0.0,27600.0,0.0,8111.0,22500.0,4565.0,11223.0,21634,5941.0,24550.0,0.0,9440,32814.0,27640.0,9530.0,17300.0,32500,28734,6648.0,0.0,28700.0,42456,20165.0,15100.0,11800.0,0.0
25861,85365.0,2400,2823,23794.0,0.0,3488.0,11590.0,72213.0,10922.0,6176.0,300322.0,18756.0,23461,13300.0,0.0,27200.0,0.0,8120.0,21795.0,4627.0,11200.0,20893,5856.0,24450.0,0.0,9400,32107.0,26992.0,9515.0,17068.0,31182,28479,6546.0,0.0,28550.0,42320,20206.0,14855.0,11543.0,0.0
25500,84425.0,2296,2874,23810.0,0.0,3410.0,11125.0,71480.0,10948.0,6214.0,307000.0,18545.0,23007,13151.0,0.0,26886.0,0.0,8100.0,22308.0,4553.0,11244.0,21518,5824.0,24244.0,0.0,9531,32287.0,26554.0,9606.0,17142.0,30655,28208,6695.0,0.0,29070.0,42700,20009.0,14766.0,11623.0,0.0
25384,85666.0,2333,2856,24125.0,0.0,3420.0,11335.0,71105.0,11190.0,6375.0,299500.0,18494.0,22557,13273.0,0.0,27175.0,0.0,8075.0,22230.0,4780.0,11471.0,21460,5913.0,24300.0,0.0,9600,33492.0,26800.0,9680.0,17017.0,31203,29030,6586.0,0.0,29265.0,43165,20186.0,14905.0,11640.0,0.0
26100,86948.0,2166,2846,24002.0,0.0,3353.0,11165.0,70100.0,10942.0,6333.0,304000.0,18914.0,23277,13200.0,0.0,27100.0,0.0,8030.0,22181.0,4744.0,11545.0,21651,5954.0,24380.0,0.0,9550,33417.0,26939.0,9648.0,17098.0,30600,29000,6700.0,0.0,29504.0,42495,20270.0,14910.0,11700.0,0.0
26054,86170.0,2137,2871,23510.0,0.0,3325.0,10781.0,68469.0,10921.0,6430.0,300889.0,19300.0,23504,13300.0,0.0,27633.0,0.0,8112.0,22685.0,4700.0,11601.0,21850,5989.0,24800.0,0.0,9645,33516.0,27600.0,9702.0,17114.0,30500,28952,6711.0,0.0,29481.0,43109,20744.0,15109.0,11780.0,0.0
26392,85748.0,2250,2912,23186.0,0.0,3497.0,11130.0,66450.0,11100.0,6535.0,304725.0,19564.0,23910,13418.0,0.0,27747.0,0.0,8160.0,23182.0,4765.0,11611.0,22730,6316.0,24729.0,0.0,9762,33564.0,27536.0,9848.0,17364.0,31359,30453,6828.0,0.0,30180.0,44432,20700.0,15372.0,11990.0,0.0
26074,86549.0,2225,2915,22000.0,0.0,3710.0,11075.0,61899.0,11392.0,6470.0,303700.0,20050.0,24023,13900.0,0.0,27750.0,0.0,8197.0,22863.0,4884.0,11463.0,22568,6400.0,24921.0,0.0,9790,33850.0,27344.0,9860.0,17508.0,32069,30287,6853.0,0.0,30129.0,43991,20715.0,15340.0,11774.0,0.0
26533,86431.0,2277,2930,22506.0,0.0,3650.0,11000.0,62625.0,11190.0,6425.0,304000.0,20565.0,24350,13690.0,0.0,28000.0,0.0,8168.0,22925.0,4809.0,11503.0,22450,6444.0,24700.0,0.0,9819,33942.0,27300.0,9876.0,17395.0,31710,29900,6847.0,0.0,30100.0,42997,20914.0,15277.0,11872.0,0.0
26401,86364.0,2339,2890,22550.0,0.0,3629.0,11100.0,64100.0,11342.0,6420.0,302847.0,21238.0,24179,13745.0,0.0,27357.0,0.0,8035.0,22680.0,4893.0,11609.0,22521,6502.0,24378.0,0.0,9815,34535.0,27988.0,9895.0,17281.0,32098,30300,6645.0,0.0,29408.0,43300,20865.0,15233.0,12239.0,0.0
26361,87400.0,2265,2849,22750.0,0.0,3636.0,11218.0,64232.0,11520.0,6244.0,302625.0,20864.0,24150,13319.0,0.0,26875.0,0.0,8012.0,22500.0,4904.0,11737.0,21393,6554.0,24461.0,0.0,9870,35230.0,27735.0,9950.0,17039.0,34981,30129,6552.0,0.0,29375.0,43380,20676.0,15340.0,12270.0,0.0
26455,84600.0,2279,2848,23000.0,0.0,3675.0,11186.0,66366.0,11000.0,6268.0,295160.0,20774.0,23800,13480.0,0.0,26208.0,0.0,7720.0,22158.0,4662.0,11800.0,21075,6411.0,24525.0,0.0,9646,35132.0,27797.0,9769.0,16738.0,34149,28860,6430.0,0.0,28524.0,42830,20930.0,15337.0,12208.0,0.0
26543,87213.0,2300,2855,23140.0,0.0,3760.0,11239.0,67613.0,11100.0,6361.0,299500.0,20603.0,23542,13600.0,0.0,27200.0,0.0,7770.0,22270.0,4590.0,11822.0,21067,6415.0,24500.0,0.0,9786,34680.0,28320.0,9900.0,17040.0,34200,28816,6573.0,0.0,28975.0,44320,20864.0,15360.0,12231.0,0.0
26543,87213.0,2300,2855,23140.0,0.0,3760.0,11239.0,67613.0,11100.0,6361.0,299500.0,20603.0,23542,13600.0,0.0,27200.0,0.0,7770.0,22270.0,4590.0,11822.0,21067,6415.0,24500.0,0.0,9786,34680.0,28320.0,9900.0,17040.0,34200,28816,6573.0,0.0,28975.0,44320,20864.0,15360.0,12231.0,0.0
26917,88912.0,2234,2910,23473.0,0.0,3861.0,11235.0,68721.0,11130.0,6425.0,305944.0,21368.0,24513,13759.0,0.0,27399.0,0.0,7921.0,22471.0,4687.0,11888.0,21432,6082.0,24900.0,0.0,9847,34785.0,28660.0,9962.0,17325.0,33633,29619,6696.0,0.0,29747.0,44797,21145.0,15597.0,12524.0,0.0
26917,88912.0,2234,2910,23473.0,0.0,3861.0,11235.0,68721.0,11130.0,6425.0,305944.0,21368.0,24513,13759.0,0.0,27399.0,0.0,7921.0,22471.0,4687.0,11888.0,21432,6082.0,24900.0,0.0,9847,34785.0,28660.0,9962.0,17325.0,33633,29619,6696.0,0.0,29747.0,44797,21145.0,15597.0,12524.0,0.0
27325,87000.0,2320,2869,23458.0,0.0,4061.0,11727.0,68129.0,11152.0,6375.0,301274.0,21542.0,24500,13350.0,0.0,27700.0,0.0,8100.0,22640.0,4959.0,12097.0,21600,6160.0,25054.0,0.0,10156,33000.0,27955.0,10230.0,17230.0,34840,30135,6790.0,0.0,29600.0,45247,21000.0,15800.0,12604.0,0.0
26935,85999.0,2286,2834,23400.0,0.0,4166.0,11500.0,67397.0,11088.0,6337.0,287877.0,21050.0,23600,13260.0,0.0,26702.0,0.0,7816.0,22089.0,4978.0,12000.0,20933,6184.0,24485.0,0.0,9722,32421.0,27934.0,9847.0,16829.0,36000,29770,6476.0,0.0,28850.0,44600,20390.0,14900.0,12747.0,0.0
26805,84801.0,2213,2761,23296.0,0.0,4142.0,11150.0,66536.0,11150.0,6304.0,301933.0,21200.0,23891,13328.0,0.0,26833.0,0.0,7838.0,22145.0,4880.0,11948.0,21159,6130.0,24382.0,0.0,9670,32793.0,27296.0,9759.0,17069.0,35400,29665,6500.0,0.0,29150.0,44531,20400.0,15093.0,12619.0,0.0
26452,86999.0,2142,2770,23176.0,0.0,4057.0,10900.0,66468.0,11650.0,6250.0,303500.0,21000.0,24082,13407.0,0.0,27253.0,0.0,7900.0,22199.0,4852.0,11952.0,21148,6136.0,24300.0,0.0,9578,32977.0,28098.0,9685.0,17335.0,34895,29628,6572.0,0.0,29715.0,45300,20261.0,15211.0,12850.0,0.0
26620,85800.0,1980,2759,23012.0,0.0,3985.0,10916.0,65325.0,11126.0,6159.0,307449.0,20762.0,23751,13270.0,0.0,25800.0,0.0,7718.0,22000.0,4788.0,12047.0,21020,6140.0,24340.0,0.0,9686,33733.0,27225.0,9812.0,16850.0,35000,29666,6500.0,0.0,29500.0,44631,19916.0,15350.0,12494.0,0.0
26306,86021.0,1943,2794,23151.0,0.0,3998.0,11314.0,66176.0,11383.0,6180.0,307605.0,20670.0,23699,13359.0,0.0,26310.0,0.0,7745.0,21967.0,4850.0,12050.0,21220,6239.0,24317.0,0.0,9645,34000.0,28354.0,9768.0,16847.0,35788,29758,6496.0,0.0,30019.0,44627,20078.0,15580.0,12422.0,0.0
25656,85585.0,1825,2798,22900.0,0.0,3900.0,11035.0,64805.0,11648.0,6049.0,318508.0,20408.0,23532,13403.0,0.0,25601.0,0.0,7838.0,21854.0,4756.0,12007.0,21496,6241.0,23840.0,0.0,9709,33372.0,27341.0,9804.0,16840.0,34856,29838,6565.0,0.0,30700.0,45273,19925.0,15605.0,12358.0,0.0
25450,86397.0,1892,2839,22601.0,0.0,3900.0,11199.0,64157.0,11740.0,6197.0,319912.0,21127.0,24159,13132.0,0.0,26521.0,0.0,7913.0,21945.0,4755.0,11822.0,21874,6398.0,24266.0,0.0,9676,33150.0,27209.0,9760.0,16840.0,35868,30772,6615.0,0.0,30700.0,45340,20236.0,15700.0,12530.0,0.0
25842,87400.0,1960,2869,22200.0,0.0,3970.0,11030.0,63625.0,11940.0,6208.0,322721.0,21100.0,23861,13332.0,0.0,26100.0,0.0,7864.0,21985.0,4730.0,12002.0,21741,6410.0,24140.0,0.0,9477,33091.0,27500.0,9559.0,16500.0,36248,30716,6600.0,0.0,30750.0,45984,20316.0,15296.0,12510.0,0.0
25348,84052.0,2040,2780,23000.0,0.0,4000.0,10844.0,65073.0,12115.0,6095.0,310000.0,20839.0,23106,13034.0,0.0,25250.0,0.0,7875.0,21475.0,4620.0,12232.0,20688,6475.0,23957.0,0.0,9490,34024.0,27300.0,9583.0,16209.0,36544,30817,6300.0,0.0,29482.0,47200,19853.0,15280.0,12082.0,0.0
26500,84886.0,1965,2787,23138.0,0.0,3933.0,10597.0,64601.0,12500.0,6080.0,326000.0,21165.0,23310,12676.0,0.0,25561.0,0.0,7820.0,21451.0,4550.0,12180.0,21073,6600.0,23980.0,0.0,9503,34600.0,27640.0,9598.0,16420.0,36000,31719,6350.0,0.0,30015.0,47000,19979.0,15671.0,12099.0,0.0
26008,82673.0,2040,2725,23446.0,0.0,3915.0,10489.0,64950.0,12450.0,6043.0,320399.0,21028.0,22922,12400.0,0.0,25449.0,0.0,7634.0,21100.0,4524.0,12355.0,20302,6715.0,23552.0,0.0,9641,34827.0,27023.0,9724.0,16150.0,35611,32061,6200.0,0.0,29305.0,47876,19124.0,15294.0,11807.0,0.0
25824,83659.0,2000,2710,23759.0,0.0,3700.0,10439.0,65365.0,12550.0,6000.0,320165.0,21219.0,21895,12539.0,0.0,24846.0,0.0,7500.0,20875.0,4571.0,11898.0,19799,6507.0,23651.0,0.0,9540,35498.0,27050.0,9650.0,16100.0,35474,32000,6100.0,0.0,28948.0,48400,18998.0,15057.0,11579.0,0.0
25156,84463.0,2054,2688,23740.0,0.0,3779.0,10358.0,64475.0,12413.0,5990.0,318013.0,21182.0,21674,12500.0,0.0,25400.0,0.0,7631.0,20825.0,4589.0,11940.0,20051,6635.0,23378.0,0.0,9690,35682.0,26478.0,9805.0,16151.0,35300,32630,6032.0,0.0,28700.0,48235,18766.0,14700.0,11535.0,0.0
26318,85603.0,2105,2741,23300.0,0.0,3700.0,10225.0,63691.0,12783.0,5990.0,319500.0,20930.0,22251,12647.0,0.0,26091.0,0.0,7833.0,21300.0,4535.0,11759.0,20506,6608.0,23730.0,0.0,9765,35845.0,27100.0,9896.0,16500.0,36224,32491,6161.0,0.0,28711.0,48425,18955.0,15349.0,11761.0,0.0
25063,83658.0,1958,2752,23450.0,0.0,3495.0,10021.0,63600.0,12460.0,5930.0,318000.0,20700.0,21495,12500.0,0.0,25700.0,0.0,7669.0,20995.0,4424.0,11614.0,20380,6367.0,23050.0,0.0,9575,35274.0,26376.0,9690.0,16193.0,33500,30672,6050.0,0.0,28266.0,46180,18880.0,15103.0,11400.0,0.0
24264,83372.0,1965,2742,23269.0,0.0,3476.0,10384.0,63541.0,12406.0,5869.0,322500.0,20100.0,21400,12502.0,0.0,25057.0,0.0,7477.0,20715.0,4504.0,11566.0,20313,6250.0,22701.0,0.0,9561,34840.0,26327.0,9655.0,15796.0,33988,30000,6011.0,0.0,28169.0,47295,18490.0,15258.0,11279.0,0.0
24580,87350.0,1920,2765,23737.0,0.0,3405.0,10322.0,64362.0,12243.0,6090.0,319900.0,21275.0,22000,12557.0,0.0,26050.0,0.0,7674.0,20983.0,4455.0,11668.0,20684,6272.0,23097.0,0.0,9800,34574.0,25950.0,9872.0,16041.0,33098,29748,6150.0,0.0,28345.0,46401,18985.0,15375.0,11426.0,0.0
25297,87500.0,1855,2745,24148.0,0.0,3310.0,10200.0,64950.0,12360.0,6077.0,320520.0,20820.0,21547,12400.0,0.0,25878.0,0.0,7624.0,20980.0,4376.0,11670.0,20650,6230.0,23354.0,0.0,9620,35283.0,26182.0,9735.0,16000.0,32850,29744,6130.0,0.0,28113.0,45450,19100.0,15494.0,11515.0,0.0
25200,87300.0,1913,2750,23636.0,0.0,3327.0,10669.0,63587.0,12486.0,5899.0,308821.0,20600.0,20700,12200.0,0.0,25450.0,0.0,7529.0,20625.0,4532.0,11581.0,20266,6227.0,22524.0,0.0,9428,34576.0,25516.0,9530.0,15500.0,32800,29500,6000.0,0.0,27313.0,45498,18725.0,14855.0,11280.0,0.0
25186,86835.0,1924,2710,23758.0,0.0,3400.0,10597.0,63150.0,12326.0,5840.0,302044.0,19978.0,20316,12238.0,0.0,24950.0,0.0,7353.0,20470.0,4422.0,11550.0,20251,6205.0,23226.0,0.0,9255,34473.0,25417.0,9335.0,15250.0,32800,29432,5992.0,0.0,27200.0,45037,19262.0,14457.0,11200.0,0.0
25000,87444.0,2026,2720,23840.0,0.0,3503.0,10798.0,64846.0,12535.0,5834.0,302600.0,20199.0,20200,12400.0,0.0,25100.0,0.0,7605.0,20400.0,4518.0,11661.0,20740,6254.0,23407.0,0.0,9213,35195.0,25392.0,9330.0,15415.0,33599,30251,6000.0,0.0,27360.0,45750,19275.0,14350.0,11450.0,0.0
25200,89741.0,2040,2753,23779.0,0.0,3540.0,10924.0,64598.0,13000.0,5830.0,319895.0,20157.0,20480,12455.0,0.0,25565.0,0.0,7802.0,20682.0,4494.0,11626.0,21107,6424.0,23173.0,0.0,9310,35127.0,26116.0,9380.0,15575.0,34602,31079,6125.0,0.0,27730.0,48150,19334.0,14777.0,11771.0,0.0
25854,92750.0,2041,2780,24065.0,0.0,3471.0,10803.0,63708.0,12951.0,5843.0,326875.0,20950.0,20950,12597.0,0.0,25495.0,0.0,8120.0,20955.0,4492.0,11685.0,21663,6410.0,23463.0,0.0,9370,35118.0,26281.0,9480.0,15947.0,35067,30955,6335.0,0.0,28460.0,47945,19735.0,14700.0,11888.0,0.0
25481,89410.0,2060,2758,24151.0,0.0,3431.0,10921.0,63953.0,13000.0,5695.0,329700.0,20617.0,19902,12440.0,0.0,25043.0,0.0,8053.0,20808.0,4562.0,11910.0,20815,6616.0,23141.0,0.0,9426,35885.0,26172.0,9525.0,15492.0,34941,31794,6160.0,0.0,27494.0,48113,19345.0,14619.0,11624.0,0.0
25495,88550.0,2172,2709,23548.0,0.0,3482.0,11061.0,63100.0,13407.0,5662.0,338556.0,20576.0,20023,12650.0,0.0,25117.0,0.0,7550.0,20645.0,4601.0,11985.0,20902,6736.0,22874.0,0.0,9554,35709.0,26100.0,9691.0,15150.0,35000,32234,6143.0,0.0,27570.0,48000,19475.0,14350.0,11533.0,0.0
25895,89500.0,2281,2697,23500.0,0.0,3639.0,11022.0,63317.0,13607.0,5645.0,342200.0,20347.0,20280,12822.0,0.0,24833.0,0.0,7270.0,20630.0,4703.0,12060.0,20640,6838.0,22691.0,0.0,9756,36547.0,26375.0,9878.0,14734.0,35101,32718,6155.0,0.0,27341.0,49200,19244.0,14299.0,11499.0,0.0
25901,88411.0,2205,2680,24006.0,0.0,3605.0,11132.0,64370.0,13267.0,5662.0,333999.0,20336.0,20275,13000.0,0.0,24250.0,0.0,7338.0,20388.0,4750.0,12258.0,20462,6766.0,23200.0,0.0,9547,36777.0,26300.0,9673.0,14700.0,34544,32580,6150.0,0.0,27062.0,49249,19261.0,14445.0,11623.0,0.0
25900,86595.0,2203,2693,24520.0,0.0,3586.0,11220.0,65642.0,13700.0,5628.0,333770.0,20240.0,19900,12723.0,0.0,24350.0,0.0,7348.0,20300.0,4755.0,12325.0,20320,6811.0,22850.0,0.0,9709,37400.0,26450.0,9864.0,14510.0,33930,32839,6098.0,0.0,27012.0,48800,19139.0,14031.0,11428.0,0.0
26500,87700.0,2251,2670,24600.0,0.0,3527.0,11262.0,65373.0,13602.0,5669.0,335167.0,20159.0,20266,12800.0,0.0,24194.0,0.0,7361.0,20279.0,4791.0,12338.0,20370,6790.0,23073.0,0.0,9900,36811.0,27200.0,10018.0,14600.0,32889,32159,6039.0,0.0,27132.0,49200,19205.0,13896.0,11399.0,0.0
27313,88098.0,2197,2681,24699.0,0.0,3430.0,11320.0,65695.0,13320.0,5610.0,339300.0,19998.0,20440,12847.0,0.0,23733.0,0.0,7457.0,20325.0,4851.0,12460.0,20712,7038.0,22978.0,0.0,9902,37281.0,27820.0,10048.0,14500.0,32902,31830,6110.0,0.0,27514.0,48815,18878.0,13750.0,11259.0,0.0
26744,88233.0,2300,2719,24760.0,0.0,3574.0,11533.0,66200.0,13120.0,5665.0,333500.0,20200.0,20777,12689.0,0.0,24500.0,0.0,7437.0,20598.0,4948.0,12413.0,20797,7056.0,23700.0,0.0,9981,36950.0,28010.0,10135.0,14455.0,33314,31810,6322.0,0.0,27581.0,48600,19000.0,13850.0,11300.0,0.0
26443,86500.0,2300,2701,24892.0,0.0,3465.0,10928.0,66782.0,12826.0,5567.0,329912.0,20370.0,20400,12200.0,0.0,24280.0,0.0,7188.0,20275.0,4893.0,12464.0,19710,6877.0,23317.0,0.0,9689,37180.0,27610.0,9981.0,14369.0,34450,30725,6050.0,0.0,26495.0,47936,18866.0,13455.0,11121.0,0.0
26372,84600.0,2202,2630,24324.0,0.0,3488.0,11100.0,65900.0,12609.0,5514.0,330958.0,20024.0,20081,12250.0,0.0,23052.0,0.0,7028.0,20178.0,4890.0,12450.0,19017,6837.0,22587.0,0.0,9780,36797.0,27300.0,9934.0,14108.0,33874,31086,5893.0,0.0,25900.0,48131,18484.0,13374.0,11010.0,0.0
25473,84948.0,2172,2535,24082.0,0.0,3500.0,11000.0,66948.0,12408.0,5433.0,321000.0,19913.0,19900,12100.0,0.0,22850.0,0.0,7023.0,19720.0,4930.0,12129.0,18600,6746.0,22063.0,0.0,9656,36421.0,26727.0,9837.0,14200.0,34149,30651,5688.0,0.0,25350.0,47725,18434.0,13000.0,10815.0,0.0
26192,86211.0,2076,2550,24132.0,0.0,3580.0,11112.0,68285.0,12615.0,5500.0,328064.0,20020.0,20237,12200.0,0.0,22578.0,0.0,7185.0,20120.0,4897.0,12023.0,18800,6736.0,22718.0,0.0,9620,36363.0,26874.0,9818.0,14362.0,33662,30320,5900.0,0.0,25668.0,47392,18649.0,12775.0,10796.0,0.0
26182,86232.0,2067,2570,24100.0,0.0,3565.0,11109.0,69347.0,12270.0,5449.0,320787.0,20246.0,20061,12122.0,0.0,22750.0,0.0,7152.0,20101.0,4829.0,11878.0,18845,6743.0,22300.0,0.0,9530,36060.0,27500.0,9747.0,14255.0,32031,29941,5985.0,0.0,25473.0,47084,18691.0,12315.0,10699.0,0.0
25960,88105.0,2112,2615,23842.0,0.0,3485.0,11092.0,69601.0,12416.0,5415.0,330743.0,20402.0,20336,12012.0,0.0,23273.0,0.0,7307.0,20450.0,4762.0,11848.0,19024,6872.0,22860.0,0.0,9639,36115.0,27308.0,9815.0,15050.0,33034,30319,6140.0,0.0,25644.0,46788,18658.0,12682.0,10711.0,0.0
25550,87184.0,2030,2599,23520.0,0.0,3422.0,11131.0,68356.0,11732.0,5350.0,320700.0,20373.0,20023,11960.0,2522.0,22864.0,0.0,7223.0,20009.0,4750.0,11649.0,18794,6705.0,22688.0,0.0,9465,35600.0,27021.0,9646.0,14833.0,32689,29257,6055.0,0.0,25679.0,46425,18446.0,12365.0,10621.0,0.0
25300,85854.0,1955,2567,23628.0,0.0,3430.0,10788.0,67605.0,11592.0,5519.0,309850.0,20324.0,19606,11628.0,2145.0,22300.0,0.0,7059.0,19834.0,4713.0,11538.0,18485,6548.0,22489.0,0.0,9452,35551.0,26734.0,9635.0,14959.0,32583,29208,6089.0,0.0,25093.0,46548,18541.0,12244.0,10602.0,0.0
25000,84700.0,1968,2550,23004.0,0.0,3392.0,10970.0,67048.0,11718.0,5340.0,317799.0,19282.0,18900,11666.0,2080.0,21950.0,0.0,6717.0,19400.0,4815.0,11705.0,18125,6693.0,21198.0,0.0,9352,36258.0,26580.0,9567.0,14524.0,33216,29942,5880.0,0.0,24333.0,47400,18146.0,11978.0,10506.0,0.0
24923,84464.0,1904,2555,23873.0,0.0,3403.0,10782.0,70386.0,11700.0,5393.0,327182.0,19300.0,19023,11825.0,2069.0,21621.0,0.0,6777.0,19663.0,4764.0,11477.0,18420,6531.0,21500.0,0.0,9397,36581.0,26484.0,9636.0,14490.0,34147,29591,6030.0,0.0,24500.0,48550,17960.0,12102.0,10458.0,0.0
25822,86800.0,2025,2669,24165.0,0.0,3668.0,11212.0,69191.0,12570.0,5545.0,348500.0,19653.0,19701,12246.0,2028.0,22626.0,0.0,7007.0,20429.0,4920.0,11630.0,19187,6595.0,22061.0,0.0,9606,37281.0,27531.0,9762.0,14750.0,35900,30743,6389.0,0.0,24958.0,50286,18542.0,12279.0,10790.0,0.0
25677,88800.0,2108,2609,23910.0,0.0,3822.0,11288.0,69700.0,12900.0,5562.0,340773.0,19728.0,19359,12142.0,2007.0,22834.0,0.0,7019.0,20444.0,4819.0,11565.0,19215,6403.0,22050.0,0.0,9499,37093.0,27250.0,9699.0,15058.0,36040,29980,6423.0,0.0,25573.0,49600,18657.0,12309.0,10709.0,0.0
26400,85300.0,2130,2636,24399.0,0.0,3909.0,11552.0,70513.0,13227.0,5669.0,341500.0,20302.0,19478,12226.0,2015.0,22880.0,0.0,7130.0,20801.0,4840.0,11499.0,19442,5854.0,22450.0,0.0,9593,36840.0,27500.0,9786.0,15238.0,36957,29644,6568.0,0.0,25940.0,50000,19040.0,12300.0,10900.0,0.0
26617,87375.0,2130,2650,24533.0,0.0,3949.0,11826.0,71255.0,12866.0,5519.0,340800.0,19926.0,19500,12278.0,2080.0,22806.0,0.0,7172.0,21025.0,4878.0,11511.0,19805,5779.0,22600.0,0.0,9935,36300.0,27560.0,10061.0,15293.0,36133,30300,6618.0,0.0,26447.0,50100,19139.0,12600.0,11050.0,0.0
26353,87000.0,2133,2704,24239.0,0.0,4015.0,11670.0,69751.0,12885.0,5500.0,338886.0,19715.0,19331,12342.0,2080.0,22633.0,0.0,7003.0,21047.0,4913.0,11299.0,19707,5856.0,22647.0,0.0,9683,36138.0,27192.0,9837.0,15299.0,35332,30827,6559.0,0.0,26220.0,50564,19141.0,12898.0,11015.0,0.0
26283,87000.0,2118,2700,23995.0,0.0,3992.0,11706.0,70140.0,12911.0,5469.0,343853.0,19379.0,19036,12455.0,2090.0,22562.0,0.0,6898.0,20718.0,4941.0,11232.0,19200,5895.0,22328.0,0.0,9785,36152.0,27160.0,9924.0,15157.0,35839,30457,6422.0,0.0,26180.0,50300,18940.0,12710.0,10952.0,0.0
26704,90000.0,2174,2691,24459.0,0.0,4071.0,11717.0,70181.0,13056.0,5545.0,351000.0,19750.0,19400,12493.0,2106.0,22800.0,0.0,7125.0,21307.0,4863.0,11343.0,19780,5920.0,22700.0,0.0,10023,36600.0,27390.0,10119.0,15500.0,37045,30629,6650.0,0.0,26724.0,51433,19207.0,13050.0,11173.0,0.0
26550,90607.0,2180,2700,24832.0,0.0,3920.0,11791.0,69793.0,13246.0,5465.0,349600.0,19491.0,19243,12445.0,2079.0,22219.0,16530.0,7029.0,21089.0,4869.0,11471.0,19491,5825.0,22707.0,0.0,9861,36612.0,27608.0,9946.0,15459.0,37026,30526,6563.0,0.0,26467.0,51965,19280.0,13045.0,10932.0,0.0
26292,90304.0,2160,2689,24500.0,0.0,3948.0,11632.0,69400.0,13133.0,5495.0,344000.0,18994.0,19356,12308.0,2050.0,21733.0,16200.0,6799.0,20822.0,4847.0,11305.0,19288,5605.0,22345.0,0.0,9600,36276.0,27632.0,9680.0,15243.0,36620,29610,6512.0,0.0,25947.0,51796,18920.0,12932.0,10759.0,0.0
25607,89730.0,2158,2650,24450.0,0.0,3914.0,11532.0,68982.0,13328.0,5500.0,344475.0,18942.0,19200,12275.0,2026.0,22033.0,16179.0,6874.0,20700.0,4785.0,11102.0,19192,5558.0,22390.0,0.0,9500,35747.0,27312.0,9594.0,15149.0,37045,29146,6531.0,0.0,25616.0,50800,18941.0,12706.0,10693.0,0.0
25671,90352.0,1974,2651,24111.0,0.0,3775.0,11262.0,68714.0,12800.0,5460.0,337300.0,18709.0,19087,12081.0,2007.0,21758.0,15907.0,6861.0,20600.0,4687.0,11165.0,19367,5492.0,22300.0,0.0,9501,35568.0,27100.0,9546.0,14966.0,35564,28946,6500.0,0.0,25620.0,50500,18702.0,12457.0,10668.0,0.0
25177,90582.0,1801,2605,24282.0,0.0,3655.0,10998.0,67689.0,12613.0,5343.0,330142.0,18206.0,18275,11830.0,1995.0,21470.0,15608.0,6846.0,20216.0,4615.0,11044.0,18898,5405.0,21850.0,0.0,9390,35516.0,26467.0,9440.0,15070.0,36809,28417,6314.0,0.0,25305.0,49685,18200.0,12484.0,10437.0,0.0
25200,92100.0,1812,2623,23932.0,0.0,3660.0,11067.0,66500.0,12812.0,5328.0,337190.0,18582.0,18407,11792.0,1995.0,22047.0,15800.0,6941.0,20730.0,4683.0,11130.0,19474,5460.0,22052.0,0.0,9521,36198.0,26800.0,9554.0,14990.0,36200,28952,6514.0,0.0,25744.0,49240,18510.0,12532.0,10780.0,0.0
25190,91954.0,1817,2639,23876.0,0.0,3630.0,10850.0,66550.0,13216.0,5290.0,336500.0,19055.0,18585,11850.0,1977.0,22150.0,15971.0,6900.0,20730.0,4677.0,11364.0,19482,5493.0,21230.0,0.0,9580,36180.0,26643.0,9606.0,15098.0,35300,29060,6538.0,0.0,26114.0,49419,18250.0,12984.0,10758.0,0.0
24642,92400.0,1832,2600,23955.0,0.0,3459.0,10754.0,67246.0,13270.0,5318.0,338800.0,18653.0,18377,11844.0,1993.0,22020.0,15684.0,6916.0,20844.0,4668.0,11545.0,19400,5564.0,20700.0,0.0,9480,36275.0,26920.0,9551.0,15147.0,34650,28493,6472.0,0.0,26107.0,49900,18250.0,12698.0,10575.0,0.0
24600,94917.0,1849,2592,24440.0,0.0,3500.0,10700.0,69750.0,12462.0,5345.0,344850.0,18851.0,18646,11631.0,2021.0,22508.0,16199.0,7057.0,21100.0,4768.0,11883.0,19907,5490.0,20735.0,0.0,9595,36137.0,27566.0,9627.0,15826.0,35590,28220,6600.0,0.0,26890.0,50284,18477.0,13132.0,10755.0,0.0
24290,95740.0,1805,2584,24409.0,0.0,3511.0,10700.0,69566.0,12588.0,5285.0,339061.0,18737.0,18750,11802.0,2064.0,22440.0,16012.0,7005.0,21077.0,4800.0,11748.0,19694,5495.0,20650.0,0.0,9546,35597.0,27094.0,9590.0,16200.0,36000,28285,6490.0,0.0,26663.0,50500,18369.0,12886.0,10490.0,0.0
25093,94662.0,1859,2604,24500.0,0.0,3662.0,10653.0,69446.0,12998.0,5190.0,341990.0,18750.0,18989,11850.0,2102.0,23149.0,16226.0,7174.0,21400.0,4741.0,11527.0,19800,5740.0,20866.0,0.0,9639,36094.0,27050.0,9739.0,16772.0,38560,29510,6577.0,0.0,27075.0,50437,18440.0,12551.0,10467.0,0.0
24754,94197.0,1840,2585,24400.0,0.0,3572.0,10850.0,68951.0,12933.0,5185.0,331013.0,18675.0,18950,11650.0,2090.0,22662.0,16320.0,7313.0,20906.0,4737.0,11471.0,19473,5617.0,20700.0,0.0,9326,35907.0,26888.0,9380.0,16600.0,39034,29331,6580.0,0.0,26741.0,50930,18360.0,12767.0,10469.0,0.0
25049,94349.0,1975,2585,25245.0,0.0,3523.0,11172.0,73000.0,12910.0,5191.0,331528.0,18688.0,18823,11550.0,2134.0,22789.0,16645.0,7341.0,20988.0,4770.0,11593.0,19755,5629.0,21209.0,0.0,9356,36100.0,27273.0,9430.0,16650.0,39361,29187,6631.0,0.0,26793.0,51170,18369.0,13268.0,10784.0,0.0
25100,95220.0,2000,2590,25133.0,0.0,3548.0,11109.0,71000.0,12920.0,5170.0,335800.0,18835.0,18840,11770.0,2149.0,22768.0,16733.0,7472.0,21457.0,4788.0,11558.0,19928,5654.0,21105.0,0.0,9479,36000.0,27324.0,9510.0,16650.0,39800,29298,6700.0,0.0,26862.0,51738,18522.0,13368.0,11095.0,0.0
25154,93180.0,2000,2602,24993.0,0.0,3532.0,11450.0,71572.0,13107.0,5084.0,331508.0,18785.0,18655,12095.0,2188.0,22846.0,16988.0,7424.0,21760.0,4824.0,11633.0,20301,5596.0,21302.0,0.0,9570,36129.0,26800.0,9626.0,16705.0,39252,28999,6790.0,0.0,27350.0,51170,18707.0,13795.0,11424.0,0.0
25500,95153.0,1949,2615,25394.0,0.0,3526.0,11496.0,72592.0,12950.0,5116.0,324200.0,19326.0,18730,12200.0,2201.0,23514.0,17189.0,7634.0,21717.0,4804.0,11515.0,20385,5776.0,21768.0,0.0,9513,36088.0,26352.0,9550.0,17000.0,40450,29777,6927.0,0.0,27286.0,51820,19158.0,14025.0,11450.0,0.0
25900,95970.0,1925,2620,25000.0,0.0,3679.0,11535.0,72400.0,13178.0,5229.0,326914.0,19425.0,19150,11954.0,2199.0,23300.0,16998.0,7582.0,21562.0,4875.0,11573.0,20308,5607.0,21656.0,0.0,9331,36678.0,26697.0,9400.0,16971.0,40991,29684,6877.0,0.0,26997.0,51469,19366.0,13653.0,11360.0,0.0
25754,93700.0,1989,2599,24986.0,0.0,3610.0,11696.0,72345.0,13354.0,5094.0,317532.0,19190.0,19024,11900.0,2163.0,22871.0,16730.0,7400.0,20960.0,4810.0,11615.0,19664,5463.0,20902.0,0.0,9190,36034.0,26584.0,9252.0,16710.0,41370,28997,6734.0,0.0,26405.0,51154,19150.0,13070.0,11064.0,0.0
26215,95405.0,1977,2600,25005.0,0.0,3657.0,11685.0,72264.0,13500.0,5190.0,323599.0,19557.0,19200,11998.0,2209.0,22910.0,17126.0,7449.0,21187.0,4800.0,11598.0,19803,5500.0,21526.0,0.0,9150,38390.0,26825.0,9271.0,16655.0,41342,29176,6877.0,0.0,26827.0,51523,19226.0,13400.0,11128.0,0.0
26000,94827.0,1886,2590,25108.0,0.0,3575.0,11409.0,72400.0,13300.0,5144.0,325000.0,19000.0,19080,11782.0,2190.0,22486.0,16616.0,7421.0,20620.0,4778.0,11694.0,19489,5450.0,21393.0,0.0,9168,38350.0,26400.0,9232.0,16519.0,41116,29108,6700.0,0.0,26440.0,51703,19401.0,13193.0,11050.0,0.0
26272,94333.0,1865,2600,25150.0,0.0,3687.0,11374.0,72253.0,13775.0,5125.0,332897.0,19450.0,19442,11939.0,2196.0,22688.0,16598.0,7502.0,21363.0,4711.0,11800.0,19579,5613.0,21848.0,0.0,9310,38410.0,26654.0,9405.0,16893.0,42001,30020,6770.0,0.0,26014.0,52590,19661.0,13520.0,11411.0,0.0
26455,95200.0,1811,2600,25050.0,0.0,3727.0,11366.0,72307.0,14038.0,5140.0,335183.0,19300.0,19696,12024.0,2187.0,22585.0,16750.0,7651.0,21488.0,4713.0,11936.0,19590,5609.0,21876.0,0.0,9204,38498.0,27386.0,9345.0,17000.0,41050,29810,6785.0,0.0,26527.0,52052,19738.0,13339.0,10485.0,0.0
26455,95200.0,1811,2600,25050.0,0.0,3727.0,11366.0,72307.0,14038.0,5140.0,335183.0,19300.0,19696,12024.0,2187.0,22585.0,16750.0,7651.0,21488.0,4713.0,11936.0,19590,5609.0,21876.0,0.0,9204,38498.0,27386.0,9345.0,17000.0,41050,29810,6785.0,0.0,26527.0,52052,19738.0,13339.0,10485.0,0.0
25713,93696.0,1797,2565,25155.0,0.0,3669.0,12048.0,74381.0,14217.0,5006.0,337149.0,19000.0,19250,11970.0,2190.0,22109.0,16236.0,7413.0,21000.0,4850.0,12262.0,18804,5750.0,21233.0,0.0,9181,38989.0,28363.0,9294.0,16381.0,42366,29729,6535.0,0.0,25685.0,52749,19467.0,12694.0,10200.0,0.0
25900,92501.0,1768,2569,25600.0,0.0,3661.0,11975.0,75585.0,14200.0,4984.0,340500.0,18700.0,19338,12211.0,2169.0,21804.0,16025.0,7443.0,20645.0,4855.0,12400.0,18660,5850.0,21500.0,0.0,9125,39039.0,28915.0,9271.0,16563.0,40846,30750,6305.0,0.0,25895.0,53209,19300.0,12727.0,10164.0,0.0
26400,92139.0,1702,2600,25600.0,0.0,3619.0,11820.0,75461.0,13950.0,5095.0,333500.0,18900.0,19346,12316.0,2131.0,22275.0,16261.0,7423.0,20653.0,4184.0,12336.0,18925,5724.0,21420.0,0.0,9180,38426.0,28820.0,9260.0,16788.0,40186,29844,6530.0,0.0,26383.0,52360,19225.0,12807.0,10215.0,0.0
25944,90756.0,1591,2600,25644.0,0.0,3420.0,10931.0,75646.0,12964.0,5083.0,306088.0,18498.0,18878,12166.0,2061.0,21808.0,15700.0,7197.0,20078.0,3730.0,12326.0,18425,5537.0,21260.0,0.0,8944,38166.0,28546.0,9078.0,16123.0,39030,28048,6220.0,0.0,25692.0,51200,18802.0,12357.0,9941.0,0.0
26030,93313.0,1670,2630,26062.0,0.0,3476.0,10765.0,77400.0,14000.0,5098.0,314614.0,18800.0,19293,12548.0,2125.0,22219.0,16100.0,7466.0,20083.0,3750.0,12400.0,18718,5685.0,21189.0,0.0,9173,38596.0,29250.0,9324.0,16442.0,40175,28639,6369.0,0.0,26215.0,52160,19018.0,12766.0,10150.0,0.0
26111,93841.0,1702,2595,26600.0,0.0,3460.0,10770.0,78821.0,14481.0,5040.0,318000.0,18725.0,18900,12461.0,2113.0,22098.0,15818.0,7436.0,19900.0,3566.0,12515.0,18377,5715.0,21076.0,0.0,9220,39245.0,29193.0,9389.0,16326.0,41083,28749,6297.0,0.0,25896.0,52850,18869.0,12560.0,10100.0,0.0
26520,94099.0,1672,2585,26574.0,0.0,3444.0,10565.0,78840.0,14528.0,5090.0,324800.0,18701.0,19154,12555.0,2110.0,22023.0,15970.0,7500.0,19994.0,3460.0,12587.0,18550,5737.0,21180.0,0.0,9269,40000.0,29245.0,9373.0,16425.0,42126,29195,6385.0,0.0,26000.0,52300,18913.0,12644.0,10345.0,0.0
26699,98000.0,1628,2587,26400.0,0.0,3405.0,10799.0,76199.0,14725.0,5155.0,330450.0,19001.0,19630,12844.0,2130.0,22900.0,15814.0,7630.0,20000.0,3550.0,12309.0,18634,5640.0,20300.0,0.0,9225,39197.0,29650.0,9323.0,16670.0,42000,28899,6520.0,0.0,26600.0,53427,19018.0,12799.0,10229.0,0.0
28288,98533.0,1674,2599,26776.0,0.0,3630.0,10869.0,75576.0,15639.0,5155.0,343000.0,18656.0,20335,13100.0,2155.0,23475.0,15950.0,7654.0,20356.0,3462.0,12389.0,18948,5744.0,20920.0,0.0,9245,39335.0,29000.0,9317.0,16729.0,42454,29335,6655.0,0.0,27150.0,54496,19526.0,13026.0,10370.0,0.0
28185,101000.0,1696,2590,26829.0,0.0,3679.0,10931.0,74300.0,14700.0,5060.0,344100.0,19680.0,20737,13300.0,2168.0,23727.0,16014.0,7741.0,20300.0,3434.0,12467.0,18928,5688.0,21520.0,0.0,9156,39170.0,29642.0,9208.0,17300.0,42386,28397,6670.0,0.0,27270.0,54805,19740.0,12941.0,10627.0,0.0
28563,100000.0,1712,2596,26585.0,0.0,3708.0,11066.0,72122.0,14900.0,5000.0,353806.0,20365.0,20888,13430.0,2223.0,24117.0,16075.0,7902.0,20275.0,3560.0,12559.0,18670,5864.0,21870.0,0.0,9170,39223.0,30275.0,9244.0,17371.0,42295,28800,6780.0,0.0,27039.0,54700,19790.0,12968.0,10665.0,0.0
29350,100600.0,1793,2597,26510.0,0.0,3838.0,11352.0,72000.0,15024.0,5130.0,356999.0,20748.0,21150,13180.0,2251.0,23975.0,16643.0,8058.0,20600.0,3638.0,12588.0,19325,5933.0,22359.0,0.0,9580,39847.0,30463.0,9625.0,17506.0,43000,29622,6987.0,0.0,28022.0,55551,20472.0,13175.0,10799.0,0.0
29520,101500.0,1772,2617,26900.0,0.0,3861.0,11275.0,70760.0,15200.0,5341.0,356000.0,20550.0,21621,13299.0,2298.0,24350.0,16811.0,8119.0,20900.0,3562.0,12882.0,19473,5989.0,22032.0,0.0,9726,40200.0,30706.0,9775.0,17558.0,42977,29699,7078.0,0.0,28324.0,55450,20800.0,13384.0,10966.0,0.0
29569,101000.0,1780,2580,27300.0,0.0,3913.0,11543.0,72100.0,15180.0,5382.0,358000.0,20391.0,21159,13556.0,2276.0,23976.0,16472.0,8065.0,21118.0,3622.0,13093.0,18953,6100.0,21100.0,0.0,9726,40833.0,30295.0,9787.0,17550.0,42771,29973,7019.0,0.0,28055.0,56182,20700.0,13112.0,10734.0,0.0
28843,99622.0,1745,2478,27814.0,0.0,3822.0,11446.0,72254.0,14908.0,5250.0,335000.0,19998.0,20738,13707.0,2260.0,22912.0,16350.0,7871.0,21002.0,3598.0,13251.0,18500,6159.0,20080.0,0.0,9708,40955.0,30243.0,9744.0,17240.0,42950,30137,6940.0,0.0,27814.0,56265,20300.0,12613.0,8650.0,0.0
29142,100275.0,1790,2544,28490.0,0.0,3896.0,11790.0,71233.0,14885.0,5422.0,326577.0,20300.0,21600,14000.0,2218.0,22534.0,16255.0,7934.0,21441.0,3600.0,13052.0,18634,6010.0,20400.0,0.0,9617,40991.0,31359.0,9677.0,17521.0,43000,29673,7070.0,0.0,27798.0,57600,20500.0,12639.0,8899.0,0.0
29280,101799.0,1825,2518,28436.0,0.0,4000.0,11795.0,71550.0,15355.0,5465.0,320500.0,20484.0,21447,14304.0,2245.0,22421.0,16391.0,7974.0,21419.0,3600.0,13016.0,18658,6063.0,20600.0,0.0,9801,41614.0,31565.0,9853.0,17830.0,43660,30111,7058.0,0.0,27860.0,56962,20393.0,12691.0,8680.0,0.0
27086,98515.0,1825,2516,28575.0,0.0,3823.0,11855.0,73249.0,15418.0,5307.0,318361.0,19697.0,20000,14232.0,2190.0,21500.0,15703.0,7771.0,20999.0,3548.0,13231.0,17950,6053.0,20133.0,0.0,9548,41902.0,31250.0,9643.0,17095.0,43750,30256,6705.0,0.0,26848.0,57868,19888.0,12115.0,7200.0,0.0
27190,98624.0,1931,2489,28619.0,0.0,4020.0,11686.0,74000.0,14900.0,5250.0,305560.0,19150.0,20142,14323.0,2167.0,20865.0,15400.0,7662.0,20600.0,3513.0,13135.0,17400,6054.0,19850.0,0.0,9674,42185.0,31379.0,9696.0,16756.0,44600,30623,6482.0,0.0,25504.0,57425,19500.0,12077.0,7400.0,0.0
26967,98070.0,1971,2523,28417.0,0.0,3963.0,11828.0,73130.0,14753.0,5190.0,306200.0,19232.0,19751,13927.0,2189.0,20910.0,15771.0,7675.0,21084.0,3512.0,13032.0,17834,6065.0,19864.0,0.0,9663,41994.0,31628.0,9719.0,17387.0,44463,30200,6735.0,0.0,26333.0,57024,19841.0,12270.0,7443.0,0.0
26706,97903.0,1902,2526,28132.0,0.0,3959.0,11781.0,71977.0,15100.0,5210.0,315132.0,19625.0,19917,13858.0,2162.0,21180.0,15600.0,7796.0,20977.0,3509.0,12853.0,18100,5845.0,19794.0,0.0,9511,40750.0,31698.0,9540.0,17689.0,43426,28999,6891.0,0.0,26274.0,56223,19788.0,12255.0,7476.0,0.0
26571,96800.0,1775,2492,28245.0,0.0,3850.0,11825.0,72019.0,15192.0,5200.0,311700.0,19248.0,19500,14028.0,2134.0,20850.0,15450.0,7633.0,20819.0,3447.0,12940.0,17770,5740.0,19350.0,0.0,9414,41100.0,31800.0,9471.0,17582.0,43245,28987,6862.0,0.0,26000.0,56190,19541.0,12150.0,7409.0,0.0
27155,97213.0,1681,2481,27754.0,0.0,3683.0,11555.0,70000.0,14449.0,5231.0,308799.0,19057.0,19351,14050.0,2156.0,21000.0,15413.0,7550.0,20701.0,3309.0,12606.0,17754,5649.0,19404.0,0.0,9448,40722.0,31500.0,9568.0,17233.0,43031,28813,6878.0,0.0,26510.0,55700,19236.0,12175.0,7200.0,0.0
27250,97000.0,1673,2490,28300.0,0.0,3680.0,11748.0,73680.0,14874.0,5100.0,305400.0,19100.0,18874,13825.0,2123.0,21098.0,14970.0,7610.0,20585.0,3386.0,12569.0,17282,5745.0,19201.0,0.0,9492,40633.0,31582.0,9560.0,17298.0,43646,28950,6640.0,0.0,26560.0,56424,18977.0,12179.0,7000.0,0.0
23206,96200.0,1763,2462,27182.0,0.0,3708.0,11762.0,71749.0,15145.0,5178.0,315500.0,19044.0,18824,13799.0,2131.0,21483.0,14763.0,7740.0,20740.0,3391.0,12380.0,17542,5780.0,19381.0,0.0,9407,40366.0,31710.0,9446.0,17479.0,43835,29134,6708.0,0.0,26464.0,56294,19341.0,12399.0,7050.0,0.0
19083,96300.0,1796,2460,27497.0,0.0,3680.0,11843.0,71545.0,15142.0,5133.0,318462.0,18943.0,19281,13645.0,2150.0,21453.0,15000.0,7840.0,20988.0,3480.0,12588.0,17614,5890.0,19497.0,0.0,10329,41610.0,31861.0,10330.0,17612.0,43429,29851,6722.0,0.0,26111.0,56845,19330.0,12424.0,7059.0,0.0
19255,94100.0,1827,2398,27450.0,0.0,3682.0,12325.0,71672.0,15200.0,5014.0,320642.0,18155.0,18770,13602.0,2174.0,21050.0,14590.0,7604.0,20591.0,3454.0,12507.0,17200,5846.0,19020.0,0.0,10056,41661.0,31400.0,10072.0,17486.0,43804,30243,6600.0,0.0,25900.0,56600,18754.0,12302.0,6990.0,0.0
18825,94583.0,1905,2405,27249.0,0.0,3720.0,12406.0,69976.0,15050.0,5016.0,317988.0,18270.0,18791,13616.0,2201.0,21494.0,14700.0,7636.0,20728.0,3561.0,12529.0,17461,6042.0,19105.0,0.0,10124,41250.0,31117.0,10111.0,17170.0,45863,30737,6684.0,0.0,25935.0,55055,19189.0,12320.0,7306.0,0.0
17323,95744.0,1970,2320,26725.0,0.0,3905.0,12651.0,68419.0,14669.0,5037.0,316500.0,18353.0,18890,13450.0,2109.0,22323.0,15107.0,7905.0,20944.0,3642.0,11983.0,18021,6157.0,19507.0,0.0,10251,40425.0,30800.0,10295.0,17232.0,45811,32001,6789.0,0.0,26300.0,55308,19064.0,12351.0,7338.0,0.0
17727,93100.0,2263,2299,26754.0,0.0,3991.0,12493.0,67238.0,14558.0,5100.0,317794.0,18150.0,19162,13373.0,2153.0,21910.0,15038.0,7961.0,20548.0,3556.0,12083.0,17903,6155.0,18767.0,0.0,10376,40600.0,31312.0,10419.0,17480.0,47512,32231,6900.0,0.0,26000.0,55000,18856.0,12380.0,7817.0,0.0
17460,97521.0,2755,2299,27300.0,0.0,4175.0,12483.0,67551.0,14657.0,5123.0,324807.0,18082.0,18924,13503.0,2259.0,22816.0,15510.0,8056.0,20573.0,3514.0,12080.0,18348,6270.0,18673.0,0.0,10531,40306.0,30352.0,10545.0,17702.0,48007,32611,7123.0,0.0,27224.0,53889,18819.0,12637.0,8005.0,0.0
17460,97521.0,2755,2299,27300.0,0.0,4175.0,12483.0,67551.0,14657.0,5123.0,324807.0,18082.0,18924,13503.0,2259.0,22816.0,15510.0,8056.0,20573.0,3514.0,12080.0,18348,6270.0,18673.0,0.0,10531,40306.0,30352.0,10545.0,17702.0,48007,32611,7123.0,0.0,27224.0,53889,18819.0,12637.0,8005.0,0.0
17180,96400.0,2707,2311,27192.0,0.0,4089.0,12813.0,66600.0,14747.0,5051.0,318469.0,17675.0,18289,13300.0,2204.0,22770.0,15300.0,7964.0,20000.0,3697.0,11915.0,17615,6435.0,19005.0,0.0,10313,40228.0,30074.0,10368.0,17499.0,47073,33100,6964.0,0.0,26320.0,55965,18776.0,12579.0,8216.0,0.0
17127,98199.0,2895,2319,26672.0,0.0,4150.0,12435.0,66700.0,14655.0,5051.0,318144.0,18006.0,18145,13124.0,2233.0,22645.0,15500.0,7972.0,20000.0,3598.0,11732.0,17675,6342.0,19050.0,0.0,10366,39411.0,29337.0,10403.0,17427.0,47302,32475,6831.0,0.0,26272.0,55527,18800.0,12420.0,8604.0,0.0
17200,102756.0,2630,2342,26483.0,0.0,4127.0,12070.0,66330.0,14326.0,5046.0,307914.0,18000.0,18500,13174.0,2228.0,23499.0,15431.0,8104.0,19934.0,3364.0,11523.0,17720,6125.0,19266.0,0.0,10252,39482.0,30120.0,10306.0,17300.0,46174,31726,6885.0,0.0,26370.0,55237,18617.0,12667.0,8501.0,0.0
16938,102424.0,2750,2323,26311.0,0.0,4014.0,12240.0,66775.0,14536.0,4960.0,305164.0,17500.0,18500,12854.0,2210.0,22826.0,15188.0,7911.0,19725.0,3403.0,11607.0,17500,6139.0,19165.0,0.0,9953,38863.0,29492.0,9975.0,17000.0,46200,31979,6787.0,0.0,26463.0,54753,18413.0,12593.0,8758.0,0.0
17464,103059.0,2758,2323,26275.0,0.0,3916.0,12073.0,65121.0,14874.0,5000.0,306730.0,18152.0,18637,12956.0,2193.0,23050.0,15317.0,8000.0,19782.0,3425.0,11710.0,17450,6157.0,18983.0,0.0,9780,39200.0,29789.0,9835.0,17016.0,46268,31769,6650.0,0.0,26286.0,55052,18132.0,12805.0,8940.0,0.0
17048,101936.0,2735,2275,26394.0,0.0,3900.0,12562.0,66166.0,14586.0,4880.0,300000.0,17350.0,18455,12948.0,2158.0,22336.0,15100.0,7803.0,19548.0,3545.0,11605.0,17035,6254.0,18675.0,0.0,9849,39230.0,30050.0,9850.0,16653.0,48016,32261,6520.0,0.0,26096.0,56165,17950.0,12389.0,8950.0,0.0
16575,100437.0,2735,2278,26165.0,0.0,3805.0,12479.0,66009.0,15150.0,4815.0,297000.0,17248.0,18766,12990.0,2182.0,22346.0,14888.0,7672.0,19335.0,3498.0,11621.0,16719,6219.0,18700.0,0.0,9661,39090.0,29500.0,9700.0,16486.0,46500,32696,6245.0,0.0,25600.0,56223,17929.0,12403.0,8955.0,0.0
16681,100000.0,2709,2285,26145.0,0.0,3779.0,12475.0,65786.0,14524.0,4765.0,292400.0,16503.0,18220,12906.0,2196.0,22150.0,14623.0,7463.0,19191.0,3538.0,11676.0,16600,6432.0,18250.0,0.0,9612,38599.0,29035.0,9700.0,16411.0,47334,33430,6264.0,0.0,25577.0,56174,17428.0,12317.0,8730.0,0.0
16365,98197.0,2650,2281,25976.0,0.0,3700.0,12423.0,66364.0,14733.0,4755.0,288999.0,16300.0,18004,12650.0,2156.0,21908.0,14560.0,7446.0,19124.0,3571.0,11529.0,16321,6285.0,18334.0,0.0,9643,38550.0,29092.0,9700.0,16310.0,48300,32350,6170.0,0.0,25211.0,55336,17380.0,12397.0,8380.0,0.0
16301,97727.0,2650,2288,25732.0,0.0,3715.0,12168.0,66369.0,14876.0,4858.0,288505.0,16422.0,17855,12875.0,2153.0,21979.0,14635.0,7490.0,18900.0,3545.0,11332.0,16300,6273.0,18220.0,0.0,9590,38362.0,28940.0,9600.0,16287.0,46300,32031,6090.0,0.0,25542.0,54604,17264.0,12710.0,8600.0,0.0
15700,99138.0,2691,2295,25801.0,0.0,3812.0,12539.0,65989.0,15500.0,4869.0,284077.0,16076.0,17981,12950.0,2150.0,22400.0,14861.0,7449.0,18844.0,3726.0,11308.0,16401,6303.0,18591.0,0.0,9480,37729.0,28769.0,9500.0,16113.0,48059,32619,6209.0,0.0,25300.0,54880,17411.0,12350.0,8664.0,0.0
16000,98716.0,2700,2315,25755.0,0.0,3900.0,12537.0,67083.0,14972.0,4840.0,265698.0,16080.0,17950,12908.0,2155.0,22250.0,14806.0,7379.0,18846.0,3609.0,10830.0,16386,6084.0,18162.0,0.0,9412,35031.0,27912.0,9440.0,15961.0,47882,31869,6075.0,0.0,24859.0,54066,17179.0,12310.0,8625.0,0.0
15469,96852.0,2615,2306,25446.0,0.0,3892.0,13688.0,65901.0,14650.0,4804.0,268128.0,15614.0,17591,12596.0,2113.0,22205.0,14462.0,7104.0,18684.0,3860.0,10611.0,15900,6031.0,18167.0,0.0,9077,34546.0,27562.0,9110.0,15480.0,47599,31445,6005.0,0.0,23814.0,52082,16800.0,11956.0,8400.0,0.0
16278,98960.0,2571,2352,24312.0,0.0,3961.0,13671.0,62849.0,15000.0,4877.0,290800.0,16299.0,18274,12612.0,2206.0,23400.0,14828.0,7365.0,19260.0,3917.0,10582.0,16379,6015.0,18999.0,0.0,9135,34157.0,27931.0,9145.0,15805.0,48716,31980,6280.0,0.0,24487.0,52496,17142.0,12190.0,8505.0,0.0
16171,97035.0,2550,2312,23629.0,0.0,4091.0,14655.0,62611.0,14699.0,4843.0,275018.0,15730.0,18756,12482.0,2235.0,23005.0,14578.0,7015.0,18794.0,4181.0,10406.0,16078,5981.0,18568.0,0.0,9016,34000.0,27099.0,9055.0,15323.0,48553,32149,6082.0,0.0,23302.0,52186,16970.0,11914.0,8328.0,0.0
16920,99373.0,2664,2376,23730.0,0.0,4201.0,14305.0,60231.0,15115.0,4960.0,282104.0,15650.0,19313,12805.0,2285.0,23587.0,14956.0,7230.0,19339.0,4134.0,10514.0,16675,5913.0,18921.0,0.0,9092,34625.0,27685.0,9106.0,15500.0,47900,31586,6370.0,0.0,24092.0,52827,17490.0,12308.0,8570.0,0.0
15866,97516.0,2640,2384,23700.0,0.0,4051.0,13919.0,61550.0,15069.0,4834.0,275715.0,15806.0,18913,12651.0,2284.0,23015.0,14676.0,7224.0,18802.0,4083.0,10333.0,16380,5850.0,18434.0,0.0,9005,34522.0,27626.0,9042.0,15064.0,47100,31082,6158.0,0.0,23600.0,51980,17257.0,12426.0,8421.0,0.0
15361,98745.0,2643,2395,23780.0,0.0,4024.0,14105.0,61740.0,14735.0,4801.0,272494.0,15818.0,18850,12700.0,2285.0,22446.0,14642.0,7166.0,18495.0,4154.0,10279.0,16311,5857.0,18588.0,0.0,9081,34775.0,28139.0,9141.0,15057.0,47776,31066,6083.0,0.0,23524.0,50990,17689.0,12275.0,8458.0,0.0
15693,99002.0,2566,2402,23785.0,0.0,3929.0,14120.0,61836.0,14548.0,4767.0,272300.0,16600.0,18586,12683.0,2341.0,22544.0,14665.0,7176.0,18304.0,4078.0,10202.0,16148,5864.0,18765.0,0.0,9027,34313.0,27676.0,9038.0,15181.0,46909,31120,6103.0,0.0,23548.0,50830,17307.0,12344.0,8477.0,0.0
15624,99925.0,2418,2387,23752.0,0.0,3868.0,13944.0,62166.0,14623.0,4853.0,281000.0,16320.0,18600,12475.0,2292.0,22855.0,14418.0,7230.0,18350.0,4014.0,10100.0,16296,5797.0,18828.0,0.0,9052,33400.0,27389.0,9039.0,15365.0,46440,30986,6113.0,0.0,23374.0,50399,17210.0,12260.0,8575.0,0.0
14804,98800.0,2495,2350,23980.0,0.0,3879.0,14575.0,65000.0,14150.0,4789.0,268105.0,15800.0,18151,12390.0,2265.0,22333.0,14050.0,7081.0,17900.0,4249.0,10075.0,15700,5615.0,18644.0,0.0,8734,32683.0,26837.0,8764.0,14811.0,46845,30270,5983.0,0.0,22711.0,48400,17009.0,12155.0,8400.0,0.0
14424,97763.0,2430,2331,24080.0,0.0,3925.0,14390.0,66032.0,14390.0,4810.0,257500.0,16300.0,18294,12334.0,2267.0,22547.0,14297.0,7102.0,18081.0,4247.0,10069.0,15850,5633.0,18750.0,0.0,8748,32750.0,26884.0,8840.0,14813.0,45539,30268,6085.0,0.0,23325.0,48105,17200.0,11962.0,8307.0,0.0
14267,97776.0,2407,2312,24938.0,0.0,3949.0,14620.0,67109.0,14758.0,4908.0,264557.0,17400.0,18195,12700.0,2290.0,22830.0,14800.0,7139.0,18400.0,4106.0,10253.0,16142,5659.0,18850.0,0.0,8785,33730.0,27257.0,8911.0,15137.0,46566,30072,6384.0,0.0,23757.0,48888,17492.0,12152.0,8328.0,0.0
14208,96118.0,2394,2294,24723.0,0.0,3785.0,14607.0,66867.0,15069.0,4825.0,255900.0,17350.0,17900,12584.0,2232.0,22219.0,14480.0,6952.0,18261.0,4174.0,10297.0,15965,5596.0,18284.0,0.0,8574,33075.0,26308.0,8687.0,15000.0,44786,29890,6211.0,0.0,23555.0,47500,17136.0,11795.0,8400.0,0.0
14500,98144.0,2450,2275,24700.0,0.0,3700.0,14203.0,66156.0,15355.0,5015.0,245723.0,17850.0,18300,12697.0,2309.0,23300.0,15180.0,7091.0,18530.0,3975.0,10460.0,16584,5790.0,18200.0,0.0,8941,33771.0,26750.0,8941.0,15200.0,45350,30822,6460.0,0.0,24520.0,48000,17124.0,11992.0,8675.0,0.0
15187,99271.0,2465,2256,24549.0,0.0,3717.0,14220.0,64454.0,15211.0,5015.0,237000.0,18147.0,18250,12634.0,2285.0,22840.0,15250.0,7190.0,18707.0,3950.0,10337.0,16348,5685.0,17672.0,0.0,8980,33376.0,26848.0,8996.0,15267.0,45278,30103,6457.0,0.0,24814.0,47277,17247.0,12183.0,8686.0,0.0
15600,99067.0,2720,2265,24720.0,0.0,3887.0,14281.0,64370.0,15090.0,5093.0,259268.0,18800.0,18377,12739.0,2269.0,23097.0,14911.0,7426.0,19018.0,3919.0,10794.0,16333,6032.0,18030.0,0.0,9177,35175.0,27669.0,9167.0,15793.0,48193,31563,6431.0,0.0,24892.0,48400,17583.0,12440.0,8550.0,0.0
16482,101868.0,2750,2302,24825.0,0.0,3880.0,14033.0,64452.0,15829.0,5210.0,281472.0,19145.0,18150,12693.0,2279.0,23391.0,15300.0,7530.0,19386.0,3950.0,10699.0,16740,6180.0,18075.0,0.0,9130,34318.0,28600.0,9140.0,16120.0,48921,31870,6538.0,0.0,25350.0,48352,17831.0,12425.0,8603.0,0.0
16716,103933.0,2845,2370,24385.0,0.0,4010.0,14104.0,62600.0,15900.0,5244.0,289897.0,19500.0,18712,13077.0,2373.0,23687.0,15874.0,7730.0,20000.0,3920.0,10877.0,17347,6053.0,18813.0,0.0,9199,34252.0,28369.0,9223.0,16585.0,48202,31927,6851.0,0.0,25910.0,47847,17762.0,12700.0,8550.0,0.0
16411,105637.0,2800,2419,24752.0,0.0,4183.0,14667.0,63800.0,15671.0,5363.0,292587.0,19774.0,19535,13195.0,2366.0,24019.0,16225.0,7907.0,20375.0,4049.0,10660.0,17647,6013.0,19655.0,0.0,9300,34248.0,29066.0,9299.0,16950.0,48700,32143,6940.0,0.0,26154.0,49108,18369.0,13207.0,8953.0,0.0
16100,106173.0,2729,2427,24173.0,0.0,4028.0,14357.0,61100.0,15342.0,5319.0,291000.0,19351.0,19347,12758.0,2350.0,23710.0,15945.0,7840.0,20049.0,3991.0,10582.0,17716,5873.0,19448.0,0.0,9244,34340.0,28697.0,9222.0,16879.0,48005,31820,6915.0,0.0,25988.0,49359,18250.0,13275.0,8898.0,0.0
16070,108500.0,2740,2508,24350.0,0.0,4079.0,13998.0,63068.0,15590.0,5621.0,287846.0,19778.0,19810,12832.0,2362.0,24876.0,16275.0,7965.0,20507.0,3943.0,10384.0,18122,5801.0,19811.0,0.0,9336,33653.0,29050.0,9320.0,17377.0,50640,31900,7100.0,0.0,26287.0,49374,18917.0,13223.0,8950.0,0.0
16150,109361.0,2750,2477,24326.0,0.0,4172.0,14043.0,62183.0,15568.0,5491.0,279609.0,19618.0,19649,12613.0,2368.0,24470.0,16007.0,7697.0,20304.0,3988.0,10340.0,17501,5840.0,19347.0,0.0,9253,33485.0,28617.0,9292.0,17007.0,50755,31829,6952.0,0.0,26099.0,48677,18421.0,12913.0,8688.0,0.0
16220,109405.0,2745,2470,24803.0,0.0,4089.0,13782.0,62657.0,14852.0,5563.0,274492.0,19450.0,19559,12499.0,2365.0,24747.0,15819.0,7702.0,20394.0,3886.0,9678.0,17471,5652.0,19426.0,0.0,9300,32769.0,29081.0,9300.0,16395.0,51594,31153,6935.0,0.0,26230.0,47296,18389.0,13032.0,8500.0,0.0
15900,108334.0,2969,2386,23090.0,0.0,4068.0,13638.0,55574.0,14786.0,5364.0,265035.0,18794.0,19008,12250.0,2337.0,23623.0,15485.0,7523.0,20038.0,3932.0,9630.0,17002,5572.0,18881.0,0.0,9109,32142.0,28496.0,9108.0,16200.0,49666,31600,6714.0,0.0,25450.0,47136,17755.0,12030.0,7989.0,0.0
15750,109194.0,2943,2404,22950.0,0.0,3946.0,13509.0,54398.0,14658.0,5467.0,260000.0,18806.0,19400,12140.0,2358.0,23305.0,15700.0,7777.0,20325.0,3950.0,9670.0,17220,5600.0,19231.0,0.0,9171,32399.0,28833.0,9243.0,16241.0,47856,30976,6878.0,0.0,26105.0,46606,17520.0,12196.0,8104.0,0.0
15858,108113.0,2965,2367,22350.0,0.0,3882.0,13533.0,53267.0,14550.0,5371.0,271041.0,18851.0,19078,12030.0,2346.0,23073.0,15500.0,7674.0,19931.0,3900.0,9736.0,16990,5461.0,18917.0,0.0,9200,32869.0,28774.0,9200.0,16476.0,44706,30622,6871.0,0.0,25656.0,43750,17733.0,12275.0,8190.0,0.0
15441,108808.0,2910,2363,22100.0,0.0,3876.0,13878.0,51750.0,15015.0,5353.0,278287.0,19152.0,19450,11670.0,2335.0,23583.0,15558.0,7859.0,20000.0,4007.0,9390.0,17069,5448.0,19023.0,0.0,8913,32590.0,29188.0,8925.0,16410.0,45040,30572,6850.0,0.0,25761.0,43772,18200.0,12300.0,8250.0,0.0
15271,108427.0,3098,2346,20619.0,0.0,4103.0,13743.0,48691.0,15578.0,5290.0,277855.0,18810.0,19572,11570.0,2331.0,23221.0,15577.0,7721.0,20000.0,4077.0,9411.0,17060,5438.0,18700.0,0.0,9088,31991.0,28206.0,9096.0,16418.0,46650,30833,6852.0,0.0,26170.0,44297,18000.0,12399.0,8382.0,0.0
15003,110296.0,3350,2371,20937.0,0.0,4134.0,13910.0,49227.0,15256.0,5362.0,282500.0,18648.0,19742,11750.0,2332.0,23383.0,15913.0,7876.0,20130.0,4180.0,9268.0,17170,5458.0,19105.0,0.0,9099,32155.0,28313.0,9099.0,16520.0,47928,31194,6905.0,0.0,26546.0,44200,17900.0,12202.0,8511.0,0.0
15065,108604.0,3315,2374,20922.0,0.0,4138.0,14106.0,49291.0,14645.0,5360.0,261737.0,18357.0,19311,11829.0,2290.0,22570.0,15465.0,7671.0,19950.0,4174.0,9165.0,16605,5360.0,19387.0,0.0,8772,31459.0,27815.0,8770.0,16022.0,46763,30170,6750.0,0.0,25715.0,43764,17745.0,11897.0,8474.0,0.0
14855,109950.0,3318,2364,20696.0,0.0,4235.0,14170.0,48410.0,14200.0,5381.0,271600.0,18469.0,19537,11563.0,2280.0,23695.0,15406.0,7556.0,19636.0,4193.0,9197.0,16536,5280.0,19094.0,0.0,8760,31937.0,27299.0,8749.0,15916.0,47510,30090,6742.0,0.0,25617.0,43150,17900.0,12049.0,8550.0,0.0
14825,109000.0,3297,2400,19888.0,0.0,4136.0,14350.0,47708.0,14000.0,5429.0,275402.0,18695.0,19813,11610.0,2277.0,25150.0,15350.0,7519.0,19725.0,4212.0,9099.0,16806,5182.0,19219.0,0.0,8649,30832.0,26939.0,8648.0,15815.0,47000,29094,6759.0,0.0,25550.0,42650,17960.0,12111.0,8584.0,0.0
15319,107954.0,3315,2390,20400.0,0.0,4071.0,14266.0,48871.0,13700.0,5443.0,271732.0,18520.0,19644,11549.0,2205.0,24800.0,15247.0,7425.0,19750.0,4222.0,9046.0,16624,5035.0,19396.0,0.0,8560,30942.0,27004.0,8525.0,15590.0,46500,28289,6687.0,0.0,25053.0,40432,18126.0,12029.0,8900.0,26996.0
15401,110000.0,3300,2415,20600.0,0.0,4065.0,14160.0,48080.0,13250.0,5690.0,282218.0,19119.0,20029,11652.0,2352.0,25550.0,15737.0,7737.0,20300.0,4169.0,9240.0,17048,5089.0,19950.0,0.0,8643,31226.0,27713.0,8640.0,15940.0,46456,27802,6995.0,0.0,26046.0,41562,18900.0,12400.0,8977.0,26865.0
15007,110870.0,3260,2378,21034.0,0.0,3966.0,13953.0,48600.0,13500.0,5725.0,279000.0,18847.0,19931,11537.0,2375.0,25641.0,15574.0,7804.0,20000.0,4080.0,9150.0,17325,5004.0,20200.0,0.0,8672,30810.0,27669.0,8626.0,16052.0,44960,27297,6910.0,0.0,26394.0,41267,19676.0,12510.0,8814.0,26495.0
14977,111380.0,3297,2381,21382.0,0.0,4000.0,13945.0,49276.0,13208.0,5713.0,289453.0,19141.0,20330,9914.0,2348.0,25700.0,15700.0,7739.0,20468.0,4072.0,9200.0,17745,5148.0,20042.0,0.0,8763,30687.0,27090.0,8670.0,15995.0,44833,27822,6919.0,0.0,26810.0,42024,19850.0,12390.0,8840.0,26900.0
15111,111304.0,3334,2378,21000.0,0.0,4073.0,14051.0,49069.0,13250.0,5664.0,282000.0,19177.0,20935,11076.0,2349.0,25169.0,15880.0,7847.0,21000.0,4200.0,9080.0,18015,5145.0,20050.0,0.0,8640,30639.0,26856.0,8561.0,15960.0,45407,28000,7007.0,0.0,27279.0,42107,20036.0,12825.0,8980.0,26911.0
14708,110000.0,3300,2362,20219.0,0.0,4034.0,13913.0,48417.0,12919.0,5600.0,276300.0,18779.0,20530,11000.0,2313.0,24101.0,15400.0,7683.0,20164.0,4036.0,8913.0,17519,5118.0,19716.0,0.0,8366,30250.0,25616.0,8375.0,15390.0,44500,27699,6680.0,0.0,26581.0,40628,19577.0,12550.0,8738.0,26365.0
14650,110500.0,3386,2347,20358.0,0.0,4207.0,13966.0,48835.0,13200.0,5731.0,288851.0,19291.0,20257,10649.0,2349.0,24864.0,15745.0,7880.0,20524.0,4070.0,9230.0,17959,5287.0,19677.0,0.0,8474,31096.0,26345.0,8442.0,15597.0,46876,29172,6871.0,0.0,27023.0,43400,19800.0,12578.0,8722.0,27851.0
14840,110298.0,3350,2415,20503.0,0.0,4235.0,14440.0,48150.0,13197.0,5775.0,293000.0,19200.0,20650,10900.0,2338.0,25600.0,16040.0,8011.0,20373.0,4120.0,9135.0,18086,5211.0,19788.0,0.0,8333,30660.0,26250.0,8273.0,15590.0,46680,28740,6837.0,0.0,27352.0,43136,20149.0,12585.0,8674.0,27630.0
14990,109100.0,3230,2404,20723.0,0.0,4150.0,14746.0,48488.0,13200.0,5703.0,287262.0,18461.0,20995,10700.0,2245.0,25704.0,15950.0,7684.0,20282.0,4115.0,9045.0,17868,5100.0,19500.0,0.0,8058,30615.0,25850.0,8040.0,15355.0,46641,28707,6727.0,0.0,26622.0,43150,19736.0,12517.0,8585.0,27649.0
14673,106904.0,3376,2368,21313.0,0.0,4115.0,15395.0,49275.0,12946.0,5564.0,275500.0,17696.0,20150,10800.0,2135.0,25584.0,15414.0,7450.0,19845.0,4297.0,9090.0,17280,4944.0,19100.0,0.0,7910,30172.0,25675.0,7895.0,14919.0,48500,28398,6525.0,0.0,25787.0,42550,19498.0,12266.0,8600.0,27360.0
14455,106900.0,3500,2365,21221.0,0.0,4133.0,15342.0,48149.0,12819.0,5535.0,281400.0,17410.0,19989,10868.0,2150.0,24831.0,15492.0,7372.0,19798.0,4302.0,9069.0,17160,5050.0,18906.0,0.0,7971,29352.0,25619.0,7976.0,14695.0,48336,29028,6540.0,0.0,26250.0,43144,19448.0,12316.0,8639.0,27632.0
13832,105246.0,3728,2317,21560.0,0.0,4160.0,16154.0,49095.0,12588.0,5418.0,275000.0,17500.0,19322,10830.0,2135.0,23667.0,15044.0,7368.0,19223.0,4375.0,9096.0,16770,5010.0,18300.0,0.0,7846,29762.0,25069.0,7852.0,14520.0,49647,28791,6400.0,0.0,25669.0,41369,19218.0,12000.0,8389.0,28000.0
14204,105800.0,3623,2340,22614.0,0.0,4185.0,16450.0,49620.0,12763.0,5436.0,285111.0,17726.0,19302,10825.0,2178.0,24074.0,15445.0,7346.0,18963.0,4265.0,9320.0,16712,5137.0,18130.0,0.0,7876,30096.0,26007.0,7850.0,14795.0,49977,29753,6460.0,0.0,25999.0,42356,19303.0,12351.0,8362.0,28252.0
14276,107696.0,3680,2350,22095.0,0.0,4165.0,16736.0,49257.0,12930.0,5436.0,285715.0,17693.0,19883,10800.0,2210.0,24100.0,15642.0,7566.0,19221.0,4505.0,9253.0,17169,5180.0,18753.0,0.0,7900,30495.0,26559.0,7888.0,15040.0,51984,29566,6581.0,0.0,26102.0,42407,19398.0,12370.0,8594.0,28800.0
14164,108346.0,3761,2328,21710.0,0.0,4206.0,17078.0,48614.0,13846.0,5535.0,282001.0,17874.0,20450,10805.0,2200.0,23942.0,15907.0,7553.0,19319.0,4570.0,9270.0,17430,5314.0,19170.0,0.0,7870,29490.0,26076.0,7884.0,15057.0,53299,30346,6570.0,0.0,26418.0,42694,19739.0,12449.0,8495.0,29160.0
12950,107314.0,3588,2320,21644.0,0.0,4181.0,17082.0,48115.0,13858.0,5362.0,281827.0,18099.0,20522,10800.0,2203.0,23083.0,15833.0,7600.0,18989.0,4613.0,9300.0,17362,5237.0,19026.0,0.0,7776,29384.0,26102.0,7776.0,15080.0,53000,30756,6450.0,0.0,26537.0,42863,19714.0,12430.0,8601.0,29312.0
13458,105800.0,3687,2300,21360.0,0.0,4170.0,17599.0,47091.0,13920.0,5378.0,282352.0,18566.0,19850,10614.0,2175.0,23086.0,15421.0,7565.0,18935.0,4700.0,9137.0,17081,5248.0,18600.0,0.0,7692,28849.0,25710.0,7700.0,15172.0,54650,30975,6294.0,0.0,25958.0,40791,19826.0,12390.0,8413.0,29830.0
13317,105900.0,3676,2340,20748.0,0.0,4200.0,17947.0,46050.0,13431.0,5469.0,282000.0,18704.0,20391,10652.0,2197.0,23700.0,15931.0,7705.0,19228.0,4759.0,9030.0,17760,5276.0,18643.0,0.0,7824,29136.0,25967.0,7799.0,15554.0,54100,31178,6375.0,0.0,26744.0,41716,20007.0,13062.0,8570.0,29642.0
13229,105450.0,3550,2328,20670.0,0.0,4185.0,17990.0,46450.0,13465.0,5485.0,280246.0,19336.0,20537,10545.0,2200.0,24289.0,15700.0,7710.0,19224.0,4732.0,8900.0,17653,5191.0,18065.0,0.0,7792,29375.0,25981.0,7790.0,15613.0,54000,30950,6404.0,0.0,26837.0,41240,19999.0,12752.0,8478.0,29416.0
12972,106462.0,3403,2305,20408.0,0.0,4100.0,17622.0,45950.0,13250.0,5381.0,288000.0,18868.0,20185,10525.0,2274.0,23593.0,15457.0,7547.0,18891.0,4634.0,9044.0,17488,5216.0,18295.0,0.0,7800,29400.0,25578.0,7843.0,15307.0,53900,31327,6315.0,0.0,26725.0,41132,19986.0,12908.0,8368.0,29762.0
12950,107271.0,3390,2320,21100.0,0.0,4080.0,18400.0,45414.0,13407.0,5455.0,295630.0,18816.0,20316,10609.0,2280.0,23900.0,15478.0,7592.0,19150.0,4855.0,9173.0,17591,5300.0,18676.0,0.0,7800,30107.0,26200.0,7800.0,15220.0,54473,31800,6361.0,0.0,26628.0,42200,20046.0,12778.0,8550.0,30000.0
13000,108800.0,3600,2310,20747.0,0.0,4175.0,18270.0,45300.0,13215.0,5382.0,286670.0,18805.0,19763,10601.0,2190.0,23718.0,15612.0,7705.0,18778.0,4900.0,8968.0,17525,5207.0,18898.0,0.0,7774,29407.0,26183.0,7795.0,15319.0,54200,31445,6421.0,0.0,26866.0,41985,19842.0,12842.0,8779.0,29646.0
13331,111500.0,3670,2313,21778.0,0.0,4277.0,18084.0,47271.0,13346.0,5450.0,290000.0,18789.0,20400,11077.0,2240.0,24390.0,15924.0,7910.0,19468.0,4920.0,9296.0,17824,5332.0,18960.0,0.0,8002,29804.0,26500.0,8022.0,15749.0,54356,32118,6527.0,0.0,27400.0,42674,20250.0,13160.0,8806.0,30035.0
13482,111800.0,3668,2330,21845.0,0.0,4326.0,18175.0,46930.0,13787.0,5509.0,289227.0,19145.0,20685,11300.0,2240.0,24615.0,16182.0,7980.0,19474.0,4934.0,9365.0,17881,5357.0,19015.0,0.0,7900,30407.0,26500.0,7966.0,15979.0,53793,32227,6556.0,0.0,27472.0,42500,20750.0,13200.0,8900.0,30377.0
13146,109419.0,3615,2300,21255.0,0.0,4213.0,18236.0,45288.0,13250.0,5380.0,278501.0,19200.0,20083,11215.0,2174.0,23620.0,15780.0,7749.0,18739.0,4975.0,9077.0,17563,5094.0,18259.0,0.0,7835,29776.0,26078.0,7887.0,15850.0,52786,30717,6336.0,0.0,26659.0,41740,20039.0,12940.0,8700.0,29266.0
13200,110933.0,3720,2305,21458.0,0.0,4210.0,19030.0,45572.0,13506.0,5400.0,278901.0,18869.0,20139,11281.0,2240.0,23869.0,15872.0,7971.0,18840.0,5098.0,9001.0,17850,5034.0,18500.0,0.0,7981,29603.0,26287.0,7990.0,15950.0,53828,30778,6461.0,0.0,27080.0,42884,20193.0,12922.0,8639.0,29395.0
13357,111272.0,3727,2345,21511.0,0.0,4260.0,18267.0,46373.0,13299.0,5466.0,285351.0,19100.0,20500,11400.0,2263.0,24400.0,16015.0,8118.0,19244.0,5097.0,9042.0,18073,5042.0,18800.0,0.0,7971,30105.0,26849.0,8035.0,15900.0,54649,30973,6525.0,0.0,27459.0,43171,20400.0,13090.0,8729.0,29532.0
13478,110775.0,3754,2366,20415.0,0.0,4260.0,18099.0,43900.0,13386.0,5401.0,282181.0,18900.0,20368,11249.0,2238.0,24550.0,16269.0,8127.0,19231.0,5065.0,8995.0,17901,5072.0,18855.0,0.0,8069,29897.0,26357.0,8098.0,15849.0,54928,31159,6488.0,0.0,26960.0,42504,20000.0,12947.0,8749.0,29700.0
13944,110449.0,3710,2370,20768.0,0.0,4278.0,17142.0,44689.0,13300.0,5436.0,283549.0,18649.0,20030,11320.0,2181.0,24406.0,16463.0,7975.0,19521.0,4898.0,9232.0,17999,5160.0,18682.0,0.0,8174,30253.0,26225.0,8229.0,15837.0,53666,31335,6500.0,0.0,27081.0,43074,19988.0,13029.0,8650.0,30145.0
13992,113291.0,3740,2370,20660.0,0.0,4325.0,17650.0,44490.0,13887.0,5589.0,297301.0,18715.0,20181,11390.0,2264.0,24755.0,16450.0,8104.0,20119.0,5070.0,9386.0,18080,5271.0,18947.0,0.0,8410,31077.0,26400.0,8454.0,16078.0,54000,32135,6676.0,0.0,27214.0,44500,20064.0,13150.0,8725.0,28900.0
13965,114100.0,3744,2380,20764.0,0.0,4370.0,17725.0,45105.0,13420.0,5625.0,295416.0,18929.0,20049,11368.0,2284.0,25146.0,16746.0,8179.0,20427.0,5050.0,9351.0,18375,5168.0,18993.0,0.0,8432,31082.0,26500.0,8447.0,16066.0,54500,31916,6799.0,0.0,27457.0,44395,20225.0,13134.0,8656.0,28473.0
13950,111901.0,3689,2385,20812.0,0.0,4313.0,17783.0,44775.0,14069.0,5678.0,298475.0,19088.0,20177,11428.0,2303.0,25333.0,16955.0,8261.0,20490.0,5006.0,9468.0,18523,5200.0,19297.0,0.0,8566,31279.0,26940.0,8600.0,16213.0,56200,32008,6825.0,0.0,27798.0,44800,20479.0,13225.0,8649.0,28539.0
14000,112000.0,3574,2366,20823.0,0.0,4340.0,17700.0,44905.0,14417.0,5532.0,295947.0,19880.0,20434,11250.0,2290.0,25602.0,16900.0,8310.0,20300.0,5046.0,9390.0,18600,5211.0,19109.0,0.0,8533,31452.0,26902.0,8566.0,16358.0,55718,32000,6850.0,0.0,27850.0,44313,20746.0,13370.0,8546.0,28550.0
14613,113000.0,3519,2416,20701.0,0.0,4383.0,17342.0,44515.0,14965.0,5465.0,298369.0,19704.0,20700,11443.0,2274.0,25502.0,17100.0,8469.0,20363.0,4949.0,9317.0,18732,5183.0,19292.0,0.0,8369,31664.0,26850.0,8390.0,16414.0,55634,31680,6832.0,0.0,27820.0,43960,20677.0,13171.0,8554.0,28530.0
14280,113176.0,3496,2464,20455.0,0.0,4294.0,17096.0,44138.0,14582.0,5492.0,304214.0,20030.0,21032,11498.0,2297.0,25914.0,17570.0,8428.0,20500.0,4860.0,9341.0,18972,5150.0,19569.0,0.0,8538,32000.0,26838.0,8526.0,16721.0,55200,31558,6917.0,0.0,27945.0,41602,21072.0,13639.0,8600.0,28357.0
14048,112773.0,3605,2469,20479.0,0.0,4453.0,17584.0,44945.0,14611.0,4944.0,304374.0,19172.0,20813,11585.0,2266.0,21590.0,17424.0,8340.0,20500.0,4953.0,9267.0,18607,5153.0,18625.0,0.0,8476,31905.0,26847.0,8461.0,16538.0,57400,31786,6756.0,0.0,27837.0,41595,20150.0,13190.0,8500.0,28452.0
13998,111829.0,3560,2459,20737.0,0.0,4508.0,16961.0,44877.0,14307.0,5025.0,306252.0,19450.0,20300,11717.0,2251.0,20897.0,17459.0,8372.0,20600.0,4953.0,9453.0,18427,5331.0,19007.0,0.0,8647,31966.0,26475.0,8650.0,16522.0,57883,32303,6826.0,0.0,27770.0,41882,20273.0,13299.0,8548.0,28971.0
14050,111800.0,3560,2468,21327.0,0.0,4480.0,16602.0,45998.0,14961.0,5015.0,316485.0,19653.0,20100,11638.0,2249.0,21105.0,17419.0,8319.0,20705.0,4916.0,9634.0,18365,5304.0,18600.0,0.0,8706,32620.0,27100.0,8719.0,16576.0,57887,32510,6756.0,0.0,27600.0,42087,20163.0,13010.0,8550.0,28795.0
14735,112478.0,3628,2485,21387.0,0.0,4445.0,17000.0,45770.0,14875.0,5012.0,315002.0,19499.0,20100,11700.0,2224.0,21213.0,17444.0,8314.0,20671.0,5106.0,9567.0,18530,5232.0,18532.0,0.0,8844,32652.0,27500.0,8840.0,16463.0,57901,32349,6777.0,0.0,27629.0,42300,20139.0,12817.0,8615.0,28323.0
15705,112752.0,3690,2500,20866.0,0.0,4650.0,17240.0,44874.0,14569.0,5042.0,305000.0,19108.0,20250,11724.0,2253.0,21063.0,17443.0,8375.0,20700.0,5145.0,9626.0,18468,5228.0,18877.0,0.0,8898,33108.0,27827.0,8892.0,16424.0,59247,32472,6874.0,0.0,27423.0,41901,20551.0,12961.0,8660.0,28354.0
15400,115000.0,3690,2473,20272.0,0.0,4700.0,17592.0,43910.0,14592.0,5027.0,303000.0,19116.0,20140,11841.0,2250.0,21050.0,17550.0,8400.0,20662.0,5140.0,9550.0,18800,5185.0,18562.0,0.0,8809,32539.0,27933.0,8804.0,16203.0,59384,32237,6952.0,0.0,28014.0,41038,20799.0,12187.0,8401.0,28152.0
15199,117299.0,3750,2514,19846.0,0.0,4800.0,17955.0,43150.0,14689.0,4980.0,304000.0,19451.0,20190,11950.0,2327.0,21500.0,18000.0,8381.0,20900.0,5202.0,9529.0,19494,5347.0,18600.0,0.0,8880,33216.0,28105.0,8872.0,16210.0,60197,32732,7061.0,0.0,28827.0,42107,20025.0,11965.0,8320.0,28611.0
14843,116366.0,3810,2548,19328.0,0.0,4842.0,18441.0,42418.0,14990.0,5000.0,301500.0,18958.0,19912,11942.0,2295.0,21202.0,17561.0,8249.0,20598.0,5199.0,9498.0,19072,5225.0,18003.0,0.0,8793,33219.0,28050.0,8757.0,15920.0,61055,33199,6877.0,0.0,28394.0,41680,20000.0,11904.0,8406.0,29029.0
14940,117080.0,3840,2583,20141.0,0.0,4868.0,18497.0,44942.0,14794.0,5098.0,308449.0,18927.0,20100,12310.0,2289.0,21744.0,18628.0,8355.0,20675.0,5405.0,9380.0,19278,5365.0,17850.0,0.0,8882,33200.0,28100.0,8835.0,15816.0,60800,33529,6967.0,0.0,28400.0,41588,20078.0,12129.0,8550.0,29463.0
14780,115606.0,3877,2547,20288.0,0.0,4837.0,18878.0,46825.0,14500.0,4927.0,302356.0,18979.0,19895,12399.0,2311.0,21750.0,18532.0,8299.0,20619.0,5440.0,9446.0,19272,5424.0,15313.0,0.0,8921,33478.0,28150.0,8879.0,15626.0,62300,34100,6875.0,0.0,28460.0,41500,19511.0,11972.0,8518.0,29966.0
14528,116617.0,3865,2597,20066.0,0.0,4832.0,18698.0,46589.0,15393.0,5023.0,304000.0,19690.0,20260,12544.0,2339.0,22300.0,18479.0,8411.0,21104.0,5376.0,9081.0,19500,5376.0,16365.0,0.0,8706,32299.0,28336.0,8669.0,15922.0,63800,34209,6939.0,0.0,28577.0,40042,19940.0,12058.0,8703.0,29548.0
14500,116658.0,3875,2567,20100.0,0.0,4850.0,18999.0,47500.0,15650.0,5037.0,294500.0,19800.0,20350,12536.0,2350.0,22327.0,18290.0,8450.0,20900.0,5377.0,9185.0,19424,5306.0,16449.0,0.0,8656,32300.0,28519.0,8600.0,15950.0,63602,34518,6850.0,0.0,28336.0,39850,19867.0,11991.0,8810.0,29726.0
14335,113714.0,4182,2523,19970.0,0.0,4930.0,18034.0,47207.0,15205.0,4788.0,295500.0,19182.0,19697,12490.0,2330.0,21150.0,17533.0,8200.0,20272.0,5103.0,9181.0,18780,5266.0,15940.0,0.0,8456,32407.0,28465.0,8426.0,15650.0,62750,34300,6666.0,0.0,27926.0,40200,19120.0,11616.0,8586.0,29859.0
14350,115783.0,4164,2555,20468.0,0.0,5043.0,18239.0,48200.0,15700.0,4915.0,303533.0,19412.0,20070,12633.0,2350.0,21681.0,17565.0,8250.0,20477.0,5039.0,9392.0,18632,5293.0,16430.0,0.0,8587,32869.0,29203.0,8524.0,15700.0,62900,34389,6775.0,0.0,28400.0,41882,19435.0,11815.0,8758.0,30133.0
14690,117508.0,4249,2577,21121.0,0.0,5172.0,18339.0,48250.0,15589.0,4945.0,309177.0,19378.0,20282,12730.0,2359.0,21346.0,17685.0,8218.0,20500.0,4959.0,9462.0,18751,5345.0,16350.0,0.0,8855,32978.0,28980.0,8793.0,15647.0,64402,34551,6776.0,0.0,28376.0,42365,19417.0,11616.0,8762.0,30155.0
14257,117750.0,4360,2550,21173.0,0.0,4941.0,18610.0,48589.0,15156.0,4800.0,303900.0,18641.0,20137,12600.0,2306.0,21038.0,17550.0,8034.0,20185.0,4806.0,9292.0,18431,5311.0,16000.0,0.0,8654,32236.0,28671.0,8600.0,15447.0,65314,34606,6700.0,0.0,27513.0,41151,18952.0,11380.0,8570.0,30433.0
14375,117800.0,4525,2550,20572.0,0.0,5078.0,18300.0,47500.0,15052.0,4736.0,299000.0,18514.0,19652,12559.0,2267.0,20579.0,17598.0,7914.0,19902.0,4820.0,9141.0,18460,5207.0,16033.0,0.0,8507,31888.0,28045.0,8441.0,15315.0,65150,34044,6600.0,0.0,27630.0,38478,19216.0,11300.0,8500.0,30094.0
14300,118000.0,4420,2515,20849.0,0.0,5030.0,18166.0,48655.0,14791.0,4580.0,303001.0,18200.0,19560,12493.0,2246.0,20650.0,17480.0,7743.0,19870.0,4799.0,9304.0,18520,5131.0,16000.0,0.0,8591,32793.0,28389.0,8533.0,15028.0,65000,33853,6506.0,0.0,27845.0,38324,19021.0,11413.0,8543.0,30427.0
14450,119224.0,4470,2493,20700.0,0.0,4990.0,18475.0,48680.0,14600.0,4650.0,306500.0,18471.0,19617,12376.0,2280.0,21032.0,17892.0,7784.0,20314.0,4941.0,9498.0,18970,5176.0,16431.0,0.0,8701,32856.0,28700.0,8629.0,15109.0,65096,33848,6547.0,0.0,28888.0,39010,19978.0,11700.0,8660.0,30713.0
14620,122000.0,4580,2486,21270.0,0.0,4935.0,18552.0,50626.0,15093.0,4612.0,301000.0,18490.0,19622,12430.0,2308.0,20692.0,18450.0,7753.0,20129.0,5100.0,10095.0,19057,5354.0,16214.0,0.0,8930,33763.0,29556.0,8884.0,15069.0,63952,34960,6495.0,0.0,29074.0,41190,20500.0,11659.0,8550.0,31627.0
14582,121227.0,4780,2477,21500.0,0.0,4948.0,19038.0,51300.0,15363.0,4512.0,306949.0,17700.0,19324,12350.0,2304.0,20600.0,17801.0,7561.0,19747.0,5257.0,10083.0,18820,5386.0,15777.0,0.0,8725,34319.0,29264.0,8711.0,14500.0,66020,34774,6320.0,0.0,28657.0,40409,20235.0,11561.0,8597.0,32080.0
14630,120680.0,4842,2476,21600.0,0.0,4989.0,19290.0,51735.0,15777.0,4510.0,305594.0,17490.0,19500,12288.0,2321.0,20822.0,17397.0,7612.0,19771.0,5248.0,10116.0,18815,5492.0,16134.0,0.0,8933,34295.0,29300.0,8899.0,14272.0,69091,35317,6275.0,0.0,28806.0,40610,20338.0,11540.0,8440.0,32427.0
14817,123417.0,5020,2470,21434.0,0.0,5081.0,19681.0,51800.0,15644.0,4608.0,311500.0,17836.0,19800,12349.0,2255.0,21159.0,17466.0,7762.0,19900.0,5509.0,10187.0,19193,5547.0,16500.0,0.0,8981,34420.0,28870.0,8999.0,14458.0,70000,35505,6478.0,0.0,28883.0,41250,20382.0,11679.0,8591.0,32729.0
14435,124400.0,5098,2493,21525.0,0.0,5105.0,19878.0,51717.0,15787.0,4550.0,310800.0,17338.0,19728,12566.0,2280.0,21053.0,17023.0,7604.0,19469.0,5614.0,10267.0,18892,5510.0,16700.0,0.0,8766,34562.0,29139.0,8798.0,14205.0,73500,35859,6408.0,0.0,28394.0,41400,19958.0,11606.0,8620.0,32990.0
14400,126301.0,5285,2492,21626.0,0.0,5305.0,22100.0,52152.0,15600.0,4434.0,314966.0,17810.0,19886,12888.0,2296.0,20983.0,17079.0,7640.0,20004.0,6000.0,10306.0,19055,5620.0,16077.0,0.0,8808,34394.0,29190.0,8791.0,14515.0,74375,36501,6427.0,0.0,28475.0,41550,20000.0,11718.0,8685.0,33162.0
14100,126755.0,5179,2463,21271.0,0.0,5215.0,21351.0,51470.0,15393.0,4305.0,310000.0,17745.0,20050,12685.0,2336.0,21139.0,17703.0,7800.0,20650.0,5780.0,10301.0,19400,5506.0,15840.0,0.0,8946,34405.0,29386.0,8900.0,14595.0,74531,36696,6518.0,0.0,28900.0,41168,19679.0,11612.0,8515.0,32641.0
14300,127000.0,5190,2509,21566.0,0.0,5185.0,20707.0,52304.0,15372.0,4493.0,313783.0,18451.0,20189,12800.0,2316.0,21800.0,17725.0,7950.0,20708.0,5727.0,10381.0,19545,5663.0,16317.0,0.0,8991,34544.0,29514.0,8960.0,15012.0,73500,37370,6478.0,0.0,28618.0,41448,19862.0,11989.0,8691.0,33182.0
14300,129500.0,5102,2495,21754.0,0.0,5338.0,20105.0,52443.0,15006.0,4503.0,313513.0,18839.0,20553,12706.0,2350.0,21953.0,18083.0,8052.0,20397.0,5693.0,10491.0,19653,5580.0,16184.0,0.0,9017,34265.0,29982.0,8970.0,15000.0,72077,36797,6417.0,0.0,28590.0,41300,19968.0,11778.0,8564.0,32736.0
14250,129594.0,5285,2485,21800.0,0.0,5632.0,20094.0,51731.0,15074.0,4623.0,314206.0,18565.0,20980,12689.0,2349.0,22266.0,18300.0,8107.0,20470.0,5715.0,10690.0,19653,5570.0,16975.0,0.0,9162,34649.0,29976.0,9091.0,15300.0,73987,36981,6489.0,0.0,29000.0,41825,20054.0,11620.0,8450.0,33010.0
14140,130400.0,5500,2474,22311.0,0.0,5644.0,20301.0,52010.0,15386.0,4610.0,301700.0,18200.0,20955,12050.0,2332.0,22200.0,18230.0,7950.0,20157.0,5740.0,10677.0,19390,5721.0,17144.0,10601.0,9103,34372.0,30350.0,9138.0,15330.0,74666,37900,6450.0,0.0,28515.0,42629,20133.0,11769.0,8443.0,33420.0
13944,130621.0,6020,2442,22207.0,0.0,5529.0,20201.0,51181.0,15171.0,4580.0,304539.0,18066.0,20807,11836.0,2325.0,21589.0,18060.0,7869.0,20120.0,5751.0,10701.0,19376,5654.0,17170.0,10505.0,9156,32725.0,29467.0,9157.0,15408.0,76661,37267,6430.0,0.0,28440.0,42988,19970.0,11612.0,8352.0,32696.0
14045,130000.0,5732,2435,22966.0,0.0,5713.0,19935.0,53604.0,14670.0,4614.0,305500.0,18154.0,21160,12030.0,2310.0,21851.0,17681.0,7751.0,20150.0,5650.0,11000.0,19247,5741.0,17225.0,9853.0,9328,33360.0,29617.0,9319.0,15100.0,75635,37781,6446.0,0.0,28241.0,42786,19867.0,11300.0,7900.0,32851.0
14199,125288.0,5825,2435,22818.0,0.0,5800.0,18605.0,53700.0,14950.0,4608.0,315700.0,18312.0,21184,12000.0,2240.0,21759.0,17500.0,7774.0,20119.0,5332.0,10947.0,18844,5723.0,17380.0,9571.0,9180,33724.0,29794.0,9153.0,15130.0,77100,37612,6281.0,0.0,27140.0,42900,20132.0,11175.0,7800.0,32717.0
14000,125430.0,5849,2458,22284.0,0.0,5848.0,18668.0,53608.0,14336.0,4625.0,315500.0,18451.0,20600,12000.0,2236.0,21017.0,17409.0,7616.0,20450.0,5300.0,10469.0,19026,5701.0,17607.0,9333.0,8974,33506.0,29417.0,8936.0,15081.0,74391,37431,6279.0,0.0,27200.0,42839,20246.0,11250.0,7726.0,32624.0
13983,125394.0,5953,2477,23312.0,0.0,5978.0,19072.0,56500.0,14408.0,4661.0,321534.0,18012.0,20523,12250.0,2259.0,20700.0,17320.0,7732.0,20500.0,5320.0,10354.0,18820,5773.0,17739.0,10200.0,8954,33964.0,29250.0,8966.0,15050.0,73576,37923,6275.0,0.0,27200.0,43085,20049.0,11284.0,7606.0,32462.0
14115,123833.0,5894,2459,23900.0,0.0,5800.0,18552.0,58026.0,14358.0,4607.0,313000.0,17869.0,20168,12221.0,2236.0,20600.0,17245.0,7838.0,20300.0,5280.0,10322.0,18243,5732.0,17652.0,10160.0,8808,33700.0,29000.0,8806.0,14900.0,73782,38230,6232.0,0.0,26492.0,43249,19970.0,11630.0,8980.0,32513.0
10066,123300.0,5940,2482,24365.0,0.0,5822.0,19198.0,57833.0,14650.0,4730.0,307159.0,18042.0,20092,12221.0,2178.0,21000.0,17235.0,7930.0,20250.0,5415.0,10303.0,18525,5540.0,17736.0,10680.0,8670,32919.0,29199.0,8661.0,14652.0,75139,37378,6292.0,0.0,26554.0,42203,20095.0,11459.0,8989.0,32222.0
10249,125624.0,5930,2465,24367.0,0.0,5878.0,18283.0,57190.0,14225.0,4721.0,314653.0,18256.0,19800,12167.0,2059.0,20888.0,16700.0,7622.0,20000.0,5378.0,10256.0,18495,5637.0,17720.0,11295.0,8670,33074.0,29268.0,8639.0,14526.0,75506,37442,6212.0,0.0,25810.0,42514,20047.0,11300.0,9292.0,32637.0
11303,126889.0,5850,2450,24600.0,0.0,5780.0,18395.0,57653.0,14300.0,4639.0,312662.0,18165.0,19950,12240.0,2090.0,21265.0,16668.0,7492.0,20200.0,5514.0,10116.0,18813,5699.0,17800.0,11600.0,8800,32843.0,28803.0,8716.0,14600.0,73673,37376,6339.0,0.0,26200.0,42308,20286.0,11496.0,9490.0,32718.0
10849,127347.0,6040,2473,23900.0,0.0,5815.0,18795.0,56668.0,14999.0,4540.0,316181.0,18090.0,19800,12500.0,2136.0,20196.0,15932.0,7260.0,19983.0,5565.0,10286.0,18539,5834.0,17092.0,11878.0,8899,33277.0,28869.0,8819.0,14343.0,73675,37478,6300.0,0.0,25587.0,42351,19922.0,11480.0,9618.0,33303.0
10150,125750.0,6300,2430,24017.0,0.0,6079.0,18981.0,57754.0,15649.0,4493.0,314420.0,17718.0,19850,12270.0,2137.0,19270.0,16180.0,7319.0,19800.0,5651.0,10355.0,18600,5872.0,16695.0,11914.0,9080,33487.0,28630.0,9019.0,14174.0,74000,37335,6253.0,0.0,25458.0,43675,19600.0,11407.0,9409.0,33161.0
9764,130000.0,6424,2414,24187.0,0.0,6207.0,19792.0,58278.0,15984.0,4519.0,314600.0,17913.0,20070,12072.0,2173.0,19344.0,16530.0,7350.0,19875.0,5615.0,10403.0,19120,5854.0,16493.0,12478.0,9042,33677.0,29400.0,9015.0,14243.0,77758,36900,6405.0,0.0,26185.0,42417,19500.0,11690.0,9499.0,32877.0
9738,131273.0,6554,2428,24799.0,0.0,6476.0,19910.0,59900.0,16466.0,4581.0,323379.0,18000.0,20000,12075.0,2200.0,19500.0,16712.0,7444.0,20000.0,5700.0,10416.0,19356,5952.0,16618.0,12035.0,9069,33375.0,29500.0,9021.0,14492.0,80117,37560,6396.0,0.0,26129.0,43650,19800.0,11841.0,9427.0,33715.0
9650,133834.0,6722,2427,24750.0,0.0,6450.0,19455.0,59762.0,16829.0,4548.0,326000.0,17900.0,19737,12139.0,2175.0,19500.0,16049.0,7445.0,19766.0,5572.0,10624.0,18870,6067.0,16239.0,12004.0,9216,34238.0,29550.0,9157.0,14443.0,81000,38151,6213.0,0.0,25228.0,45184,19543.0,11694.0,9243.0,33969.0
9346,132896.0,6790,2392,24614.0,0.0,6700.0,19282.0,59230.0,16429.0,4417.0,320168.0,17933.0,19900,12100.0,2212.0,19200.0,15530.0,7438.0,18954.0,5575.0,10489.0,18510,6015.0,15654.0,12158.0,8736,33757.0,30178.0,8671.0,14121.0,81450,37790,6117.0,0.0,24995.0,44965,18894.0,11749.0,9351.0,33600.0
9109,132289.0,6744,2423,24621.0,0.0,6678.0,20583.0,59048.0,16531.0,4441.0,327800.0,18449.0,19600,12210.0,2190.0,18103.0,15188.0,7278.0,18641.0,5900.0,10313.0,18300,5936.0,15408.0,11780.0,8459,32675.0,29986.0,8379.0,13600.0,83500,37438,6100.0,0.0,24917.0,45200,18787.0,11620.0,9350.0,33569.0
9102,130752.0,6370,2351,24014.0,0.0,6421.0,20746.0,57987.0,16035.0,4400.0,322558.0,17992.0,19600,11925.0,2150.0,18168.0,15035.0,7210.0,18444.0,5914.0,10290.0,18009,5882.0,15100.0,11635.0,8345,31512.0,29623.0,8250.0,13603.0,79686,36942,6064.0,0.0,24948.0,44034,18500.0,11400.0,9060.0,33499.0
9259,128205.0,6480,2385,24690.0,0.0,6730.0,20533.0,58659.0,16416.0,4383.0,322000.0,17875.0,19593,11945.0,2210.0,18078.0,15058.0,7300.0,18513.0,5773.0,10328.0,17879,5941.0,15350.0,11813.0,8304,31721.0,29212.0,8255.0,13475.0,79500,37814,6085.0,0.0,24930.0,44453,18744.0,11272.0,9050.0,33988.0
9000,129020.0,6501,2416,24626.0,0.0,6753.0,20456.0,59198.0,16527.0,4429.0,329849.0,17749.0,19328,12119.0,2165.0,18050.0,15250.0,7298.0,18700.0,5740.0,10437.0,18008,5950.0,15350.0,11726.0,8527,31945.0,29217.0,8456.0,13603.0,78800,38300,6207.0,0.0,25268.0,44947,18875.0,11375.0,8600.0,34525.0
9242,134000.0,6001,2404,24800.0,0.0,6320.0,19300.0,60315.0,16250.0,4424.0,330399.0,17818.0,18823,12101.0,2130.0,18106.0,15130.0,7213.0,18374.0,5439.0,10484.0,17930,5995.0,15499.0,11888.0,8436,32199.0,29756.0,8362.0,13287.0,72809,38309,6206.0,0.0,25063.0,45375,18652.0,11036.0,8664.0,34910.0
9298,134999.0,6100,2442,24679.0,0.0,6350.0,19159.0,59787.0,16435.0,4648.0,333214.0,18421.0,19350,12144.0,2187.0,18952.0,15210.0,7376.0,18526.0,5328.0,10467.0,18523,5999.0,15861.0,12070.0,8434,31788.0,29800.0,8339.0,13680.0,73615,38582,6296.0,0.0,25124.0,45000,19188.0,11143.0,8862.0,34743.0
9440,138400.0,5851,2490,24210.0,0.0,6274.0,18431.0,58239.0,16740.0,4693.0,334598.0,18576.0,20067,12040.0,2157.0,19629.0,15900.0,7676.0,19076.0,5252.0,10453.0,19353,6098.0,16467.0,12150.0,8668,32422.0,29800.0,8572.0,13949.0,74735,38803,6480.0,0.0,26132.0,44943,19571.0,11414.0,9133.0,35250.0
9264,137050.0,5840,2500,24195.0,0.0,6406.0,18367.0,58842.0,17229.0,4583.0,338800.0,17800.0,19850,12150.0,2193.0,19304.0,15794.0,7654.0,18989.0,5165.0,10479.0,19063,6081.0,16200.0,11946.0,8639,32655.0,29500.0,8528.0,14024.0,76212,39423,6464.0,0.0,25749.0,45000,19287.0,11253.0,8999.0,35300.0
9793,138331.0,6102,2420,24419.0,0.0,6600.0,18673.0,57692.0,17773.0,4655.0,346000.0,17801.0,20399,12469.0,2270.0,19554.0,16460.0,7822.0,19119.0,5360.0,10376.0,19461,6199.0,16156.0,12019.0,8915,33488.0,29549.0,8833.0,14267.0,78300,40273,6455.0,0.0,25674.0,46100,19287.0,11242.0,8975.0,35800.0
10036,137303.0,6180,2420,24593.0,0.0,6635.0,18396.0,57648.0,17262.0,4628.0,347000.0,17200.0,20354,12349.0,2254.0,19176.0,16403.0,7750.0,19034.0,5280.0,10366.0,19435,6087.0,15720.0,12360.0,8881,33082.0,29732.0,8797.0,14261.0,78786,39463,6485.0,0.0,25825.0,46449,18969.0,11291.0,9237.0,35066.0
9887,136555.0,6290,2408,24123.0,0.0,6680.0,18683.0,57050.0,17621.0,4640.0,348169.0,17344.0,20620,12106.0,2235.0,19607.0,16585.0,7760.0,19104.0,5326.0,10217.0,19500,6088.0,15852.0,12467.0,8848,33000.0,29219.0,8753.0,14234.0,79506,39967,6514.0,0.0,25820.0,46740,19141.0,11127.0,9112.0,35268.0
9550,137610.0,6430,2404,23816.0,0.0,6690.0,19346.0,57370.0,17800.0,4560.0,349800.0,17408.0,20823,12200.0,2262.0,19101.0,16399.0,7719.0,18897.0,5545.0,10182.0,19405,6100.0,15820.0,12680.0,8880,33008.0,29309.0,8819.0,14000.0,83500,40478,6477.0,0.0,25656.0,46940,19035.0,11120.0,9191.0,35717.0
9792,137363.0,6499,2400,23470.0,0.0,6570.0,19515.0,56919.0,17828.0,4619.0,352503.0,17357.0,20690,12160.0,2263.0,19630.0,16331.0,7805.0,19000.0,5575.0,9787.0,19350,6058.0,16227.0,12872.0,8692,32580.0,28678.0,8677.0,14086.0,84583,40311,6434.0,0.0,25501.0,46585,19285.0,11199.0,9210.0,35456.0
9900,140375.0,6353,2437,23748.0,0.0,6389.0,19172.0,56582.0,17286.0,4780.0,360166.0,17850.0,21061,11908.0,2307.0,21086.0,16117.0,7753.0,19355.0,5505.0,9792.0,19470,6028.0,16984.0,13110.0,8871,32269.0,29050.0,8794.0,14336.0,81254,40373,6711.0,0.0,26662.0,46732,20100.0,11447.0,9335.0,35361.0
9858,137637.0,6287,2400,23738.0,0.0,6347.0,18492.0,56447.0,17140.0,4753.0,357497.0,17700.0,21081,11800.0,2287.0,20800.0,16029.0,7666.0,19260.0,5330.0,10014.0,19350,5915.0,17047.0,13000.0,8850,32262.0,28800.0,8790.0,14350.0,77562,40035,6661.0,0.0,26704.0,46234,19837.0,11594.0,9628.0,35065.0
9800,137044.0,6270,2414,23950.0,0.0,6175.0,18205.0,56325.0,17498.0,4723.0,359000.0,17656.0,21385,11700.0,2282.0,20765.0,15883.0,7683.0,19354.0,5288.0,10127.0,19319,6036.0,17599.0,12989.0,9000,32640.0,29300.0,8935.0,14450.0,77400,40232,6587.0,0.0,26771.0,46662,20173.0,11553.0,9750.0,35179.0
10100,136800.0,6287,2433,23800.0,0.0,6116.0,18063.0,57462.0,17600.0,4716.0,351000.0,17631.0,21580,11809.0,2294.0,20410.0,16358.0,7688.0,19485.0,5258.0,10130.0,19660,6070.0,17708.0,12500.0,9232,32971.0,29566.0,9160.0,14340.0,75966,39884,6721.0,0.0,26879.0,46330,20214.0,11642.0,9800.0,34973.0
10403,138783.0,6315,2482,23514.0,0.0,6360.0,18638.0,57408.0,17075.0,4730.0,359050.0,17700.0,21610,11950.0,2340.0,20750.0,16092.0,7862.0,19440.0,5387.0,10265.0,19700,6144.0,17800.0,12638.0,9460,32524.0,30172.0,9394.0,14714.0,76300,39899,6680.0,0.0,26880.0,47452,20523.0,11773.0,10189.0,35009.0
10598,140899.0,6295,2465,22930.0,0.0,6547.0,18036.0,56670.0,16850.0,4683.0,362006.0,18407.0,21846,11912.0,2334.0,20896.0,16297.0,7940.0,19549.0,5357.0,10466.0,20030,6233.0,17877.0,12675.0,9410,31101.0,30235.0,9340.0,14686.0,75000,39353,6746.0,0.0,27053.0,47441,20550.0,11979.0,10252.0,33948.0
10787,142141.0,6259,2479,22848.0,0.0,6477.0,18385.0,56102.0,16785.0,4763.0,362035.0,19546.0,21947,11892.0,2350.0,21596.0,16429.0,7992.0,19695.0,5490.0,10573.0,20234,6186.0,17820.0,12689.0,9403,31570.0,30417.0,9398.0,14787.0,75000,39679,6826.0,0.0,27402.0,46781,20266.0,12071.0,10530.0,34138.0
10800,139656.0,6285,2502,23250.0,0.0,6416.0,17968.0,57000.0,17264.0,4770.0,367400.0,19744.0,21698,12010.0,2325.0,21584.0,16376.0,7852.0,19583.0,5187.0,10679.0,19950,6228.0,17838.0,12443.0,9395,32113.0,30775.0,9320.0,14939.0,75593,39972,6715.0,0.0,27114.0,48749,19800.0,12105.0,10476.0,34558.0
10739,138306.0,6361,2495,23241.0,0.0,6239.0,18050.0,57000.0,17200.0,4701.0,371039.0,19525.0,21550,12095.0,2295.0,20994.0,16024.0,7676.0,19222.0,5244.0,10758.0,19513,6075.0,16835.0,12226.0,9240,31745.0,30530.0,9200.0,14686.0,76110,38795,6570.0,0.0,26559.0,48034,19255.0,11586.0,10225.0,34306.0
10653,135922.0,6450,2470,23498.0,0.0,6320.0,18125.0,55107.0,16450.0,4734.0,366439.0,19730.0,21666,12122.0,2307.0,20970.0,15819.0,7741.0,19428.0,5491.0,10570.0,19453,6000.0,17427.0,12235.0,9196,31953.0,30203.0,9110.0,14546.0,74959,37980,6641.0,0.0,26614.0,48206,19350.0,11721.0,10233.0,34050.0
10250,135863.0,6350,2474,23450.0,0.0,6279.0,17948.0,54857.0,16855.0,4779.0,369300.0,19344.0,22000,11875.0,2311.0,21165.0,16098.0,7753.0,19650.0,5544.0,10506.0,19688,5775.0,17582.0,12471.0,9122,31490.0,30356.0,9039.0,14400.0,76500,37397,6740.0,0.0,26633.0,47972,19449.0,11817.0,10400.0,33941.0
10150,134442.0,6012,2450,23846.0,0.0,6128.0,17200.0,55483.0,16361.0,4795.0,368543.0,19331.0,21618,11906.0,2297.0,21199.0,16221.0,7666.0,19354.0,5386.0,10416.0,19940,5816.0,17765.0,12410.0,9185,31700.0,30200.0,9100.0,14253.0,72022,37228,6768.0,0.0,26522.0,47642,19461.0,11808.0,10339.0,33820.0
10290,133669.0,5726,2488,24097.0,0.0,5960.0,17231.0,55721.0,16333.0,4771.0,365510.0,19566.0,21710,11923.0,2299.0,21663.0,16426.0,7650.0,19415.0,5395.0,10482.0,19900,5623.0,17234.0,12845.0,9135,31457.0,30207.0,9034.0,14406.0,72197,36753,6791.0,0.0,26606.0,47449,19400.0,11532.0,10337.0,33777.0
10263,132610.0,5668,2488,24060.0,0.0,5680.0,16631.0,54309.0,15939.0,4840.0,369080.0,19874.0,22219,11968.0,2328.0,22035.0,16865.0,7901.0,19584.0,5350.0,10530.0,20200,5590.0,17477.0,12875.0,9436,32000.0,29905.0,9352.0,14898.0,71197,36576,6850.0,0.0,27250.0,45885,19418.0,11765.0,10350.0,33438.0
10625,135623.0,5927,2490,24146.0,0.0,6000.0,16760.0,54670.0,16450.0,4944.0,372235.0,20127.0,22458,12150.0,2350.0,22182.0,17300.0,7889.0,19728.0,5422.0,10477.0,20677,5645.0,18004.0,12900.0,9370,32375.0,30256.0,9300.0,14750.0,73334,37451,6937.0,0.0,27879.0,46000,19600.0,12010.0,10530.0,33710.0
10811,135636.0,6019,2507,24371.0,0.0,6016.0,16804.0,54725.0,16701.0,4969.0,359901.0,20243.0,22000,12317.0,2403.0,22316.0,16850.0,7956.0,19665.0,5476.0,10366.0,20248,5522.0,18159.0,12900.0,9285,31894.0,30206.0,9234.0,14750.0,74532,36947,6900.0,0.0,27347.0,45470,20035.0,11936.0,10366.0,33342.0
10687,135400.0,6011,2478,23720.0,0.0,5920.0,17121.0,54010.0,16356.0,4842.0,354333.0,19961.0,21601,12317.0,2347.0,21700.0,16713.0,7773.0,19521.0,5410.0,10134.0,20132,5438.0,18094.0,12490.0,9107,31100.0,30000.0,9064.0,14539.0,75064,36634,6878.0,0.0,27227.0,44872,19835.0,11726.0,10345.0,33235.0
10207,133955.0,5639,2408,22801.0,0.0,5717.0,16874.0,54138.0,16072.0,4680.0,341000.0,19767.0,21154,12071.0,2266.0,21059.0,16160.0,7485.0,18918.0,5405.0,9975.0,19561,5250.0,17206.0,12550.0,8818,30700.0,29338.0,8825.0,14514.0,71406,35548,6701.0,0.0,26550.0,43541,19297.0,11235.0,10042.0,32425.0
10217,134496.0,5785,2448,22741.0,0.0,5700.0,16384.0,52809.0,16316.0,4803.0,342510.0,19901.0,21638,12066.0,2326.0,21447.0,16715.0,7682.0,19250.0,5271.0,9993.0,20360,5200.0,17451.0,12622.0,8828,30600.0,29108.0,8780.0,14967.0,71263,35025,6950.0,0.0,27380.0,44000,19503.0,11132.0,9719.0,32259.0
10391,133600.0,5670,2455,22759.0,0.0,5562.0,16705.0,53347.0,15474.0,4891.0,335500.0,19815.0,21889,12076.0,2270.0,21173.0,16849.0,7680.0,19213.0,5268.0,9841.0,20307,5082.0,17320.0,12700.0,8856,30515.0,29250.0,8816.0,14678.0,69959,34773,6850.0,0.0,27475.0,44401,19533.0,11497.0,9880.0,32000.0
10094,135050.0,5548,2428,22437.0,0.0,5599.0,16574.0,52760.0,15271.0,4789.0,335003.0,19854.0,21050,11850.0,2260.0,21100.0,17070.0,7810.0,19197.0,5300.0,9818.0,20225,5109.0,17821.0,12772.0,8874,30343.0,28844.0,8825.0,14975.0,70135,34931,6866.0,0.0,26867.0,44105,19779.0,11650.0,9829.0,31950.0
10112,133745.0,5600,2438,23074.0,0.0,5500.0,16927.0,53250.0,15492.0,4730.0,331400.0,19900.0,20981,11902.0,2260.0,20531.0,16869.0,7715.0,19181.0,5397.0,9869.0,19919,5081.0,17614.0,12795.0,8911,30519.0,29322.0,8868.0,14798.0,71024,34967,6793.0,0.0,26775.0,43343,19800.0,11569.0,9952.0,32011.0
10421,134500.0,5587,2430,23163.0,0.0,5500.0,16322.0,53154.0,15780.0,4704.0,337500.0,20100.0,20850,11838.0,2282.0,20475.0,16955.0,7700.0,19071.0,5271.0,9974.0,20078,5112.0,17626.0,12800.0,9237,30591.0,28882.0,9225.0,14881.0,71858,35776,6797.0,0.0,27040.0,43288,20000.0,11685.0,10065.0,32588.0
10480,132782.0,5650,2415,23306.0,0.0,5430.0,16346.0,54261.0,15938.0,4609.0,331910.0,19570.0,19949,11779.0,2241.0,20273.0,16761.0,7544.0,18542.0,5163.0,10440.0,19456,5053.0,17103.0,12817.0,9045,31325.0,28712.0,9044.0,14500.0,70482,36027,6580.0,0.0,26592.0,42799,19780.0,11650.0,10001.0,32925.0
10500,132900.0,5438,2416,22951.0,0.0,5384.0,16653.0,54190.0,15505.0,4609.0,321000.0,19554.0,19683,11847.0,2251.0,19902.0,16906.0,7545.0,18593.0,5158.0,10417.0,19723,5002.0,16962.0,12730.0,8953,30294.0,28305.0,8921.0,14364.0,69700,35467,6543.0,0.0,26500.0,43397,19713.0,11703.0,10000.0,32700.0
10350,131320.0,5500,2420,23300.0,0.0,5380.0,16778.0,54786.0,15528.0,4483.0,321266.0,19090.0,19920,11908.0,2253.0,19210.0,16420.0,7403.0,18313.0,5247.0,10567.0,19295,5028.0,16694.0,12985.0,8975,30318.0,29042.0,8924.0,13966.0,68000,35688,6473.0,0.0,25635.0,43100,19615.0,11950.0,10219.0,32882.0
10429,131957.0,5393,2411,23230.0,0.0,5340.0,16964.0,54258.0,15573.0,4545.0,320300.0,19633.0,20000,11880.0,2222.0,19162.0,16620.0,7413.0,18307.0,5475.0,10623.0,19575,4863.0,16947.0,13000.0,8900,31110.0,29479.0,8825.0,14070.0,67504,34930,6564.0,0.0,25768.0,37500,19850.0,11850.0,10116.0,32516.0
9947,129718.0,5406,2387,23251.0,0.0,5307.0,17134.0,53990.0,15485.0,4465.0,312600.0,18995.0,19357,11725.0,2170.0,18981.0,16124.0,7175.0,17935.0,5551.0,10620.0,19098,4757.0,16311.0,12765.0,8600,30773.0,29593.0,8600.0,13428.0,65816,34759,6421.0,0.0,24863.0,35355,19404.0,11496.0,10015.0,32281.0
9790,128814.0,5352,2385,23339.0,0.0,5207.0,16601.0,54607.0,16130.0,4467.0,312775.0,18600.0,19365,11726.0,2100.0,18779.0,16081.0,7286.0,17870.0,5499.0,10656.0,19370,4784.0,16462.0,12482.0,8570,30564.0,29354.0,8560.0,13675.0,65616,35331,6421.0,0.0,25000.0,35650,18980.0,11700.0,10030.0,32800.0
9350,128294.0,5290,2368,23339.0,0.0,5130.0,16472.0,54495.0,16125.0,4432.0,312436.0,18844.0,19600,11650.0,2130.0,18295.0,16116.0,7346.0,17817.0,5448.0,10780.0,19291,4774.0,16403.0,12450.0,8475,30995.0,29350.0,8471.0,13980.0,65597,35463,6430.0,0.0,24875.0,35611,18952.0,11624.0,9950.0,33133.0
9265,127494.0,5610,2311,23019.0,0.0,5239.0,17182.0,53412.0,16560.0,4414.0,309531.0,18299.0,19544,11640.0,2034.0,18074.0,15835.0,7209.0,17541.0,5688.0,10954.0,18904,4841.0,16288.0,12390.0,8443,31206.0,29225.0,8493.0,13682.0,67925,36356,6179.0,0.0,24248.0,36900,18471.0,11499.0,9700.0,34195.0
9214,128000.0,5770,2359,23200.0,0.0,5336.0,17470.0,52357.0,16865.0,4456.0,322130.0,18550.0,20100,11830.0,2054.0,18197.0,16255.0,7323.0,17941.0,5836.0,10809.0,19410,4800.0,16418.0,12113.0,8482,30883.0,29288.0,8439.0,13861.0,69494,35567,6400.0,0.0,25056.0,36842,18464.0,11668.0,9980.0,33619.0
9401,132283.0,5680,2400,23195.0,0.0,5308.0,17981.0,52319.0,17100.0,4502.0,327016.0,18873.0,20599,12267.0,2107.0,17762.0,16867.0,7516.0,18438.0,6101.0,10642.0,19870,4818.0,17106.0,12300.0,8750,30750.0,30094.0,8678.0,14175.0,70800,35773,6625.0,0.0,26000.0,37800,19135.0,11800.0,10130.0,33518.0
9794,131921.0,5800,2419,23100.0,0.0,5631.0,19468.0,50702.0,16988.0,4575.0,327561.0,19067.0,20710,12306.0,2104.0,19715.0,16900.0,7616.0,18516.0,6544.0,10642.0,19875,4663.0,17200.0,12189.0,8569,29872.0,30432.0,8456.0,13873.0,73278,34815,6690.0,0.0,26206.0,36659,19149.0,11880.0,10264.0,32781.0
10259,131500.0,5850,2457,22805.0,0.0,5700.0,20170.0,50692.0,16614.0,4620.0,335000.0,19703.0,21044,12323.0,2095.0,20400.0,17329.0,7670.0,18806.0,6805.0,10679.0,20250,4705.0,17365.0,12274.0,8491,30175.0,30846.0,8369.0,14122.0,74151,34963,6802.0,0.0,26590.0,36653,19232.0,12064.0,10477.0,32821.0
10431,127407.0,5900,2398,23450.0,0.0,5675.0,20840.0,52662.0,16704.0,4566.0,337249.0,19144.0,20412,12285.0,2102.0,19910.0,16599.0,7470.0,18442.0,7146.0,11274.0,19397,4862.0,16700.0,12390.0,8757,30963.0,30756.0,8656.0,13934.0,74606,35901,6544.0,0.0,25650.0,37327,18714.0,11858.0,10435.0,33392.0
10130,127044.0,6185,2400,23700.0,0.0,5860.0,21720.0,53580.0,16710.0,4556.0,339495.0,19444.0,20408,12494.0,2100.0,19700.0,16650.0,7519.0,18600.0,7600.0,11665.0,19337,4910.0,16254.0,12210.0,8865,31555.0,31031.0,8780.0,14175.0,76420,36161,6590.0,0.0,25665.0,37338,18633.0,12058.0,10610.0,33881.0
10052,125638.0,6340,2407,24325.0,0.0,5976.0,22026.0,55462.0,17030.0,4507.0,337500.0,19454.0,20415,12360.0,2121.0,19647.0,16456.0,7477.0,18513.0,7505.0,11711.0,19239,4986.0,16502.0,12390.0,8845,31205.0,31241.0,8751.0,14082.0,76350,36766,6550.0,0.0,25503.0,36636,18652.0,12208.0,10750.0,34220.0
10069,126980.0,6550,2401,24890.0,0.0,6180.0,22311.0,57140.0,17223.0,4620.0,345975.0,19988.0,20458,12600.0,2120.0,20283.0,17000.0,7671.0,18816.0,7577.0,11875.0,19514,5007.0,16791.0,12503.0,9000,31993.0,31459.0,8900.0,14321.0,78700,37690,6680.0,0.0,25895.0,37945,18849.0,12403.0,10855.0,34850.0
10246,125989.0,6447,2452,24609.0,0.0,6126.0,21270.0,56606.0,16840.0,4840.0,351490.0,20365.0,20798,12700.0,2189.0,20787.0,17305.0,7810.0,18924.0,7330.0,11751.0,19980,4971.0,16800.0,12440.0,9024,31582.0,31445.0,8926.0,14692.0,76311,37719,6835.0,0.0,26557.0,38141,19500.0,12599.0,11010.0,34780.0
10326,128826.0,6639,2435,24720.0,0.0,6040.0,21232.0,57213.0,17146.0,4935.0,350000.0,20518.0,20257,12829.0,2210.0,21238.0,17420.0,7837.0,19100.0,7306.0,11830.0,20044,5050.0,17036.0,12577.0,9126,31950.0,31308.0,9025.0,14939.0,77495,38506,6871.0,0.0,26448.0,37955,19500.0,12761.0,11050.0,35473.0
10335,128000.0,6765,2425,23975.0,0.0,6022.0,22530.0,55428.0,17124.0,4944.0,346147.0,20923.0,19790,13034.0,2228.0,20650.0,17389.0,7900.0,18937.0,7647.0,11936.0,19867,5086.0,16867.0,12824.0,9135,32299.0,31586.0,9039.0,15158.0,80427,38952,6754.0,0.0,25912.0,36800,19275.0,12841.0,11062.0,35868.0
10220,128447.0,6920,2394,23953.0,0.0,6200.0,22926.0,54891.0,17887.0,4880.0,348500.0,20553.0,19556,13026.0,2190.0,20209.0,17257.0,7800.0,18720.0,7666.0,11850.0,19649,5133.0,16354.0,12723.0,9093,32787.0,31436.0,9040.0,14998.0,81500,39895,6718.0,0.0,25599.0,36450,19000.0,12606.0,10693.0,36403.0
10101,127842.0,6910,2398,23523.0,0.0,6215.0,23770.0,53937.0,17238.0,4834.0,344843.0,20793.0,19553,12973.0,2169.0,20233.0,17198.0,7825.0,18667.0,7800.0,11768.0,19592,5055.0,16588.0,12800.0,8988,32134.0,31236.0,8920.0,14911.0,81025,39263,6700.0,0.0,25347.0,35700,19000.0,12600.0,10674.0,35684.0
9767,129634.0,6932,2440,23042.0,0.0,6075.0,22486.0,52371.0,17215.0,4928.0,351636.0,21141.0,19559,12949.0,2162.0,20600.0,17453.0,7907.0,18915.0,7345.0,11847.0,20035,5049.0,17187.0,13080.0,9056,31700.0,31860.0,8955.0,15219.0,81025,39240,6850.0,0.0,26112.0,35775,19264.0,12720.0,10637.0,35774.0
10162,129793.0,6750,2420,23065.0,0.0,5962.0,22516.0,51251.0,17382.0,4920.0,346416.0,21366.0,19850,12926.0,2179.0,20232.0,17821.0,8089.0,19100.0,7378.0,11909.0,20452,5065.0,17400.0,13056.0,9160,32345.0,31886.0,9074.0,15300.0,79725,38788,6969.0,0.0,26466.0,35795,19409.0,12621.0,10771.0,35346.0
10281,131978.0,6840,2439,23188.0,0.0,5975.0,24199.0,50916.0,17240.0,4908.0,347800.0,21822.0,20324,12988.0,2198.0,20733.0,17960.0,8109.0,19250.0,7648.0,11929.0,20607,5082.0,17460.0,13198.0,9199,32129.0,32281.0,9109.0,15550.0,81000,38879,7140.0,0.0,26642.0,36700,19790.0,12557.0,10785.0,35597.0
10447,131012.0,6810,2465,23289.0,0.0,5925.0,24199.0,50904.0,17983.0,4920.0,344159.0,21300.0,20363,13167.0,2205.0,20813.0,18148.0,8055.0,19300.0,7709.0,12010.0,20631,5101.0,16350.0,13458.0,9269,32097.0,32653.0,9222.0,15350.0,81308,39081,7048.0,0.0,26316.0,37206,19599.0,12468.0,11032.0,35640.0
10100,129800.0,6856,2423,23043.0,0.0,6039.0,25055.0,50907.0,17900.0,4823.0,343351.0,21240.0,19535,13053.0,2148.0,20551.0,17950.0,7969.0,18973.0,7886.0,12170.0,20319,5124.0,16375.0,13590.0,9255,31819.0,31503.0,9169.0,15162.0,81750,39659,6950.0,0.0,26023.0,36506,19639.0,12412.0,10911.0,35996.0
10190,128485.0,7201,2410,22870.0,0.0,6325.0,24931.0,51091.0,17850.0,4808.0,337000.0,21212.0,19447,12985.0,2150.0,20029.0,17709.0,7910.0,18757.0,8005.0,12000.0,20105,5066.0,16400.0,13354.0,9188,32117.0,31111.0,9138.0,15064.0,86245,39716,6906.0,0.0,25584.0,35015,19431.0,12211.0,10702.0,36109.0
10267,128929.0,6878,2430,22681.0,0.0,6112.0,24683.0,49917.0,17800.0,4824.0,342055.0,20754.0,19299,12893.0,2145.0,19936.0,17899.0,7860.0,18900.0,7671.0,11950.0,20200,5027.0,16052.0,13447.0,9222,32156.0,31100.0,9167.0,15093.0,86013,39613,6974.0,0.0,25429.0,35025,19374.0,12111.0,10637.0,36311.0
10073,129882.0,6852,2432,22500.0,0.0,6170.0,25324.0,49471.0,17405.0,4874.0,336965.0,20500.0,19291,13000.0,2120.0,19617.0,17639.0,7799.0,18709.0,7669.0,11983.0,19821,4610.0,15895.0,13345.0,9184,31847.0,31100.0,9130.0,14978.0,82418,39626,6943.0,0.0,25232.0,35060,19004.0,12017.0,10753.0,36066.0
10045,129874.0,6975,2428,22718.0,0.0,5900.0,25401.0,49450.0,17199.0,4888.0,341952.0,20529.0,18935,12941.0,2120.0,19851.0,17600.0,7816.0,18790.0,7675.0,11954.0,19667,4928.0,15766.0,13397.0,9186,31974.0,30699.0,9134.0,14911.0,83693,40260,6855.0,0.0,25320.0,35021,18683.0,11967.0,10675.0,36076.0
10465,129011.0,6997,2412,22883.0,0.0,5686.0,23679.0,51026.0,17334.0,4837.0,351920.0,20466.0,19201,12792.0,2125.0,20000.0,17449.0,7888.0,18788.0,7320.0,11825.0,19674,4960.0,15885.0,13377.0,9311,32398.0,30307.0,9216.0,15163.0,81322,40356,6871.0,0.0,25577.0,34735,18605.0,11825.0,10523.0,36193.0
10298,128495.0,7334,2400,23100.0,0.0,5996.0,24494.0,51467.0,17090.0,4651.0,347500.0,20174.0,19000,12813.0,2110.0,19716.0,17138.0,7856.0,18706.0,7339.0,11812.0,19464,4946.0,15796.0,13390.0,9188,31780.0,30150.0,9129.0,15070.0,81233,40134,6715.0,0.0,25000.0,34069,18464.0,11748.0,10478.0,36314.0
10324,127324.0,7379,2411,23403.0,0.0,6216.0,25000.0,52677.0,16857.0,4610.0,348000.0,20131.0,19015,12900.0,2088.0,19555.0,17064.0,7793.0,18600.0,7352.0,11825.0,19263,4883.0,15676.0,13586.0,9214,32092.0,29813.0,9137.0,14825.0,82173,39175,6597.0,0.0,24770.0,34573,18630.0,11660.0,10400.0,36146.0
10476,127441.0,7321,2431,23350.0,0.0,6130.0,25110.0,52537.0,16811.0,4640.0,344835.0,20332.0,19038,12905.0,2114.0,19688.0,16941.0,7762.0,18669.0,7360.0,11900.0,19154,4814.0,15703.0,13616.0,9141,32082.0,29701.0,9085.0,14720.0,80548,38684,6594.0,0.0,24689.0,34600,18718.0,11843.0,10394.0,35544.0
9964,127385.0,7240,2437,23470.0,0.0,6100.0,24743.0,53291.0,16614.0,4686.0,348186.0,20267.0,19052,12980.0,2123.0,19511.0,16900.0,7752.0,18713.0,7193.0,11877.0,18896,4777.0,15564.0,13591.0,9231,31803.0,29892.0,9169.0,14656.0,79756,37880,6561.0,0.0,24590.0,34497,18658.0,11688.0,10370.0,34592.0
10022,128312.0,7485,2453,23592.0,0.0,6350.0,25388.0,53627.0,17032.0,4897.0,345300.0,20450.0,19214,13150.0,2129.0,18977.0,16956.0,7789.0,18775.0,7427.0,11870.0,19047,4849.0,15400.0,13555.0,9124,31277.0,30000.0,9083.0,14655.0,81000,38085,6612.0,0.0,24563.0,34379,18661.0,11725.0,10386.0,35111.0
10145,125633.0,7300,2450,23204.0,0.0,6300.0,25096.0,52567.0,16898.0,4881.0,340000.0,20362.0,19176,13130.0,2110.0,18871.0,16614.0,7622.0,18517.0,7334.0,11717.0,18675,4724.0,15258.0,13432.0,8882,30654.0,30100.0,8870.0,14344.0,79531,37573,6470.0,0.0,24106.0,33500,18335.0,11500.0,10215.0,34836.0
10500,126492.0,7525,2458,23600.0,0.0,6400.0,25580.0,52041.0,16833.0,4909.0,347110.0,20924.0,19400,13242.0,2155.0,19312.0,16881.0,7711.0,18858.0,7705.0,11639.0,18925,4760.0,15505.0,13545.0,8895,30800.0,30694.0,8862.0,14573.0,80900,37723,6551.0,0.0,24425.0,33642,18818.0,11593.0,10365.0,35086.0
10500,125310.0,7420,2460,23119.0,0.0,6365.0,25359.0,50709.0,16750.0,5295.0,346385.0,21026.0,19283,13155.0,2144.0,19700.0,16970.0,7590.0,18759.0,7441.0,11699.0,18779,4637.0,15747.0,13452.0,8812,30137.0,30642.0,8783.0,14358.0,80354,37351,6488.0,0.0,24340.0,32534,19000.0,11628.0,10200.0,34595.0
10576,124880.0,7230,2437,23219.0,0.0,6339.0,25244.0,51175.0,16802.0,5310.0,340569.0,20933.0,19356,12955.0,2171.0,19825.0,16962.0,7601.0,18845.0,7221.0,11758.0,18805,4695.0,15868.0,13510.0,8945,31017.0,30400.0,8906.0,14302.0,79357,37702,6535.0,0.0,24844.0,32717,19273.0,11650.0,10297.0,34860.0
10177,124445.0,7383,2468,23050.0,0.0,6400.0,25323.0,51187.0,16961.0,5289.0,348861.0,20937.0,19258,12886.0,2166.0,20066.0,16860.0,7579.0,18700.0,7276.0,11583.0,18800,4691.0,15894.0,13590.0,8859,31450.0,30300.0,8825.0,14186.0,79607,38041,6492.0,0.0,24655.0,32690,19213.0,11720.0,10600.0,34835.0
10387,126090.0,7444,2485,23232.0,0.0,6450.0,25297.0,51000.0,16920.0,5372.0,349400.0,21218.0,19699,12950.0,2200.0,20501.0,17200.0,7755.0,19056.0,7308.0,11803.0,19214,4726.0,16086.0,13765.0,9019,31400.0,30500.0,8956.0,14375.0,80595,38085,6599.0,0.0,25023.0,33786,19593.0,11873.0,10746.0,35038.0
10000,123935.0,7010,2481,23099.0,0.0,6350.0,25366.0,50939.0,16727.0,5298.0,344272.0,20754.0,19445,12941.0,2156.0,20415.0,16911.0,7573.0,18655.0,7350.0,12046.0,18838,4694.0,15756.0,13650.0,8844,31104.0,30247.0,8820.0,14000.0,78318,38123,6433.0,0.0,24650.0,33390,19406.0,11794.0,10655.0,35269.0
9921,125385.0,7305,2489,23650.0,0.0,6529.0,26232.0,53964.0,17162.0,5335.0,343312.0,20932.0,19600,12980.0,2178.0,20289.0,17076.0,7600.0,18822.0,7585.0,12079.0,19041,4695.0,16003.0,13661.0,8845,30874.0,30550.0,8782.0,14175.0,81000,37897,6460.0,0.0,25070.0,33810,19388.0,11790.0,10792.0,34791.0
9870,125451.0,7168,2466,24023.0,0.0,6416.0,26724.0,54138.0,17456.0,5358.0,346001.0,21276.0,20155,12950.0,2170.0,20259.0,17193.0,7691.0,18898.0,7810.0,12111.0,19192,4728.0,15947.0,13245.0,8815,30453.0,30600.0,8793.0,14149.0,83072,38882,6479.0,0.0,25274.0,33482,19468.0,11685.0,10903.0,35332.0
9833,125500.0,7190,2443,24140.0,0.0,6500.0,26732.0,52870.0,17753.0,5272.0,346885.0,21113.0,19961,12957.0,2163.0,20044.0,16900.0,7612.0,18572.0,7743.0,12060.0,18978,4720.0,16084.0,13168.0,8846,30822.0,30503.0,8779.0,13984.0,83680,38787,6438.0,0.0,25056.0,32983,19400.0,11672.0,10809.0,35092.0
9827,125745.0,7350,2436,24470.0,0.0,6200.0,26526.0,53026.0,17834.0,5364.0,349228.0,21117.0,20033,13027.0,2170.0,19960.0,16999.0,7685.0,18738.0,7659.0,12160.0,19232,4758.0,15755.0,13142.0,8986,31417.0,31016.0,8894.0,14044.0,83266,39109,6497.0,0.0,25182.0,32943,19375.0,11558.0,10899.0,35396.0
9346,124506.0,7446,2450,24710.0,0.0,6277.0,26450.0,52555.0,17352.0,5375.0,350883.0,20827.0,19646,13100.0,2116.0,19480.0,16896.0,7587.0,18593.0,7681.0,12064.0,18998,4844.0,15399.0,13130.0,8734,31934.0,31009.0,8648.0,13861.0,84400,37787,6327.0,0.0,24964.0,32894,19167.0,11535.0,10820.0,33884.0
9198,123442.0,7412,2461,25000.0,0.0,6400.0,26577.0,53020.0,17220.0,5349.0,356000.0,20546.0,19097,13244.0,2075.0,18590.0,16657.0,7458.0,18292.0,7697.0,12134.0,18425,4853.0,14805.0,13155.0,8637,32025.0,30876.0,8593.0,13390.0,84512,38178,6291.0,0.0,24850.0,30800,18781.0,11353.0,10691.0,34238.0
9010,122286.0,7425,2446,25400.0,0.0,6424.0,26418.0,53630.0,16971.0,5350.0,357453.0,20420.0,18800,13250.0,2019.0,18270.0,16329.0,7308.0,17904.0,7618.0,12485.0,18229,4805.0,14571.0,13160.0,8574,32231.0,31327.0,8559.0,12950.0,84822,36918,6224.0,0.0,24579.0,31050,18433.0,11500.0,10678.0,34532.0
8967,123311.0,7782,2424,25685.0,0.0,6400.0,26732.0,54177.0,17125.0,5427.0,361253.0,20651.0,19170,13230.0,2035.0,18227.0,16400.0,7532.0,18181.0,7761.0,12456.0,18452,4828.0,14560.0,13356.0,8645,32231.0,31706.0,8575.0,13370.0,87126,36820,6331.0,0.0,24750.0,31738,18656.0,11660.0,10998.0,34738.0
8975,121800.0,7780,2404,25144.0,0.0,6460.0,26821.0,51474.0,16934.0,5528.0,354380.0,20520.0,18800,12910.0,1922.0,18010.0,16172.0,7468.0,18016.0,7965.0,12249.0,18083,4697.0,15397.0,13508.0,8271,31399.0,31472.0,8250.0,13314.0,86744,35848,6256.0,0.0,24319.0,31423,18617.0,11759.0,11040.0,34331.0
9032,118000.0,7707,2386,25267.0,0.0,6303.0,25382.0,51241.0,16735.0,5500.0,350743.0,20425.0,18522,12967.0,1922.0,17666.0,15968.0,7465.0,17910.0,7604.0,12270.0,17955,4626.0,15450.0,13441.0,8195,31197.0,30004.0,8185.0,13230.0,85414,35209,6175.0,0.0,24114.0,31075,18420.0,11766.0,11273.0,34348.0
8935,117266.0,7563,2390,25922.0,0.0,6158.0,26314.0,55679.0,15832.0,5522.0,364300.0,20550.0,18444,13014.0,1916.0,18219.0,15799.0,7480.0,18021.0,7512.0,12545.0,17867,4475.0,15605.0,13714.0,8192,30152.0,30557.0,8162.0,13376.0,81600,34311,6173.0,0.0,23876.0,31680,18596.0,11888.0,11378.0,33946.0
8889,114718.0,7453,2370,26100.0,0.0,6075.0,28248.0,55948.0,15390.0,5459.0,351094.0,20500.0,18543,12926.0,1900.0,18190.0,15615.0,7390.0,17807.0,7911.0,12316.0,17471,4310.0,15501.0,13520.0,8066,28850.0,30855.0,8027.0,13251.0,78752,33733,6104.0,0.0,23562.0,30421,18700.0,11822.0,11136.0,33038.0
8408,111500.0,7527,2310,25809.0,0.0,6157.0,29901.0,54146.0,15139.0,5389.0,335000.0,19838.0,17842,12861.0,1825.0,17800.0,15400.0,7158.0,17665.0,8555.0,11756.0,17189,4265.0,15547.0,13300.0,7900,28573.0,30184.0,7848.0,12700.0,80774,32979,5933.0,0.0,23012.0,30155,18601.0,11800.0,11147.0,32585.0
8430,111100.0,7640,2316,25285.0,0.0,6297.0,30540.0,54023.0,14941.0,5533.0,333800.0,20660.0,18050,12750.0,1842.0,17914.0,15250.0,7242.0,17797.0,8711.0,11781.0,17240,4206.0,15799.0,13675.0,7830,28249.0,30046.0,7824.0,12743.0,83339,33042,5956.0,0.0,22796.0,29500,18834.0,11950.0,11285.0,32443.0
8388,109999.0,7885,2317,25613.0,0.0,6371.0,32001.0,55348.0,14458.0,5544.0,337000.0,20790.0,17900,12959.0,1833.0,17473.0,15059.0,7145.0,17500.0,9085.0,11999.0,17099,4114.0,15345.0,13600.0,7825,28386.0,30470.0,7817.0,12620.0,88262,32948,5845.0,0.0,22408.0,29499,18560.0,11886.0,11270.0,32246.0
8453,110700.0,7630,2309,25415.0,0.0,6215.0,30248.0,56000.0,14724.0,5488.0,344999.0,20670.0,17728,13031.0,1840.0,17235.0,15020.0,7121.0,17324.0,8786.0,12223.0,17121,4316.0,15189.0,13700.0,7948,28972.0,30425.0,7890.0,11547.0,88891,33905,5700.0,0.0,21984.0,28898,18772.0,11649.0,10947.0,33183.0
7591,111303.0,7635,2316,25650.0,0.0,6154.0,31761.0,56840.0,14600.0,5479.0,344288.0,20300.0,17621,13039.0,1819.0,17200.0,14830.0,7028.0,17173.0,9375.0,12142.0,16982,4295.0,14680.0,13500.0,7827,29536.0,30500.0,7770.0,10572.0,86945,33800,5600.0,0.0,21900.0,29517,18481.0,11485.0,10670.0,33400.0
7451,111732.0,7362,2315,25200.0,0.0,5896.0,29254.0,55423.0,14579.0,5382.0,349245.0,20585.0,17741,12878.0,1829.0,17191.0,14997.0,7044.0,17122.0,8428.0,12053.0,17033,4334.0,14379.0,13587.0,7774,29688.0,30242.0,7713.0,10235.0,82978,33976,5663.0,0.0,21943.0,29333,18693.0,11500.0,10724.0,33280.0
6955,110000.0,7450,2307,25100.0,0.0,5897.0,31000.0,55776.0,13744.0,5222.0,335410.0,19842.0,17140,12680.0,1774.0,17300.0,14621.0,6886.0,16759.0,8968.0,11790.0,16590,4271.0,14075.0,13435.0,7510,28512.0,29719.0,7459.0,10069.0,83615,32450,5504.0,0.0,21564.0,27791,18228.0,11301.0,10530.0,33155.0
6827,112423.0,7260,2289,25313.0,0.0,5745.0,31102.0,56367.0,13653.0,5248.0,335098.0,19916.0,17348,12575.0,1788.0,17600.0,15210.0,6990.0,16911.0,8093.0,11500.0,17350,4116.0,13985.0,13266.0,7600,27817.0,29541.0,7503.0,10599.0,80442,31318,5661.0,0.0,22353.0,27815,18400.0,11311.0,10490.0,32646.0
6935,109543.0,7100,2318,25191.0,0.0,5679.0,31536.0,56027.0,13648.0,5324.0,337000.0,19311.0,17897,12781.0,1797.0,17168.0,14888.0,6990.0,16976.0,7961.0,11525.0,17401,4164.0,13935.0,13330.0,7624,28362.0,29742.0,7545.0,11066.0,79453,31419,5716.0,0.0,21754.0,26500,18434.0,11400.0,10501.0,32567.0
6591,109639.0,7299,2313,25739.0,0.0,5780.0,31489.0,56600.0,13807.0,5394.0,339900.0,19807.0,17400,12864.0,1797.0,17343.0,14785.0,7010.0,16923.0,8145.0,11790.0,17352,4350.0,13979.0,13302.0,7721,29065.0,30205.0,7650.0,10147.0,80094,32384,5800.0,0.0,22000.0,27371,18425.0,11500.0,10355.0,33217.0
6500,109600.0,7349,2308,25880.0,0.0,5847.0,32650.0,55549.0,13725.0,5210.0,342000.0,19540.0,17476,13001.0,1800.0,17280.0,14935.0,7000.0,16935.0,8563.0,11821.0,17275,4296.0,12686.0,13277.0,7715,29278.0,30266.0,7627.0,10010.0,81667,32227,5830.0,0.0,21944.0,27161,18172.0,11428.0,10417.0,32332.0
6952,111246.0,7590,2329,25682.0,0.0,5949.0,32700.0,55961.0,13446.0,5350.0,343505.0,19738.0,17616,13172.0,1831.0,17551.0,15308.0,7157.0,17093.0,8841.0,12050.0,17450,4310.0,12515.0,13540.0,7715,29625.0,30349.0,7639.0,10487.0,84573,31765,5961.0,0.0,22475.0,28064,18341.0,11335.0,10255.0,31616.0
7091,109999.0,7596,2302,25412.0,0.0,5970.0,32971.0,55588.0,13405.0,5175.0,342985.0,19358.0,17601,13200.0,1828.0,15146.0,15107.0,7130.0,17008.0,8704.0,11902.0,17134,4247.0,12065.0,13507.0,7739,29628.0,30235.0,7709.0,10702.0,83866,31100,5882.0,0.0,22399.0,28050,17343.0,11281.0,10147.0,31504.0
7180,109734.0,7581,2305,25323.0,0.0,5914.0,33646.0,55431.0,12831.0,5210.0,341900.0,18950.0,17560,13200.0,1811.0,15512.0,15100.0,7057.0,16869.0,8937.0,11860.0,17015,4219.0,11629.0,13519.0,7755,29482.0,29914.0,7724.0,10454.0,81862,31199,5843.0,0.0,22275.0,27121,17124.0,11147.0,10051.0,31557.0
7102,109999.0,8050,2294,25363.0,0.0,6450.0,34697.0,55095.0,12926.0,5134.0,338000.0,19148.0,17449,13188.0,1810.0,15725.0,15100.0,7075.0,16810.0,9290.0,11774.0,17039,4225.0,11413.0,13640.0,7639,29390.0,30069.0,7569.0,10356.0,84462,31200,5822.0,0.0,22142.0,26600,16793.0,11145.0,10122.0,31355.0
7252,108000.0,8014,2291,25000.0,0.0,6727.0,34808.0,54043.0,12880.0,5119.0,341140.0,19030.0,17305,13200.0,1760.0,15953.0,14777.0,7120.0,16760.0,9214.0,11887.0,16868,4212.0,11043.0,12875.0,7775,29751.0,30225.0,7755.0,10574.0,84560,31734,5790.0,0.0,21675.0,26837,16724.0,11024.0,10049.0,31478.0
7673,107523.0,8340,2299,25015.0,0.0,6995.0,35657.0,53119.0,13365.0,5205.0,338357.0,19419.0,17754,13342.0,1751.0,16268.0,15014.0,7168.0,16923.0,9150.0,11827.0,17214,4212.0,11227.0,13050.0,7820,29075.0,31100.0,7738.0,10735.0,89427,32011,5858.0,0.0,21972.0,28000,17256.0,11217.0,10139.0,31969.0
7602,108694.0,8400,2288,25042.0,0.0,7653.0,34452.0,53481.0,13215.0,5393.0,342284.0,19308.0,17263,13237.0,1768.0,16660.0,14750.0,7131.0,16870.0,9048.0,11859.0,17035,4336.0,11025.0,13110.0,7859,29172.0,31920.0,7761.0,10800.0,90869,32385,5778.0,0.0,21869.0,28250,16891.0,11168.0,10050.0,32212.0
7870,109490.0,8645,2300,25342.0,0.0,7865.0,34614.0,53526.0,13617.0,5518.0,345380.0,19900.0,17870,13449.0,1819.0,17169.0,15369.0,7275.0,17171.0,9086.0,11836.0,17726,4405.0,11299.0,13312.0,8009,29574.0,32500.0,7876.0,11517.0,93074,32764,5999.0,0.0,22600.0,28795,17383.0,11529.0,10259.0,32727.0
7683,109500.0,8719,2293,24791.0,0.0,7796.0,34390.0,53218.0,13446.0,5370.0,349000.0,19669.0,18296,13250.0,1776.0,16802.0,15160.0,7145.0,16859.0,8878.0,11584.0,17651,4357.0,11440.0,12900.0,7893,29144.0,31960.0,7790.0,11150.0,89937,32728,5922.0,0.0,22435.0,26932,17130.0,11308.0,10005.0,32393.0
8241,110716.0,8635,2321,24838.0,0.0,7776.0,35288.0,53123.0,13363.0,5416.0,350000.0,19658.0,18329,13205.0,1743.0,17021.0,15362.0,7179.0,16992.0,9010.0,11385.0,17857,4288.0,11399.0,12620.0,7814,28819.0,32117.0,7723.0,11500.0,89226,32350,5989.0,0.0,22479.0,26020,17292.0,11342.0,10071.0,32192.0
7980,111579.0,8635,2350,24474.0,0.0,7800.0,33491.0,52333.0,13186.0,5387.0,359400.0,19550.0,18578,13253.0,1770.0,16850.0,15347.0,7189.0,17085.0,8450.0,11490.0,17900,4238.0,11177.0,12550.0,7880,28752.0,31780.0,7765.0,11445.0,89976,32729,6000.0,0.0,22559.0,26378,17436.0,11360.0,9957.0,31350.0
8034,116800.0,8560,2340,24700.0,0.0,7620.0,32538.0,52967.0,13501.0,5442.0,359000.0,20095.0,19138,13300.0,1827.0,16915.0,15750.0,7387.0,17400.0,8150.0,11629.0,18430,4385.0,11550.0,12273.0,8086,29247.0,31902.0,7984.0,11973.0,89067,33292,6100.0,0.0,23103.0,27153,17875.0,11601.0,10110.0,31876.0
8258,120000.0,8697,2375,24729.0,0.0,7579.0,31890.0,52941.0,13424.0,5507.0,356500.0,20271.0,19177,13248.0,1836.0,17057.0,16015.0,7496.0,17666.0,8014.0,11724.0,18426,4400.0,11575.0,12408.0,8167,29259.0,32175.0,8059.0,11809.0,87843,33534,6209.0,0.0,23251.0,26053,18200.0,11935.0,10313.0,31894.0
8397,120000.0,8620,2350,25018.0,0.0,7541.0,30345.0,52491.0,13480.0,5523.0,352834.0,20200.0,19425,13301.0,1857.0,17415.0,16066.0,7533.0,17845.0,7584.0,11903.0,18334,4427.0,11796.0,12177.0,8324,29195.0,32250.0,8212.0,11800.0,87172,33605,6203.0,0.0,23102.0,27000,18463.0,12040.0,10032.0,31949.0
8388,120143.0,8105,2350,25050.0,0.0,7274.0,29834.0,53638.0,13170.0,5438.0,352282.0,20499.0,19569,13117.0,1883.0,17400.0,16100.0,7542.0,17843.0,7469.0,11687.0,18186,4491.0,11973.0,11651.0,8396,29450.0,31937.0,8319.0,12115.0,83981,33538,6170.0,0.0,23091.0,27021,18389.0,12150.0,10026.0,32033.0
8493,121334.0,8461,2288,25660.0,120265.0,7300.0,30098.0,54911.0,13229.0,5429.0,246500.0,20836.0,19765,13181.0,1931.0,17050.0,15869.0,7670.0,17795.0,7475.0,11967.0,18141,4615.0,12120.0,11800.0,8622,29895.0,32020.0,8510.0,12191.0,84850,34140,6162.0,0.0,23000.0,28065,18276.0,12150.0,9982.0,32330.0
9425,124600.0,9000,2315,26350.0,116800.0,7700.0,30479.0,55256.0,13585.0,5584.0,251998.0,21412.0,19871,13300.0,1972.0,16890.0,16206.0,7750.0,18304.0,7421.0,11810.0,18510,4547.0,12434.0,12000.0,8699,29750.0,32749.0,8567.0,12522.0,89705,34583,6357.0,0.0,23363.0,27870,18712.0,12210.0,9920.0,32279.0
9462,127400.0,8565,2339,26170.0,118735.0,7587.0,27925.0,53890.0,13500.0,5680.0,249695.0,21510.0,19952,13324.0,2005.0,16800.0,16700.0,7780.0,18064.0,6830.0,11885.0,18778,4717.0,12564.0,11800.0,9068,30509.0,32125.0,8962.0,12950.0,89473,35864,6477.0,0.0,23854.0,27855,18738.0,12383.0,10154.0,33196.0
9999,128988.0,8654,2407,27061.0,117439.0,7637.0,28147.0,53133.0,13500.0,5947.0,254494.0,22106.0,20730,13877.0,2045.0,16800.0,17206.0,8025.0,18500.0,6796.0,11657.0,19330,4708.0,13116.0,12446.0,9244,30390.0,32142.0,9032.0,13362.0,91120,35139,6775.0,0.0,25124.0,30600,19674.0,12721.0,10507.0,33056.0
9758,128000.0,9000,2411,26960.0,112600.0,7720.0,29050.0,53866.0,13192.0,5928.0,248858.0,21869.0,20574,13465.0,2014.0,16199.0,16724.0,7868.0,17817.0,6861.0,11636.0,18681,4645.0,12538.0,12597.0,9201,29903.0,32075.0,9012.0,12842.0,88580,35154,6471.0,0.0,24209.0,29100,19201.0,12520.0,10297.0,32871.0
9600,129000.0,9139,2425,26962.0,109120.0,7691.0,28945.0,54283.0,13055.0,5884.0,240484.0,21978.0,20300,13582.0,2008.0,15780.0,16730.0,7901.0,17470.0,7035.0,10944.0,18606,4636.0,12849.0,12490.0,9121,29300.0,32674.0,8935.0,12536.0,88515,34994,6576.0,0.0,24273.0,28771,19300.0,12562.0,10332.0,32790.0
9403,130054.0,8964,2393,27150.0,111337.0,7652.0,28892.0,54344.0,13052.0,5748.0,238203.0,21586.0,19920,13562.0,2009.0,15905.0,16732.0,7851.0,17743.0,7199.0,11072.0,18470,4676.0,12770.0,12239.0,9167,29744.0,32407.0,8989.0,12200.0,88105,34604,6580.0,0.0,24220.0,28462,19201.0,12488.0,10209.0,32951.0
9261,128050.0,9356,2377,27769.0,113191.0,7999.0,29622.0,54146.0,13095.0,5822.0,245000.0,21558.0,19117,13567.0,2005.0,16100.0,16300.0,7622.0,17700.0,7473.0,11238.0,18074,4744.0,12700.0,12206.0,8646,28900.0,33200.0,8377.0,11886.0,90391,35162,6470.0,0.0,23691.0,28564,19217.0,12566.0,10232.0,33265.0
9092,127797.0,9525,2353,27561.0,113803.0,8328.0,30564.0,53200.0,13091.0,5670.0,238503.0,21380.0,19305,13572.0,1951.0,15932.0,16160.0,7510.0,17189.0,7801.0,10987.0,17917,4602.0,12449.0,11920.0,8450,28617.0,32270.0,8160.0,11424.0,91990,34578,6414.0,0.0,23295.0,27700,19113.0,12222.0,10008.0,32597.0
8902,127572.0,9655,2319,27840.0,112113.0,8335.0,31231.0,54070.0,12769.0,5504.0,233822.0,21097.0,18856,13495.0,1938.0,15628.0,15701.0,7385.0,16615.0,8120.0,10963.0,17600,4527.0,12062.0,12105.0,7942,27901.0,31800.0,7734.0,11272.0,91292,34238,6230.0,0.0,22800.0,26800,18666.0,11951.0,9847.0,32129.0
8967,128129.0,9664,2360,27883.0,111292.0,8416.0,30889.0,54525.0,13243.0,5619.0,233032.0,21600.0,19406,13560.0,1976.0,16200.0,16050.0,7559.0,16800.0,8162.0,10976.0,18091,4523.0,12410.0,11825.0,8056,28096.0,33052.0,7852.0,11576.0,91534,34315,6400.0,0.0,23237.0,26432,19139.0,12150.0,9849.0,32357.0
9000,128200.0,9561,2336,27638.0,111141.0,8387.0,28826.0,54582.0,13198.0,5595.0,231953.0,21578.0,19216,13471.0,1967.0,16099.0,15850.0,7564.0,16709.0,7780.0,11117.0,17780,4584.0,12370.0,11874.0,8058,28574.0,32450.0,7883.0,11447.0,91353,34985,6320.0,0.0,23200.0,26597,19272.0,12093.0,9785.0,32640.0
8595,128744.0,9528,2310,27450.0,110700.0,8312.0,28409.0,56222.0,13060.0,5508.0,229505.0,21499.0,19081,13274.0,1933.0,15825.0,15287.0,7458.0,16319.0,7612.0,11168.0,17469,4588.0,12264.0,11797.0,7985,29045.0,32205.0,7886.0,11405.0,91303,35174,6219.0,0.0,22682.0,25306,19101.0,11964.0,9630.0,32515.0
9004,128000.0,9700,2313,27964.0,112223.0,8488.0,29456.0,56130.0,13400.0,5435.0,230100.0,21650.0,19194,13350.0,1947.0,16033.0,15465.0,7477.0,16300.0,7825.0,11021.0,17350,4473.0,12062.0,12123.0,7983,29555.0,32600.0,7837.0,11495.0,93395,34953,6198.0,0.0,22625.0,26200,19093.0,11821.0,9500.0,32675.0
8679,129026.0,9990,2217,27800.0,108200.0,8580.0,29400.0,53583.0,13405.0,5323.0,225000.0,21733.0,18693,13452.0,1942.0,16130.0,15194.0,7453.0,16286.0,7868.0,10662.0,17300,4337.0,12158.0,12155.0,7828,29046.0,32500.0,7700.0,11400.0,99321,33912,6109.0,0.0,22400.0,25615,18905.0,11692.0,9300.0,31400.0
8605,130000.0,10241,2174,27820.0,108241.0,9052.0,30300.0,52377.0,13530.0,5319.0,224985.0,21513.0,18980,13270.0,1939.0,15901.0,15132.0,7444.0,16095.0,7994.0,10450.0,17370,4265.0,12199.0,12250.0,7665,28150.0,32600.0,7550.0,11378.0,105750,33260,6145.0,0.0,22250.0,25102,18989.0,11641.0,9230.0,30975.0
8930,132888.0,10321,2219,27065.0,107833.0,8961.0,29530.0,51522.0,13676.0,5420.0,225490.0,21820.0,19300,13399.0,1980.0,15900.0,15275.0,7575.0,16320.0,7827.0,10429.0,17454,4173.0,12536.0,11939.0,7572,27948.0,33350.0,7449.0,11497.0,103069,33472,6317.0,0.0,22500.0,25220,19033.0,11965.0,9575.0,31006.0
9350,133904.0,10427,2224,26721.0,108600.0,8917.0,31098.0,52636.0,13964.0,5478.0,227267.0,24775.0,19140,13434.0,2005.0,15897.0,15197.0,7593.0,16350.0,8231.0,10569.0,17350,4219.0,12727.0,12183.0,7721,28709.0,34350.0,7588.0,11616.0,104622,34107,6356.0,0.0,22369.0,26852,19283.0,11921.0,9547.0,31385.0
9600,133904.0,10350,2254,26932.0,107885.0,9360.0,31555.0,52604.0,13763.0,5460.0,225875.0,24731.0,19098,13456.0,2017.0,15821.0,14862.0,7523.0,16200.0,8384.0,10616.0,17124,4187.0,12497.0,11895.0,7537,28889.0,34083.0,7430.0,11588.0,105984,33919,6283.0,0.0,22170.0,26969,19405.0,11943.0,9468.0,31271.0
9504,133603.0,10573,2233,26854.0,107353.0,9579.0,32449.0,52296.0,12003.0,5406.0,224045.0,24469.0,19313,13140.0,1979.0,15469.0,15122.0,7481.0,16131.0,8586.0,10599.0,17107,4188.0,12449.0,11825.0,7371,28662.0,33700.0,7293.0,11681.0,108575,34231,6278.0,0.0,22221.0,26620,19080.0,11926.0,9447.0,30930.0
9451,133500.0,10483,2246,26700.0,107100.0,9511.0,31500.0,52095.0,12198.0,5472.0,226000.0,24889.0,19765,12921.0,1969.0,15674.0,15525.0,7646.0,16412.0,8441.0,10753.0,17600,4333.0,12676.0,11974.0,7537,29180.0,34229.0,7473.0,11984.0,109700,35772,6455.0,0.0,22935.0,27790,19146.0,12104.0,9466.0,31546.0
9480,134714.0,10300,2263,26500.0,107042.0,9621.0,29614.0,50007.0,12079.0,5542.0,226849.0,24950.0,19794,12929.0,1994.0,16089.0,16000.0,7780.0,16905.0,8090.0,10665.0,18028,4449.0,13040.0,11964.0,8127,29739.0,33900.0,8056.0,12261.0,110369,36774,6633.0,0.0,23710.0,28316,19173.0,12324.0,9418.0,32019.0
9672,134297.0,10117,2277,26400.0,106753.0,9654.0,30101.0,50270.0,11640.0,5443.0,226820.0,24919.0,19894,12928.0,1975.0,15698.0,15728.0,7762.0,17028.0,8376.0,10716.0,17947,4318.0,13266.0,11880.0,7917,29744.0,33600.0,7850.0,12208.0,107681,35934,6669.0,0.0,23712.0,27462,18765.0,12364.0,9389.0,31274.0
9978,133904.0,10183,2268,26563.0,107927.0,9625.0,29400.0,51106.0,11571.0,5480.0,226900.0,25503.0,19941,12950.0,1997.0,15839.0,15873.0,7865.0,17235.0,8268.0,10923.0,17987,4443.0,13109.0,11810.0,8131,30811.0,33284.0,8115.0,12043.0,105310,36239,6682.0,0.0,23920.0,28793,18759.0,12378.0,9315.0,31156.0
10037,135353.0,10180,2285,26765.0,109000.0,9750.0,30019.0,51541.0,11825.0,5500.0,230402.0,25538.0,20387,12930.0,2018.0,16100.0,16076.0,7962.0,17542.0,8257.0,11001.0,18175,4416.0,13235.0,11914.0,8197,30827.0,33261.0,8152.0,12386.0,106716,36519,6756.0,0.0,24005.0,28418,19100.0,12639.0,9417.0,31221.0
10295,136026.0,10423,2266,26838.0,109732.0,9969.0,30063.0,51263.0,12076.0,5560.0,231950.0,24900.0,20414,12832.0,2040.0,16086.0,15905.0,7990.0,17503.0,8153.0,11079.0,18182,4388.0,13250.0,11795.0,8211,29220.0,33184.0,8184.0,12427.0,108897,36054,6726.0,0.0,24030.0,28478,19188.0,12629.0,9299.0,30593.0
10240,135017.0,10253,2274,26717.0,109684.0,9983.0,30670.0,50977.0,11962.0,5575.0,229933.0,24446.0,20550,12800.0,2021.0,15885.0,15810.0,7966.0,17387.0,8269.0,10964.0,17920,4360.0,13148.0,11850.0,8339,29275.0,33350.0,8275.0,12267.0,107540,36240,6599.0,0.0,23894.0,28114,19244.0,12575.0,9365.0,30616.0
10569,135517.0,10202,2258,26973.0,108750.0,9883.0,30767.0,50811.0,12515.0,5600.0,228900.0,24240.0,20970,12739.0,2038.0,15797.0,16039.0,8102.0,17668.0,8331.0,10997.0,17980,4480.0,13273.0,11845.0,8583,30148.0,33500.0,8480.0,12263.0,109586,37357,6688.0,0.0,24064.0,28832,19000.0,12744.0,9465.0,30643.0
10512,136380.0,9920,2289,27000.0,107651.0,9696.0,29856.0,50533.0,12044.0,5878.0,226200.0,23790.0,20988,12758.0,2013.0,16938.0,16410.0,8195.0,17827.0,7993.0,10890.0,18134,4378.0,13755.0,12148.0,8500,28955.0,34134.0,8407.0,12504.0,105400,36972,6830.0,0.0,24412.0,26722,20029.0,13076.0,9563.0,30506.0
10570,137033.0,10172,2259,27005.0,102042.0,9800.0,31507.0,51166.0,11891.0,5759.0,214150.0,23900.0,20906,12698.0,2001.0,16450.0,16294.0,8164.0,17690.0,8350.0,10947.0,17500,4423.0,13274.0,12367.0,8400,29360.0,34578.0,8363.0,12324.0,106642,37385,6774.0,0.0,24055.0,26763,20205.0,13160.0,9590.0,30922.0
10773,137590.0,10209,2258,27170.0,102915.0,9845.0,32199.0,51531.0,12240.0,5802.0,215250.0,23958.0,20721,12644.0,1978.0,16236.0,16020.0,8122.0,17400.0,8548.0,10882.0,17128,4369.0,13177.0,12353.0,8290,29250.0,34100.0,8245.0,12350.0,108532,37238,6675.0,0.0,23785.0,26682,20069.0,12879.0,9560.0,30786.0
10730,138143.0,10300,2228,26890.0,100790.0,9800.0,32547.0,50575.0,12003.0,5736.0,209250.0,24024.0,20794,12600.0,1962.0,16232.0,15903.0,8052.0,17254.0,8662.0,10952.0,17382,4378.0,13165.0,11927.0,8352,29284.0,33820.0,8245.0,12200.0,106889,37618,6667.0,0.0,23269.0,26726,19894.0,12863.0,9442.0,30841.0
10666,138490.0,10345,2230,26843.0,101669.0,9886.0,30315.0,50931.0,12267.0,5729.0,209591.0,24571.0,21088,12625.0,1984.0,16470.0,16172.0,8148.0,17697.0,8438.0,11250.0,17785,4491.0,13485.0,12341.0,8497,29601.0,33889.0,8430.0,12632.0,108472,38127,6768.0,0.0,23673.0,29874,20016.0,13211.0,9428.0,31375.0
10599,138361.0,9980,2202,27000.0,102000.0,9850.0,29198.0,50900.0,12300.0,5740.0,209000.0,24893.0,21191,12651.0,1980.0,16297.0,16084.0,8108.0,17709.0,8251.0,11221.0,17960,4553.0,13500.0,12341.0,8472,30086.0,33580.0,8398.0,12437.0,105978,38515,6774.0,0.0,23566.0,29876,20222.0,13192.0,9480.0,31559.0
10496,136518.0,10345,2201,28061.0,103000.0,10076.0,30770.0,52923.0,12680.0,5658.0,210960.0,24723.0,20783,12800.0,1935.0,16025.0,15569.0,7889.0,17429.0,8793.0,11670.0,17460,4563.0,13239.0,12350.0,8441,30436.0,33829.0,8367.0,11847.0,110000,38459,6600.0,0.0,22929.0,28720,19641.0,12887.0,9358.0,31781.0
10550,137298.0,10385,2211,28357.0,105098.0,10200.0,33039.0,53030.0,12331.0,5749.0,214563.0,24578.0,20606,13150.0,1965.0,15980.0,15488.0,7957.0,17327.0,9294.0,11867.0,17347,4540.0,13541.0,12603.0,8592,31250.0,35251.0,8520.0,12026.0,112768,38660,6530.0,0.0,22918.0,27427,20303.0,13185.0,9359.0,32071.0
10628,137900.0,10759,2215,28200.0,104152.0,10300.0,32423.0,53377.0,12434.0,5709.0,215300.0,24400.0,20891,13001.0,1941.0,15850.0,15477.0,7984.0,17107.0,9164.0,11972.0,17319,4686.0,13721.0,12899.0,8684,31574.0,35200.0,8621.0,11922.0,113150,39466,6519.0,0.0,22914.0,27562,20232.0,13363.0,9480.0,32534.0
10800,138872.0,10291,2265,28400.0,103000.0,9970.0,31402.0,53342.0,12682.0,5766.0,217400.0,24620.0,21086,13000.0,1959.0,16088.0,15760.0,8095.0,17531.0,8880.0,11876.0,17721,4840.0,13515.0,12490.0,8781,32013.0,35246.0,8700.0,12549.0,112274,39678,6679.0,0.0,23363.0,28065,20407.0,13347.0,9483.0,32659.0
10901,140789.0,10129,2275,28350.0,102848.0,10200.0,29195.0,52850.0,13087.0,5961.0,218459.0,24891.0,21593,13001.0,2041.0,16274.0,16056.0,8335.0,17950.0,8422.0,11759.0,17922,4928.0,13920.0,12328.0,8881,31959.0,35050.0,8820.0,12953.0,111381,39450,6835.0,0.0,23846.0,29089,20311.0,13561.0,9642.0,33398.0
10963,142600.0,10800,2240,28116.0,103450.0,10700.0,29233.0,54239.0,12815.0,6027.0,219650.0,25470.0,21806,12900.0,2051.0,16520.0,16167.0,8382.0,18000.0,8339.0,11849.0,18077,4900.0,14142.0,12425.0,8879,32305.0,35431.0,8823.0,13144.0,117809,39499,6904.0,0.0,24226.0,29341,20554.0,13575.0,9744.0,33714.0
11385,144800.0,10738,2254,28000.0,102915.0,10650.0,28977.0,54546.0,12851.0,5963.0,220000.0,25000.0,21646,12746.0,2037.0,16391.0,16369.0,8303.0,18075.0,8160.0,11750.0,17954,4911.0,13799.0,12520.0,8900,32375.0,35239.0,8848.0,12874.0,115136,39604,6853.0,0.0,24387.0,29738,20339.0,13596.0,9747.0,33290.0
11320,145005.0,10635,2309,27582.0,102500.0,10400.0,28300.0,54550.0,12625.0,5960.0,215000.0,25000.0,21500,12800.0,2037.0,16134.0,16261.0,8202.0,18087.0,7645.0,11077.0,17666,4828.0,13782.0,13350.0,8584,32281.0,34917.0,8453.0,12761.0,112507,39053,6835.0,0.0,24265.0,29537,20148.0,13500.0,9681.0,32755.0
11770,144400.0,10354,2297,27813.0,102023.0,10261.0,28372.0,55352.0,12506.0,5842.0,213173.0,24735.0,21546,12750.0,2029.0,15674.0,16193.0,8100.0,18139.0,7654.0,10900.0,17539,4719.0,13401.0,13342.0,8591,31783.0,34419.0,8471.0,12668.0,112987,38418,6807.0,0.0,23945.0,29399,19790.0,13451.0,9778.0,32438.0
12100,145529.0,10792,2269,27750.0,101801.0,10225.0,28294.0,55671.0,12521.0,5775.0,215500.0,25390.0,21638,12750.0,2046.0,15707.0,16195.0,8160.0,18285.0,7598.0,10847.0,17675,4696.0,13589.0,12863.0,8445,31689.0,34121.0,8323.0,12974.0,118314,38698,6888.0,0.0,23880.0,29369,19801.0,13525.0,9900.0,32475.0
11964,144731.0,11125,2275,28119.0,99400.0,10744.0,29750.0,56083.0,13000.0,5801.0,210653.0,25648.0,21440,12650.0,2026.0,15824.0,16160.0,8178.0,17957.0,7903.0,10914.0,17485,4650.0,13280.0,12550.0,8348,31639.0,34657.0,8213.0,13058.0,122000,39113,6753.0,0.0,23707.0,29545,20900.0,13353.0,10053.0,32217.0
12114,144205.0,11112,2286,28250.0,98651.0,10727.0,29912.0,55337.0,12791.0,5811.0,212500.0,25608.0,21500,12699.0,2017.0,16008.0,16130.0,8197.0,18005.0,8064.0,10905.0,17476,4604.0,13329.0,12500.0,8350,31446.0,34136.0,8209.0,13000.0,119492,38659,6750.0,0.0,23550.0,29412,20801.0,13225.0,9867.0,31988.0
11860,144888.0,10978,2271,28236.0,98778.0,10748.0,29183.0,53600.0,12850.0,5801.0,211001.0,25577.0,21493,12648.0,2006.0,16113.0,16289.0,8200.0,18150.0,8008.0,10916.0,17493,4592.0,13433.0,12320.0,8338,31515.0,33872.0,8198.0,13164.0,117614,38458,6732.0,0.0,23620.0,28450,21275.0,13096.0,9626.0,31964.0
11926,145415.0,11147,2287,28710.0,101249.0,10869.0,29143.0,54985.0,12968.0,5765.0,216000.0,25684.0,21405,12688.0,1983.0,16198.0,16052.0,8134.0,18378.0,7990.0,11133.0,17362,4592.0,13413.0,12470.0,8365,31703.0,34419.0,8214.0,12868.0,119779,38586,6736.0,0.0,23293.0,28177,21081.0,12898.0,9598.0,32341.0
12236,147300.0,11320,2275,29177.0,102759.0,10788.0,29154.0,55659.0,13092.0,5873.0,224802.0,25798.0,21865,12693.0,1997.0,16420.0,16339.0,8264.0,18470.0,8043.0,11238.0,17757,4674.0,13651.0,12487.0,8498,32000.0,34417.0,8403.0,13036.0,121200,39375,6855.0,0.0,23876.0,28500,21085.0,13027.0,9640.0,32887.0
12158,149200.0,11489,2295,29464.0,101403.0,10712.0,29162.0,54620.0,13394.0,5918.0,222300.0,26380.0,22139,12789.0,2032.0,16496.0,16528.0,8408.0,19600.0,8185.0,11259.0,17907,4631.0,13657.0,12556.0,8431,31596.0,34694.0,8300.0,13468.0,124841,38928,6750.0,0.0,24305.0,28306,21016.0,13150.0,9658.0,32237.0
11946,148280.0,11276,2275,30100.0,100957.0,10518.0,28621.0,56053.0,13009.0,5858.0,220700.0,26330.0,22050,12650.0,1985.0,18351.0,15853.0,8166.0,19550.0,8034.0,11087.0,17564,4567.0,13486.0,12406.0,8313,31172.0,34592.0,8165.0,12875.0,121952,37974,6635.0,0.0,23679.0,27698,20657.0,12920.0,9449.0,31548.0
11855,145229.0,11231,2284,29950.0,101267.0,10577.0,28222.0,56375.0,13366.0,5833.0,223315.0,25591.0,21650,12701.0,1968.0,17974.0,15980.0,8132.0,19550.0,7768.0,11152.0,17503,4686.0,13223.0,12200.0,8290,31611.0,34327.0,8166.0,12901.0,124113,38908,6568.0,0.0,23737.0,28262,20415.0,13066.0,9433.0,32256.0
11702,144616.0,11177,2280,30300.0,102513.0,10458.0,27641.0,57049.0,13629.0,5801.0,223000.0,25437.0,21354,12690.0,1926.0,18074.0,15441.0,7895.0,19325.0,7761.0,11294.0,17024,4720.0,13139.0,12500.0,8325,32129.0,34424.0,8202.0,12298.0,123700,39413,6443.0,0.0,22752.0,28173,20647.0,12901.0,9360.0,32880.0
11862,142050.0,11557,2258,29843.0,101253.0,10900.0,26765.0,56711.0,13606.0,5675.0,217750.0,25015.0,20687,12523.0,1871.0,17786.0,14950.0,7729.0,19136.0,7427.0,11327.0,16510,4765.0,12897.0,12057.0,8233,31785.0,33710.0,8150.0,11902.0,122568,39210,6225.0,0.0,22050.0,28110,20103.0,12700.0,9148.0,33067.0
11940,142915.0,11220,2281,29983.0,100681.0,10536.0,27132.0,58236.0,13900.0,5400.0,215000.0,25750.0,20809,12532.0,1883.0,17514.0,15034.0,7832.0,19401.0,7530.0,11381.0,16664,4750.0,12740.0,12270.0,8544,32350.0,33600.0,8498.0,11928.0,122421,39239,6263.0,0.0,22051.0,28000,20411.0,12376.0,9339.0,33095.0
11479,141974.0,11225,2280,29122.0,100850.0,10503.0,27346.0,58328.0,13818.0,5217.0,211763.0,25035.0,20353,12404.0,1856.0,17375.0,14744.0,7631.0,19255.0,7699.0,11290.0,16515,4707.0,12850.0,12131.0,8575,32301.0,32466.0,8503.0,11735.0,120471,38890,6194.0,0.0,21820.0,27257,20341.0,12051.0,9176.0,33301.0
11740,141727.0,11260,2281,28522.0,100029.0,10700.0,27407.0,57750.0,13333.0,5218.0,209488.0,25045.0,20297,12402.0,1854.0,17500.0,14726.0,7641.0,19220.0,7695.0,11145.0,16574,4652.0,12816.0,12122.0,8421,31800.0,32263.0,8384.0,11806.0,121248,38543,6262.0,0.0,21900.0,26400,20592.0,12112.0,9237.0,32456.0
11516,142080.0,11301,2255,28300.0,97253.0,10797.0,27440.0,57683.0,13300.0,5039.0,204698.0,25208.0,19789,12415.0,1819.0,17304.0,14564.0,7578.0,19075.0,7775.0,11050.0,16397,4673.0,12572.0,11943.0,8294,31885.0,32685.0,8253.0,11203.0,124543,38620,6210.0,0.0,21425.0,26045,20261.0,11507.0,8646.0,32670.0
11250,140500.0,12254,2251,27666.0,96403.0,11369.0,29414.0,56648.0,13200.0,4963.0,202100.0,24901.0,19535,12416.0,1800.0,18308.0,14472.0,7591.0,18864.0,8250.0,10903.0,16165,4506.0,12738.0,11708.0,8179,31103.0,32625.0,8094.0,10912.0,129912,38350,6160.0,0.0,21390.0,25645,20285.0,11294.0,8600.0,31879.0
11408,140025.0,12250,2251,27961.0,97535.0,11364.0,28624.0,56592.0,13352.0,4959.0,206500.0,25386.0,19697,12646.0,1838.0,18305.0,14659.0,7700.0,19135.0,8480.0,10930.0,16358,4515.0,13179.0,11870.0,8200,31374.0,33214.0,8144.0,11352.0,128500,38966,6189.0,0.0,21632.0,26399,20244.0,11442.0,8682.0,32110.0
11278,138000.0,12720,2233,27900.0,96700.0,11315.0,28835.0,56681.0,13182.0,4859.0,203677.0,25045.0,19270,12540.0,1860.0,17960.0,14478.0,7689.0,19053.0,8746.0,10948.0,16197,4257.0,13221.0,11680.0,8240,31199.0,33037.0,8200.0,11539.0,125678,38795,6157.0,0.0,21425.0,26453,19980.0,11299.0,8605.0,32137.0
11150,138000.0,12490,2254,28131.0,96560.0,11456.0,27700.0,57278.0,13490.0,4943.0,205509.0,25666.0,19288,12745.0,1877.0,18150.0,14763.0,7801.0,19191.0,8666.0,11069.0,16476,4234.0,13507.0,11757.0,8360,31600.0,33120.0,8313.0,11392.0,125618,39856,6234.0,0.0,21609.0,26050,20027.0,11450.0,8631.0,32770.0
11125,138000.0,12700,2258,28307.0,96975.0,11280.0,27567.0,57714.0,13554.0,4850.0,205228.0,25265.0,19227,12714.0,1870.0,18176.0,14607.0,7760.0,19173.0,8504.0,11033.0,16257,4219.0,13437.0,11626.0,8256,31455.0,33400.0,8211.0,11255.0,126788,39994,6221.0,0.0,21576.0,26309,19969.0,11485.0,8606.0,32836.0
10914,138099.0,13139,2264,28750.0,97100.0,11799.0,28838.0,58399.0,13441.0,4796.0,203000.0,25307.0,19198,12746.0,1869.0,17800.0,14470.0,7671.0,19065.0,8725.0,11163.0,16119,4215.0,13044.0,11628.0,8301,31619.0,33758.0,8260.0,11260.0,129724,40650,6117.0,0.0,21205.0,27203,19766.0,11403.0,8588.0,33413.0
11120,139260.0,13900,2249,28515.0,96711.0,12255.0,29893.0,58051.0,13900.0,4833.0,205000.0,25818.0,19455,12650.0,1864.0,17654.0,14663.0,7590.0,19147.0,8787.0,11127.0,16286,4244.0,12843.0,11712.0,8319,31631.0,33932.0,8257.0,11381.0,132012,40805,6192.0,0.0,21330.0,27093,19819.0,11350.0,8662.0,33587.0
11119,140022.0,13900,2237,27682.0,97850.0,12305.0,30118.0,57590.0,13953.0,4800.0,207500.0,25534.0,19400,12575.0,1880.0,17833.0,14540.0,7576.0,19175.0,8971.0,11149.0,16242,4269.0,12760.0,11726.0,8344,31732.0,32833.0,8281.0,11495.0,132628,41075,6200.0,0.0,21265.0,26675,19582.0,11259.0,8669.0,33429.0
11057,145500.0,13900,2222,27869.0,100400.0,12070.0,28500.0,58843.0,13718.0,4833.0,213600.0,26009.0,20200,12589.0,1945.0,18344.0,15288.0,7889.0,19596.0,8678.0,11079.0,16950,4421.0,12958.0,11800.0,8660,32696.0,33847.0,8597.0,12200.0,131725,41775,6410.0,0.0,21690.0,27359,20003.0,11650.0,8733.0,33897.0
11485,145697.0,14457,2195,28319.0,103157.0,12705.0,28114.0,60233.0,13895.0,4884.0,220598.0,25632.0,20601,12538.0,1966.0,19299.0,14947.0,7932.0,19710.0,8675.0,11045.0,16986,4390.0,13416.0,11579.0,8682,32156.0,32790.0,8568.0,12064.0,137630,41319,6440.0,0.0,21774.0,30558,20233.0,11719.0,8695.0,34000.0
11512,148172.0,14700,2212,28978.0,104000.0,12600.0,27930.0,60681.0,13454.0,4911.0,226186.0,25903.0,20743,12640.0,2026.0,19021.0,15360.0,8170.0,20131.0,8530.0,11102.0,17274,4386.0,13250.0,11824.0,8607,32090.0,33935.0,8526.0,12480.0,139353,40600,6548.0,0.0,22100.0,32497,20611.0,11937.0,8814.0,33512.0
11735,146991.0,13987,2218,28500.0,103299.0,12505.0,28848.0,60684.0,13130.0,4950.0,228780.0,25850.0,21016,12615.0,2010.0,18952.0,15161.0,8106.0,19634.0,8670.0,10979.0,17121,4432.0,13081.0,11698.0,8500,32385.0,33589.0,8403.0,12343.0,134437,40566,6459.0,0.0,22069.0,31596,20365.0,11789.0,8688.0,33522.0
12064,145403.0,14010,2212,27835.0,104144.0,12277.0,28871.0,60664.0,12889.0,4871.0,234843.0,25781.0,20583,12500.0,1993.0,18654.0,14957.0,8051.0,19355.0,8811.0,10856.0,16894,4420.0,13077.0,11659.0,8401,32409.0,34020.0,8288.0,12260.0,132327,39874,6389.0,0.0,21725.0,31210,20153.0,11643.0,8565.0,33426.0
11877,144800.0,13439,2215,27910.0,104700.0,12000.0,28706.0,59227.0,12684.0,4876.0,232295.0,25785.0,20316,12524.0,1985.0,18666.0,14946.0,8049.0,19418.0,8651.0,11141.0,16967,4333.0,12797.0,11700.0,8377,32333.0,33366.0,8275.0,12173.0,127500,39550,6361.0,0.0,21600.0,30950,19837.0,11696.0,8520.0,33069.0
11858,145436.0,14234,2210,27861.0,104450.0,12149.0,30200.0,59450.0,12900.0,4892.0,232600.0,25840.0,20290,12520.0,1979.0,18437.0,14948.0,8048.0,19321.0,9075.0,11127.0,16825,4347.0,12812.0,11585.0,8360,32330.0,33200.0,8252.0,12025.0,132000,39898,6342.0,0.0,21598.0,30900,19757.0,11700.0,8420.0,33032.0
11988,145268.0,14363,2220,27973.0,105343.0,12300.0,30877.0,60015.0,12850.0,4910.0,231651.0,25847.0,20645,12638.0,1981.0,18584.0,14921.0,8021.0,19479.0,9311.0,11036.0,16930,4382.0,12685.0,11479.0,8373,32651.0,33165.0,8270.0,12157.0,133529,40072,6344.0,0.0,21575.0,31290,19690.0,11684.0,8419.0,33219.0
12300,146000.0,14522,2233,27886.0,106075.0,12280.0,31188.0,60420.0,13040.0,4979.0,233400.0,26218.0,20865,12670.0,1985.0,18625.0,15180.0,8090.0,19628.0,9383.0,11027.0,17114,4405.0,12670.0,11594.0,8458,32862.0,33670.0,8338.0,12421.0,130656,40199,6399.0,0.0,21839.0,31025,20023.0,11715.0,8357.0,33200.0
11922,144618.0,14352,2211,27750.0,105400.0,12362.0,31650.0,59737.0,13114.0,4860.0,229079.0,25659.0,20477,12383.0,1966.0,18250.0,14930.0,7910.0,19500.0,9587.0,10953.0,16832,4338.0,12592.0,11650.0,8296,32629.0,33021.0,8196.0,12063.0,130733,39884,6280.0,0.0,21430.0,30348,19751.0,11530.0,8249.0,32978.0
12230,144841.0,14330,2241,28236.0,106850.0,12360.0,31773.0,60296.0,13226.0,4949.0,233750.0,25400.0,20550,12565.0,1959.0,18480.0,15069.0,7956.0,19505.0,9400.0,11304.0,16880,4467.0,12525.0,11492.0,8463,32806.0,33472.0,8345.0,12247.0,132856,40618,6325.0,0.0,21751.0,30385,19779.0,11602.0,8365.0,33346.0
12490,144551.0,14843,2230,28708.0,106709.0,12751.0,33610.0,62209.0,13296.0,4940.0,235400.0,25504.0,20563,12588.0,1940.0,18250.0,14961.0,7969.0,19466.0,9616.0,11157.0,16724,4480.0,12372.0,11377.0,8464,32834.0,33582.0,8352.0,12260.0,134308,40559,6231.0,0.0,21575.0,31200,19565.0,11585.0,8123.0,33332.0
12033,143250.0,14620,2209,28250.0,106500.0,12689.0,33496.0,62462.0,13023.0,4788.0,234380.0,25296.0,20305,12424.0,1903.0,17888.0,14536.0,7740.0,19125.0,9687.0,10988.0,16339,4413.0,11998.0,11422.0,8329,32250.0,33101.0,8198.0,11851.0,134720,40181,6005.0,0.0,21155.0,31835,19136.0,11408.0,8039.0,33293.0
12255,143530.0,14500,2223,28900.0,108040.0,12707.0,32220.0,63650.0,12823.0,4805.0,235810.0,25474.0,20408,12504.0,1906.0,18023.0,14158.0,7783.0,19165.0,9442.0,11211.0,16352,4440.0,12200.0,11338.0,8378,32481.0,33018.0,8228.0,11815.0,133000,40064,6040.0,0.0,21299.0,31535,19227.0,11510.0,8040.0,33358.0
12000,143250.0,15290,2198,29700.0,107693.0,13437.0,31635.0,64459.0,13031.0,4882.0,232500.0,25220.0,20493,12500.0,1905.0,18151.0,14295.0,7718.0,19148.0,9345.0,11239.0,16436,4464.0,12229.0,11426.0,8290,32222.0,33017.0,8132.0,11883.0,138341,40120,6036.0,0.0,20982.0,31142,19175.0,11500.0,7961.0,33529.0
11958,144455.0,15031,2202,29497.0,109308.0,13302.0,30675.0,64431.0,13089.0,4797.0,234119.0,25573.0,21650,12488.0,1895.0,18411.0,14438.0,7772.0,19262.0,8941.0,11146.0,16419,4436.0,12162.0,11267.0,8294,31734.0,33224.0,8149.0,11926.0,133116,39773,6066.0,0.0,21100.0,30296,19274.0,11602.0,7946.0,33085.0
11980,144426.0,14914,2211,29797.0,112623.0,13297.0,30889.0,64867.0,13219.0,4796.0,237550.0,25600.0,21439,12530.0,1917.0,18407.0,14340.0,7873.0,19277.0,8832.0,11119.0,16487,4455.0,12000.0,11386.0,8303,30780.0,33537.0,8191.0,12050.0,134594,40198,6020.0,0.0,21139.0,31000,19270.0,11710.0,8367.0,33239.0
11842,143135.0,14752,2195,29243.0,113650.0,13445.0,30787.0,65111.0,13199.0,4820.0,238903.0,25600.0,21476,12618.0,1907.0,18450.0,14092.0,7754.0,19086.0,8833.0,11237.0,16382,4517.0,11904.0,11385.0,8277,31091.0,33399.0,8125.0,12025.0,136372,40719,5932.0,0.0,21022.0,30850,19185.0,11750.0,8260.0,33540.0
12000,143361.0,14477,2202,29260.0,113625.0,13219.0,29551.0,65200.0,13445.0,5220.0,242626.0,25913.0,21865,12742.0,1969.0,18793.0,14415.0,7889.0,19300.0,8734.0,11319.0,16805,4557.0,12175.0,11475.0,8348,30201.0,33691.0,8172.0,12264.0,134500,40683,6049.0,0.0,21436.0,30100,19631.0,11879.0,8296.0,33938.0
11978,143448.0,14542,2203,29445.0,113025.0,13464.0,29682.0,65199.0,13384.0,5142.0,245000.0,26641.0,22209,12750.0,1959.0,19014.0,14335.0,7851.0,19426.0,8776.0,11542.0,16851,4461.0,12245.0,11379.0,8412,29820.0,33596.0,8250.0,12725.0,135200,40295,6063.0,0.0,21497.0,29075,19972.0,11952.0,8320.0,33560.0
12100,143767.0,14994,2211,29881.0,113100.0,13950.0,29627.0,65011.0,13643.0,5061.0,245050.0,26200.0,22122,12744.0,1975.0,19240.0,14429.0,7771.0,19174.0,8903.0,11458.0,16845,4550.0,11745.0,11385.0,8390,29757.0,33666.0,8213.0,12821.0,137789,41064,6058.0,0.0,21363.0,27927,19820.0,12109.0,8427.0,34086.0
12121,144972.0,15461,2206,29918.0,114516.0,14123.0,29883.0,65160.0,14100.0,4942.0,251051.0,26438.0,22470,12740.0,1975.0,18873.0,13950.0,7755.0,19013.0,8939.0,12125.0,16443,4610.0,11552.0,11315.0,8491,30139.0,33559.0,8327.0,12732.0,136000,42417,6002.0,0.0,20754.0,27306,19958.0,12192.0,8400.0,35109.0
12029,143547.0,15857,2173,29589.0,115500.0,14311.0,30499.0,64500.0,14010.0,4902.0,252000.0,27014.0,22355,12660.0,1941.0,18575.0,13946.0,7740.0,18962.0,9297.0,11730.0,16400,4557.0,11535.0,11389.0,8432,30472.0,34746.0,8266.0,12677.0,138357,42529,5975.0,0.0,20541.0,27315,19964.0,12097.0,8352.0,34858.0
11827,142594.0,14463,2158,28959.0,113818.0,13102.0,29602.0,64215.0,13695.0,4825.0,247066.0,26830.0,22238,12539.0,1880.0,18552.0,14069.0,7765.0,18901.0,9099.0,11487.0,16470,4499.0,11490.0,11384.0,8391,30279.0,34481.0,8236.0,12572.0,125431,41725,6012.0,0.0,20540.0,27216,20176.0,12067.0,8282.0,34282.0
11478,141300.0,14543,2137,29334.0,109991.0,13150.0,29399.0,64133.0,13520.0,4722.0,248635.0,26550.0,22135,12460.0,1851.0,18450.0,14090.0,7700.0,18861.0,9107.0,11430.0,16406,4429.0,11808.0,11240.0,8520,30761.0,34884.0,8350.0,12448.0,124686,41410,6105.0,0.0,20250.0,26704,20487.0,12048.0,8322.0,34630.0
11483,138960.0,13992,2117,29707.0,108411.0,12499.0,29493.0,64150.0,12940.0,4595.0,243000.0,25476.0,21944,12400.0,1812.0,18123.0,13965.0,7625.0,18900.0,9165.0,11160.0,16230,4309.0,12010.0,11238.0,8468,30550.0,34325.0,8282.0,12275.0,120000,40143,6039.0,0.0,20271.0,25999,20015.0,11982.0,8230.0,33578.0
11709,139200.0,13550,2117,30465.0,109050.0,12245.0,29342.0,64255.0,12906.0,4765.0,246709.0,25825.0,22124,12526.0,1800.0,18262.0,14017.0,7687.0,18959.0,9141.0,11260.0,16355,4347.0,12250.0,11308.0,8648,30737.0,34800.0,8499.0,12529.0,119227,40427,6040.0,0.0,20351.0,26450,20403.0,12080.0,8248.0,33621.0
11630,137278.0,13068,2105,30491.0,104648.0,11530.0,30702.0,63850.0,12331.0,4615.0,237746.0,25463.0,21432,12288.0,1759.0,17769.0,13700.0,7524.0,18625.0,9367.0,11023.0,15965,4211.0,12054.0,11033.0,8439,29942.0,34330.0,8250.0,12375.0,114343,38888,5945.0,0.0,19952.0,25463,19978.0,11910.0,8088.0,32609.0
11541,137000.0,13464,2069,31000.0,105287.0,11648.0,29615.0,64050.0,12241.0,4555.0,237677.0,25361.0,21250,12112.0,1763.0,17585.0,13800.0,7486.0,18298.0,9034.0,11045.0,15990,4306.0,11800.0,10900.0,8276,30015.0,34106.0,8144.0,11923.0,114454,38946,5920.0,0.0,19938.0,25470,19480.0,11750.0,8100.0,32597.0
11499,136500.0,13903,2105,31750.0,108288.0,12094.0,28736.0,63945.0,12600.0,4557.0,245179.0,25650.0,21200,12265.0,1786.0,17646.0,13900.0,7611.0,18570.0,8891.0,11066.0,16121,4353.0,11718.0,10941.0,8391,30596.0,34442.0,8223.0,12029.0,117700,39054,5947.0,0.0,20130.0,25969,19628.0,11936.0,8171.0,32665.0
11714,136992.0,14434,2120,32346.0,108200.0,12506.0,29752.0,64673.0,12599.0,4555.0,245995.0,25230.0,21234,12338.0,1778.0,17566.0,13985.0,7604.0,18555.0,9528.0,10984.0,16162,4346.0,11865.0,10899.0,8522,30826.0,34342.0,8369.0,12001.0,121674,39177,5953.0,0.0,20225.0,25650,19442.0,11845.0,8259.0,32703.0
11604,134615.0,14150,2109,32260.0,108041.0,12569.0,30378.0,65900.0,12177.0,4438.0,246072.0,24428.0,20700,12350.0,1730.0,17012.0,13744.0,7392.0,18250.0,9779.0,10969.0,15748,4376.0,11706.0,10677.0,8405,30447.0,33225.0,8275.0,11698.0,119950,39063,5780.0,0.0,19571.0,23917,19172.0,11725.0,8079.0,32572.0
11366,134489.0,14150,2074,32100.0,108513.0,12443.0,29706.0,65574.0,11881.0,4431.0,249558.0,24462.0,20733,12335.0,1700.0,17078.0,13760.0,7398.0,18200.0,9671.0,10915.0,15837,4285.0,11972.0,10329.0,8289,30324.0,32393.0,8178.0,11690.0,117597,38653,5763.0,0.0,19575.0,23450,19084.0,11753.0,8088.0,32195.0
11713,137218.0,15137,2100,32705.0,112115.0,13001.0,28994.0,65754.0,12083.0,4479.0,258825.0,24940.0,20994,12334.0,1728.0,17028.0,14164.0,7423.0,18663.0,9310.0,11131.0,16198,4447.0,12099.0,10430.0,8545,30395.0,32588.0,8413.0,11807.0,125272,39638,5863.0,0.0,19896.0,23500,19300.0,11632.0,8117.0,32602.0
12000,139020.0,15025,2071,33481.0,113450.0,12743.0,28651.0,65422.0,12314.0,4530.0,261516.0,25000.0,21566,12523.0,1772.0,17373.0,14443.0,7500.0,18856.0,9180.0,11240.0,16500,4560.0,12113.0,10454.0,8660,31600.0,32991.0,8514.0,12280.0,123432,39850,5978.0,0.0,20283.0,24550,19296.0,11984.0,8272.0,33150.0
12105,139007.0,14511,2083,33475.0,113991.0,12692.0,28750.0,66700.0,12164.0,4510.0,261950.0,25275.0,21679,12514.0,1768.0,17477.0,14739.0,7550.0,19030.0,9486.0,11325.0,16776,4587.0,12040.0,10613.0,8659,32013.0,33075.0,8529.0,12240.0,119510,39980,6075.0,0.0,20513.0,24100,19200.0,11895.0,8203.0,33000.0
11891,137529.0,14675,2078,33358.0,114307.0,12381.0,29702.0,67000.0,12015.0,4400.0,262404.0,25067.0,21545,12452.0,1748.0,17449.0,14642.0,7450.0,18789.0,10319.0,11295.0,16663,4537.0,12000.0,10561.0,8627,32184.0,32041.0,8478.0,11903.0,117955,39588,5920.0,0.0,20204.0,23400,19321.0,11903.0,8237.0,32622.0
11420,136625.0,14800,2057,33274.0,112750.0,12579.0,29467.0,66785.0,11774.0,4367.0,260559.0,25100.0,21330,12390.0,1726.0,17173.0,14500.0,7388.0,18617.0,9971.0,11356.0,16535,4450.0,11686.0,10485.0,8600,32106.0,32118.0,8425.0,11877.0,119881,39279,5904.0,0.0,20001.0,22217,19380.0,11842.0,8283.0,32078.0
11450,137198.0,15055,2040,33380.0,114444.0,12819.0,28601.0,66700.0,11907.0,4415.0,264300.0,25200.0,21358,12313.0,1713.0,16983.0,14652.0,7369.0,18568.0,9639.0,11217.0,16600,4494.0,11580.0,10510.0,8617,32505.0,32450.0,8458.0,11691.0,120287,39444,5948.0,0.0,20089.0,23044,18650.0,11912.0,8311.0,32265.0
11659,139424.0,15135,2018,33500.0,115804.0,12930.0,28387.0,66000.0,12250.0,4392.0,266260.0,25449.0,21750,12315.0,1762.0,17200.0,14851.0,7531.0,18710.0,9299.0,11399.0,16850,4615.0,11429.0,10777.0,8861,33084.0,32594.0,8702.0,11907.0,121784,41304,6078.0,0.0,20400.0,24060,18300.0,12364.0,8810.0,32996.0
11335,140537.0,15943,2022,33737.0,115665.0,13447.0,29079.0,65073.0,12465.0,4467.0,269442.0,25450.0,21650,12264.0,1775.0,17163.0,14789.0,7495.0,18603.0,9362.0,11344.0,16675,4577.0,11310.0,10711.0,8977,32190.0,32652.0,8795.0,11972.0,125500,41352,6069.0,0.0,20117.0,23751,17892.0,12300.0,8785.0,32850.0
11196,140544.0,16455,2032,34632.0,115144.0,13388.0,29633.0,65250.0,12537.0,4393.0,270750.0,25775.0,21565,12350.0,1776.0,17357.0,14679.0,7431.0,18583.0,9460.0,11263.0,16625,4568.0,11436.0,10505.0,8936,32209.0,32846.0,8758.0,11972.0,126151,40828,6130.0,0.0,20100.0,23799,17820.0,12187.0,8722.0,32543.0
10973,144000.0,16757,2029,34358.0,117000.0,14000.0,29266.0,65025.0,12666.0,4405.0,272800.0,25929.0,21512,12444.0,1785.0,17417.0,14710.0,7469.0,18710.0,9300.0,11337.0,16681,4580.0,11433.0,10475.0,8925,32385.0,31685.0,8759.0,11024.0,132999,41237,6170.0,0.0,20147.0,23050,17723.0,12247.0,8820.0,32995.0
10901,143866.0,16361,2020,34000.0,115598.0,13788.0,29856.0,65192.0,12555.0,4323.0,270625.0,25781.0,21276,12271.0,1759.0,17184.0,14575.0,7383.0,18454.0,9643.0,11100.0,16750,4477.0,11174.0,10330.0,8828,32350.0,31398.0,8689.0,10873.0,130785,40455,6175.0,0.0,20034.0,22700,17599.0,12183.0,8816.0,32854.0
10870,143847.0,17090,1994,34134.0,115866.0,14882.0,31419.0,64808.0,12650.0,4436.0,270137.0,25550.0,21026,12052.0,1740.0,17139.0,14664.0,7442.0,18384.0,10600.0,11090.0,16764,4463.0,11314.0,10390.0,8720,32337.0,31508.0,8580.0,10653.0,139569,40472,6220.0,4945.0,20142.0,22300,17649.0,12129.0,8800.0,32613.0
10614,141558.0,16500,1979,33716.0,117085.0,14662.0,31719.0,65081.0,12604.0,4240.0,270400.0,24997.0,19941,12151.0,1716.0,16585.0,14300.0,7361.0,18104.0,10671.0,11150.0,16250,4490.0,10970.0,10279.0,8723,32900.0,31510.0,8600.0,10560.0,136000,41479,6105.0,4848.0,19481.0,22615,17300.0,12120.0,8860.0,32924.0
10754,139090.0,16373,1943,34100.0,116378.0,14741.0,33800.0,65509.0,12395.0,4019.0,266461.0,24614.0,18806,12571.0,1697.0,16697.0,14000.0,7205.0,17902.0,11361.0,11054.0,15953,4375.0,11068.0,9980.0,8853,33120.0,31627.0,8735.0,10429.0,138540,41527,5955.0,4725.0,19227.0,21408,17240.0,12022.0,8739.0,32402.0
10795,134592.0,15008,1890,33449.0,110800.0,13550.0,34300.0,63576.0,11881.0,3840.0,255159.0,23700.0,18250,12150.0,1643.0,15969.0,13472.0,6938.0,17190.0,11859.0,10748.0,15100,4128.0,10590.0,9780.0,8637,31947.0,29835.0,8528.0,10082.0,126797,38050,5715.0,4198.0,18590.0,20700,16750.0,11613.0,8279.0,30584.0
10441,133682.0,15120,1863,33072.0,112214.0,13582.0,32460.0,63605.0,11885.0,3773.0,260696.0,23900.0,18125,11939.0,1630.0,15900.0,13426.0,6850.0,16950.0,11323.0,10801.0,15019,4150.0,10360.0,9482.0,8580,32070.0,30150.0,8482.0,9940.0,126391,38714,5640.0,3960.0,18288.0,20436,16648.0,11464.0,8104.0,30775.0
10783,136204.0,14400,1912,32768.0,112275.0,13065.0,32180.0,62040.0,11350.0,3966.0,259491.0,24743.0,19158,11977.0,1693.0,16861.0,14421.0,7122.0,17394.0,11044.0,10690.0,16212,4070.0,11370.0,9375.0,8561,31400.0,29601.0,8462.0,10656.0,125500,38081,5964.0,3841.0,19280.0,19506,17450.0,11780.0,8042.0,30370.0
10417,133172.0,14149,1829,33351.0,110448.0,12860.0,32468.0,63430.0,10916.0,3737.0,252000.0,24405.0,18700,11689.0,1613.0,16170.0,13699.0,6775.0,16627.0,11110.0,10400.0,15074,3952.0,11281.0,9100.0,8388,32022.0,28815.0,8332.0,10110.0,120265,36637,5697.0,3650.0,18170.0,18545,16336.0,11596.0,7839.0,29400.0
10000,129999.0,12465,1760,32237.0,105473.0,11121.0,27777.0,60789.0,11200.0,3575.0,238094.0,23550.0,18000,11400.0,1566.0,15097.0,13230.0,6498.0,16000.0,9222.0,10420.0,14850,3783.0,11212.0,9042.0,7887,30568.0,27813.0,7820.0,9630.0,104734,35336,5512.0,3147.0,17661.0,18590,16400.0,10967.0,7370.0,28090.0
10301,133356.0,12780,1768,31714.0,111750.0,11340.0,28336.0,60252.0,11306.0,3570.0,245000.0,24282.0,18129,11441.0,1595.0,15228.0,13350.0,6400.0,16070.0,9551.0,10450.0,14986,3822.0,11832.0,9282.0,7740,31184.0,28420.0,7678.0,9818.0,109471,36527,5488.0,3255.0,17500.0,18820,16515.0,11138.0,7517.0,28383.0
10650,135707.0,13123,1808,32400.0,111833.0,11567.0,30448.0,61090.0,11639.0,3743.0,245000.0,25497.0,18661,11979.0,1627.0,15614.0,13460.0,6590.0,16327.0,9970.0,10699.0,15050,3860.0,12315.0,9480.0,7977,32156.0,29400.0,7965.0,10168.0,116112,38066,5500.0,3346.0,17101.0,19283,16897.0,11501.0,7701.0,29267.0
10880,136401.0,13257,1844,32151.0,110900.0,11785.0,31783.0,62154.0,11809.0,3705.0,245000.0,25953.0,18685,12133.0,1657.0,15560.0,13501.0,6752.0,16409.0,10480.0,10411.0,15246,3830.0,12422.0,9621.0,7875,32136.0,29651.0,7792.0,10262.0,111762,37444,5622.0,3471.0,17289.0,18625,16975.0,11599.0,7757.0,28254.0
11000,134929.0,12500,1834,32200.0,114000.0,11815.0,32900.0,64517.0,11458.0,3638.0,249965.0,26172.0,18952,11975.0,1622.0,15413.0,13198.0,6680.0,16429.0,10756.0,10397.0,15264,3720.0,12299.0,9720.0,7640,32609.0,29143.0,7545.0,10300.0,110599,36808,5591.0,3472.0,16647.0,16974,17157.0,11662.0,7791.0,28286.0
10775,132500.0,14100,1802,31548.0,113204.0,13500.0,33464.0,63775.0,11260.0,3574.0,246975.0,25898.0,18529,11959.0,1557.0,15106.0,12611.0,6422.0,16072.0,11120.0,10414.0,15010,3613.0,12124.0,9646.0,7514,32640.0,28800.0,7453.0,9927.0,94764,34500,5286.0,3736.0,16117.0,15972,16998.0,11161.0,7650.0,27567.0
10650,129135.0,11984,1762,29883.0,107359.0,11436.0,32901.0,62400.0,10538.0,3387.0,236184.0,25011.0,18158,11879.0,1485.0,14409.0,12050.0,6213.0,15350.0,10858.0,10281.0,14270,3202.0,11594.0,8807.0,7020,31055.0,28152.0,6965.0,9538.0,92220,31376,5000.0,3316.0,15400.0,8535,17000.0,10762.0,6495.0,23271.0
10609,129385.0,12100,1765,30785.0,108751.0,11106.0,29778.0,60825.0,11472.0,3539.0,246595.0,24883.0,18795,11741.0,1518.0,14728.0,12002.0,6336.0,15740.0,10260.0,10353.0,14484,3292.0,11600.0,8907.0,7069,31640.0,27953.0,7000.0,10031.0,86375,32273,5226.0,3200.0,15400.0,7167,17032.0,10910.0,6390.0,24019.0
10919,129951.0,12310,1744,30618.0,107500.0,11221.0,30566.0,60859.0,11192.0,3523.0,248097.0,25110.0,18987,11386.0,1545.0,14971.0,12211.0,6398.0,15841.0,10555.0,10022.0,14103,3220.0,11499.0,8842.0,7031,30987.0,27913.0,6942.0,10200.0,90156,31197,5228.0,3062.0,15300.0,5272,17107.0,10992.0,6280.0,23620.0
9934,122518.0,9626,1570,28434.0,99449.0,8600.0,27340.0,55584.0,10405.0,3160.0,228313.0,23000.0,17358,10473.0,1435.0,13901.0,11962.0,5953.0,14806.0,8928.0,8972.0,13311,2795.0,10350.0,8073.0,6409,27548.0,24661.0,6355.0,9269.0,71886,27073,4958.0,2370.0,14500.0,3724,16012.0,10414.0,5439.0,20391.0
8700,120000.0,9927,1516,27516.0,98488.0,8904.0,26610.0,54201.0,10068.0,3155.0,222200.0,22942.0,17050,10244.0,1437.0,13940.0,11764.0,5995.0,14682.0,7950.0,9143.0,13216,2868.0,10336.0,7776.0,6499,27792.0,24967.0,6457.0,9735.0,74900,27732,4950.0,2370.0,14576.0,5078,15562.0,10197.0,5439.0,21329.0
8807,112197.0,8070,1305,24000.0,90755.0,7236.0,24257.0,51281.0,8940.0,2909.0,203059.0,21951.0,15625,9104.0,1205.0,13049.0,11060.0,5445.0,13756.0,7423.0,8419.0,11900,2625.0,10308.0,7507.0,3766,25112.0,23389.0,3661.0,8330.0,66204,25521,4472.0,2115.0,13039.0,4474,15712.0,9914.0,4769.0,20777.0
9453,110990.0,7572,1244,24352.0,94000.0,7060.0,30361.0,52392.0,8282.0,3149.0,204541.0,23946.0,16481,7872.0,1170.0,13150.0,10732.0,5846.0,13800.0,8737.0,8831.0,11947,2643.0,11713.0,8033.0,3623,26450.0,22794.0,3538.0,8400.0,62950,26061,4293.0,2229.0,12715.0,3669,17493.0,11430.0,4463.0,22579.0
9007,80000.0,5760,1116,24640.0,89162.0,5842.0,28663.0,54808.0,8238.0,3036.0,192070.0,23196.0,16016,5455.0,1144.0,12016.0,9452.0,5175.0,12975.0,8560.0,8956.0,10423,2596.0,11114.0,7952.0,3237,24608.0,19725.0,3144.0,7253.0,47799,22955,3680.0,1901.0,11161.0,3400,16776.0,11100.0,3894.0,21416.0
9520,68250.0,5756,1186,25000.0,95955.0,5599.0,25680.0,52503.0,8000.0,2731.0,204929.0,24734.0,15062,6565.0,1068.0,10374.0,7983.0,5116.0,11956.0,6813.0,8899.0,9900,2484.0,11300.0,8877.0,2711,24780.0,18447.0,2554.0,6158.0,44287,21095,3390.0,1653.0,9400.0,3020,17963.0,11700.0,3930.0,21558.0
10484,97023.0,5945,1312,26828.0,102630.0,5875.0,26370.0,53350.0,8100.0,2820.0,215500.0,24413.0,16033,7133.0,1074.0,11080.0,8435.0,5300.0,12046.0,7756.0,9718.0,10050,2534.0,10835.0,9485.0,3000,26537.0,20031.0,2850.0,6775.0,51462,23092,3696.0,1936.0,8858.0,2714,18050.0,11937.0,3566.0,23282.0
9606,92400.0,5550,1087,23878.0,104427.0,5500.0,27754.0,49800.0,7888.0,2558.0,214486.0,22953.0,14900,5782.0,997.0,10375.0,7481.0,4544.0,11030.0,8014.0,9306.0,8911,2375.0,10787.0,8890.0,2778,24800.0,19481.0,2673.0,5815.0,55650,21888,3390.0,1857.0,7525.0,2188,17735.0,11666.0,2948.0,22634.0
9190,95800.0,6686,1076,24775.0,113877.0,6325.0,31648.0,51964.0,8744.0,2687.0,233000.0,24500.0,14600,6686.0,1019.0,11815.0,7900.0,4857.0,11553.0,9119.0,9632.0,9769,2545.0,11325.0,8313.0,2800,25156.0,19500.0,2701.0,6180.0,61206,25420,3857.0,2254.0,7893.0,2426,17283.0,11416.0,3300.0,25789.0
9650,100000.0,7852,1230,25383.0,115880.0,7638.0,36210.0,50810.0,9534.0,2771.0,245298.0,25163.0,14722,7632.0,1125.0,11689.0,7600.0,5100.0,12207.0,10650.0,9675.0,10303,2656.0,12009.0,8325.0,3311,26291.0,20197.0,3205.0,6841.0,75018,27374,4010.0,2522.0,8200.0,2322,17874.0,11800.0,3621.0,26726.0
9550,103379.0,8082,1265,27600.0,119925.0,7752.0,38959.0,55278.0,9600.0,2969.0,257768.0,26023.0,14748,7850.0,1244.0,12800.0,8067.0,5507.0,12950.0,11396.0,9805.0,11114,2708.0,12299.0,8500.0,3580,27976.0,20290.0,3435.0,8060.0,72836,28039,4320.0,2677.0,9030.0,2893,18283.0,11940.0,3935.0,26346.0
9488,85000.0,7576,1148,25900.0,117227.0,7050.0,33374.0,55446.0,9616.0,2799.0,243837.0,25063.0,14110,7311.0,1185.0,11848.0,7199.0,4794.0,12354.0,9652.0,9555.0,9919,2775.0,12086.0,8285.0,3349,27942.0,20186.0,3277.0,7449.0,72843,28521,3864.0,2380.0,7956.0,3192,17902.0,11600.0,4000.0,25811.0
9000,82818.0,7559,1164,27500.0,122575.0,6740.0,33813.0,58276.0,9802.0,2708.0,250888.0,25104.0,13700,7175.0,1097.0,10979.0,6330.0,4882.0,11793.0,9988.0,9660.0,9599,2675.0,12068.0,8464.0,3263,29450.0,20500.0,3184.0,7312.0,71884,29350,3749.0,2403.0,7320.0,3150,17810.0,11413.0,4060.0,27000.0
9244,88000.0,7574,1287,28455.0,123481.0,6941.0,31911.0,59866.0,9899.0,2760.0,255371.0,25770.0,14620,7500.0,1185.0,11408.0,7500.0,5109.0,12287.0,9228.0,9679.0,10247,2736.0,12500.0,8577.0,3399,30333.0,21268.0,3294.0,7796.0,75419,30427,4027.0,2257.0,8266.0,3693,18175.0,11701.0,4839.0,27040.0
9516,87533.0,7000,1156,29200.0,119969.0,6846.0,29743.0,64336.0,10030.0,2618.0,249149.0,26512.0,14256,7467.0,1119.0,11092.0,7673.0,5200.0,12364.0,8779.0,9485.0,10272,2688.0,12533.0,8520.0,3245,28700.0,21020.0,3138.0,7700.0,75364,29552,3933.0,2063.0,8500.0,3374,18353.0,11710.0,4352.0,27175.0
9740,92006.0,7693,1189,30300.0,123277.0,7195.0,33020.0,67426.0,10998.0,2725.0,255052.0,26777.0,14307,7769.0,1076.0,11271.0,7662.0,5304.0,12599.0,9724.0,9630.0,10149,2947.0,12287.0,8650.0,3439,29073.0,21815.0,3335.0,7850.0,77502,29854,3904.0,2295.0,8562.0,4100,17960.0,11654.0,4900.0,28700.0
9710,91599.0,7800,1091,29804.0,122274.0,6924.0,34736.0,67850.0,10541.0,2683.0,254043.0,26445.0,14100,7373.0,1034.0,11207.0,7348.0,5306.0,12603.0,10091.0,9626.0,10000,2801.0,12491.0,8700.0,3303,28429.0,21698.0,3207.0,7889.0,75614,28479,3735.0,2314.0,8261.0,3970,18125.0,11975.0,4725.0,28582.0
9700,102300.0,8700,1112,29696.0,125421.0,7600.0,35760.0,67883.0,10781.0,2896.0,261826.0,26874.0,14067,7841.0,1080.0,11792.0,8300.0,5622.0,13097.0,10640.0,9990.0,10550,2937.0,12767.0,9005.0,3466,29104.0,22742.0,3356.0,8388.0,87756,29900,3870.0,2543.0,9158.0,4665,18289.0,11972.0,5170.0,29590.0
10550,108500.0,9998,1250,27352.0,126186.0,8197.0,36235.0,65900.0,11077.0,2881.0,261595.0,26408.0,14942,8408.0,1189.0,12398.0,8997.0,5686.0,13540.0,10820.0,10325.0,11412,3185.0,12263.0,8814.0,3617,29407.0,24000.0,3503.0,8600.0,90128,31801,3968.0,2976.0,10410.0,7160,17077.0,12121.0,5138.0,29617.0
10603,102470.0,9595,1235,27800.0,123800.0,7821.0,35180.0,65405.0,10735.0,2810.0,259166.0,26437.0,15037,8291.0,1161.0,12193.0,8717.0,5405.0,13150.0,10468.0,10165.0,10618,3061.0,12280.0,8770.0,3632,30100.0,24317.0,3521.0,8550.0,83361,31632,3770.0,2923.0,10125.0,6891,17028.0,12119.0,4745.0,28867.0
10910,107100.0,10370,1375,27686.0,123604.0,8191.0,38039.0,66090.0,10950.0,3026.0,258860.0,26572.0,15500,8568.0,1177.0,13662.0,9373.0,5506.0,13817.0,11288.0,10083.0,11339,3226.0,12442.0,9000.0,3805,30105.0,24816.0,3680.0,9085.0,87824,32817,4061.0,2910.0,11100.0,7449,18078.0,12340.0,5137.0,29427.0
11531,105775.0,12542,1520,28210.0,125860.0,9475.0,44980.0,67000.0,10895.0,3159.0,264034.0,27289.0,16219,9500.0,1241.0,13839.0,9693.0,5559.0,14267.0,13491.0,10581.0,11228,3334.0,12723.0,9000.0,4011,31056.0,24940.0,3866.0,9350.0,95753,33418,4123.0,3679.0,11351.0,6942,18162.0,12355.0,5184.0,30391.0
11080,96089.0,11618,1455,27360.0,127072.0,8610.0,43031.0,68011.0,10933.0,3072.0,268491.0,26287.0,15049,9300.0,1188.0,13074.0,8771.0,5231.0,13361.0,12855.0,10409.0,10754,3146.0,12274.0,8873.0,3744,29956.0,23963.0,3594.0,8915.0,93183,31746,3724.0,3458.0,10010.0,5952,18264.0,11625.0,4763.0,29184.0
11288,92550.0,10730,1408,27474.0,131620.0,8460.0,42540.0,68178.0,11000.0,3019.0,279420.0,26540.0,14350,9219.0,1179.0,13013.0,8063.0,5400.0,12962.0,12598.0,10274.0,10062,3043.0,11805.0,9003.0,3574,29699.0,23229.0,3425.0,8322.0,90000,31355,3695.0,3270.0,9300.0,5750,18205.0,11460.0,4923.0,29358.0
11150,90975.0,10800,1398,28781.0,133553.0,8635.0,41231.0,69292.0,11410.0,3021.0,277554.0,26930.0,14379,9099.0,1243.0,13100.0,8330.0,5478.0,13078.0,12028.0,10698.0,10333,3321.0,11898.0,9061.0,3693,31331.0,23217.0,3570.0,8430.0,90838,33093,3767.0,3321.0,9450.0,5760,18496.0,12065.0,5275.0,30875.0
11118,92188.0,11271,1385,28110.0,136628.0,8800.0,42117.0,69100.0,11320.0,2922.0,281531.0,26636.0,14148,8949.0,1186.0,12673.0,8151.0,5405.0,12783.0,12258.0,10674.0,9971,3318.0,11638.0,8868.0,3738,30862.0,22846.0,3635.0,8438.0,90838,32682,3693.0,3279.0,9175.0,5561,18454.0,11779.0,4343.0,30542.0
10873,90000.0,9738,1368,27203.0,134841.0,8325.0,42420.0,67646.0,10551.0,2799.0,279128.0,26500.0,14085,8717.0,1204.0,12563.0,8013.0,5382.0,12522.0,12239.0,10466.0,9669,3133.0,10929.0,8855.0,3632,30680.0,22246.0,3529.0,8219.0,82500,31150,3680.0,2950.0,9030.0,5502,18002.0,11929.0,4476.0,28909.0
10887,94303.0,10124,1300,26829.0,137728.0,8710.0,46184.0,67624.0,10231.0,2781.0,285437.0,26773.0,13879,8350.0,1216.0,12760.0,8023.0,5343.0,12425.0,13360.0,10238.0,9257,3230.0,11002.0,8917.0,3558,30567.0,21788.0,3453.0,8030.0,86499,31505,3722.0,3230.0,8759.0,5884,18452.0,12028.0,4325.0,29325.0
10851,92417.0,10871,1318,27877.0,139654.0,9232.0,49168.0,69177.0,10683.0,2840.0,291192.0,26045.0,14061,8157.0,1233.0,12818.0,8108.0,5390.0,12649.0,15694.0,10454.0,9354,3445.0,11126.0,8900.0,3727,31550.0,22202.0,3637.0,8118.0,91575,32889,3842.0,3766.0,9000.0,6640,18871.0,12200.0,4366.0,30637.0
10989,93300.0,11007,1290,28700.0,139356.0,9265.0,51828.0,69289.0,10657.0,2777.0,290400.0,22902.0,14175,7891.0,1213.0,13069.0,7922.0,5618.0,12892.0,15784.0,10187.0,9312,3450.0,11100.0,8997.0,3691,31004.0,22916.0,3603.0,8548.0,93520,32957,3943.0,3805.0,8798.0,6700,18950.0,12422.0,4275.0,30321.0
11083,88150.0,10136,1340,29454.0,139188.0,8875.0,47010.0,72334.0,10162.0,3033.0,295000.0,23064.0,14658,7764.0,1263.0,13514.0,8450.0,5741.0,13063.0,14448.0,10557.0,9329,3351.0,10975.0,8854.0,3850,32617.0,22571.0,3779.0,9105.0,89656,33339,3987.0,3619.0,9740.0,7725,18628.0,12645.0,4825.0,30694.0
11082,96699.0,11396,1359,29585.0,135508.0,9736.0,46477.0,71246.0,10924.0,3179.0,292300.0,24159.0,15411,8000.0,1335.0,13301.0,8659.0,5988.0,13749.0,14159.0,10582.0,10108,3523.0,10957.0,8754.0,3966,32911.0,23939.0,3923.0,9547.0,98200,34681,4033.0,3796.0,10234.0,8500,18169.0,12587.0,4720.0,31743.0
11564,90200.0,11220,1393,29661.0,137625.0,9245.0,46470.0,70803.0,10781.0,3049.0,289886.0,23071.0,15055,7990.0,1342.0,13200.0,9130.0,5928.0,13700.0,14182.0,10418.0,10213,3415.0,10713.0,8723.0,3839,32986.0,24165.0,3778.0,9700.0,97653,32910,4047.0,3776.0,10721.0,8726,17688.0,12322.0,4861.0,31045.0
11979,85611.0,10600,1335,28926.0,137134.0,8890.0,47783.0,68464.0,10669.0,2995.0,286893.0,22345.0,14535,7914.0,1271.0,13130.0,8397.0,5700.0,13218.0,15013.0,10148.0,9542,3224.0,10578.0,8500.0,3678,31696.0,24040.0,3615.0,9378.0,96127,31676,3894.0,3740.0,9901.0,8185,17540.0,12186.0,4645.0,29950.0
12601,88672.0,10299,1324,29554.0,137731.0,8505.0,45509.0,68273.0,10823.0,2837.0,286600.0,22238.0,14623,8133.0,1265.0,13000.0,8629.0,5742.0,13900.0,14210.0,10068.0,9945,3275.0,10644.0,8653.0,3753,30579.0,23900.0,3668.0,9441.0,96268,31479,4006.0,3564.0,9926.0,8072,18084.0,12342.0,5105.0,29977.0
12958,86171.0,10543,1317,29542.0,140852.0,8616.0,47617.0,69573.0,10600.0,2799.0,292446.0,22574.0,14568,8108.0,1276.0,13030.0,8463.0,5719.0,13988.0,14695.0,10293.0,9555,3391.0,10720.0,8517.0,3633,31344.0,24000.0,3561.0,9489.0,101785,32109,3940.0,3545.0,9639.0,8438,18404.0,12174.0,4957.0,31177.0
13337,86538.0,10500,1349,29650.0,140900.0,8613.0,46775.0,67800.0,10850.0,2860.0,290786.0,22767.0,14612,8375.0,1305.0,12905.0,8487.0,5668.0,14180.0,14551.0,10356.0,9615,3408.0,10945.0,8645.0,3673,30924.0,24100.0,3599.0,9622.0,100525,33443,3972.0,3475.0,9738.0,8490,18200.0,12154.0,4960.0,31530.0
12970,87853.0,10833,1366,30386.0,145476.0,8830.0,48764.0,68896.0,11265.0,2931.0,298000.0,22817.0,14485,8378.0,1339.0,13353.0,8400.0,5945.0,14327.0,15223.0,10557.0,9829,3398.0,10949.0,8538.0,3623,32083.0,24012.0,3569.0,9772.0,97670,34620,4060.0,3570.0,9728.0,8289,18535.0,12346.0,4950.0,32035.0
12869,81500.0,10062,1326,29937.0,151565.0,8090.0,47146.0,68811.0,10527.0,2960.0,306140.0,23176.0,14548,8286.0,1315.0,13129.0,8126.0,5843.0,13988.0,14763.0,10523.0,9279,3319.0,11142.0,8600.0,3400,30721.0,24000.0,3376.0,9631.0,92443,32078,3841.0,3405.0,9151.0,7971,18483.0,12769.0,4997.0,30602.0
12773,85000.0,10854,1336,29578.0,154041.0,8941.0,48085.0,70796.0,10304.0,2900.0,309966.0,22486.0,14400,8250.0,1289.0,12966.0,8033.0,5629.0,13518.0,15104.0,10496.0,9075,3318.0,10454.0,8500.0,3416,30419.0,22799.0,3382.0,9425.0,96725,32157,3737.0,3640.0,8958.0,7903,17515.0,12875.0,5064.0,30500.0
12843,82993.0,10495,1296,29120.0,164703.0,8502.0,46755.0,69600.0,10510.0,2807.0,322016.0,22353.0,14123,8259.0,1245.0,12200.0,7898.0,5750.0,13303.0,15130.0,10093.0,8917,3150.0,10395.0,8500.0,3374,29650.0,22200.0,3333.0,9263.0,95858,31178,3579.0,3474.0,8599.0,7477,17505.0,13063.0,4970.0,30490.0
12930,79368.0,10038,1232,28633.0,161400.0,8201.0,48795.0,67742.0,10134.0,2775.0,314565.0,22000.0,13820,8000.0,1198.0,11763.0,7443.0,5280.0,12720.0,15496.0,9933.0,8441,3093.0,10100.0,8308.0,3327,28882.0,21980.0,3249.0,8821.0,93555,30667,3422.0,3348.0,8069.0,7387,16830.0,13002.0,4482.0,30475.0
13578,81072.0,11027,1220,28698.0,156609.0,8790.0,50522.0,68431.0,10371.0,2858.0,307310.0,22200.0,13800,7925.0,1180.0,11916.0,7699.0,5159.0,12695.0,15675.0,9806.0,8782,3197.0,10096.0,8500.0,3452,29034.0,21654.0,3372.0,8777.0,100989,32409,3463.0,3575.0,8433.0,7740,16400.0,12878.0,4775.0,32079.0
13499,83484.0,12070,1299,28730.0,157300.0,9850.0,50195.0,69303.0,10974.0,3033.0,311000.0,22350.0,14023,8405.0,1207.0,12200.0,7787.0,5338.0,13173.0,15500.0,10175.0,8980,3404.0,10145.0,8690.0,3588,30567.0,22600.0,3520.0,9261.0,110350,35745,3539.0,3890.0,8713.0,8537,16300.0,13257.0,5149.0,34518.0
13771,86545.0,12655,1313,28700.0,160916.0,10270.0,50760.0,67849.0,11172.0,2980.0,313762.0,23047.0,14609,8570.0,1276.0,12341.0,7756.0,5629.0,13394.0,15659.0,10161.0,9025,3443.0,10147.0,8702.0,3610,30306.0,22484.0,3559.0,9827.0,114230,35961,3594.0,3968.0,8938.0,8286,16727.0,13089.0,5680.0,34480.0
13841,89068.0,12399,1269,28600.0,163924.0,10234.0,48388.0,67531.0,11315.0,3015.0,321356.0,22600.0,14778,8490.0,1287.0,11900.0,7663.0,5848.0,13690.0,15062.0,10161.0,8931,3399.0,10314.0,8740.0,3642,30619.0,23159.0,3572.0,9910.0,114636,36112,3560.0,4010.0,8680.0,8493,16826.0,13146.0,5500.0,34504.0
13576,90050.0,11916,1290,28500.0,156474.0,9936.0,44512.0,67378.0,11077.0,3050.0,310000.0,22542.0,14850,8595.0,1289.0,12748.0,7879.0,5849.0,13841.0,14013.0,9872.0,9171,3268.0,10412.0,8529.0,3387,29959.0,23112.0,3300.0,10133.0,113500,34833,3700.0,3670.0,9013.0,8416,17890.0,13126.0,5390.0,33605.0
13448,86000.0,11337,1263,27354.0,150523.0,9704.0,45781.0,67370.0,10885.0,2930.0,306209.0,22242.0,14686,8608.0,1228.0,12285.0,7994.0,5735.0,13125.0,14288.0,9469.0,9170,3194.0,10198.0,8474.0,3190,30287.0,22900.0,3158.0,9792.0,108750,33876,3776.0,3496.0,8833.0,7711,17910.0,12977.0,5185.0,33307.0
13667,84412.0,11450,1244,26850.0,149407.0,10021.0,43796.0,67959.0,11475.0,2860.0,303000.0,22200.0,14650,8624.0,1196.0,12184.0,7786.0,5544.0,13002.0,13972.0,9730.0,9022,3220.0,10055.0,8500.0,3100,30766.0,22722.0,3101.0,9475.0,112040,34284,3747.0,3425.0,8660.0,7571,17548.0,12657.0,5068.0,33987.0
13766,90566.0,11165,1284,27217.0,148718.0,9982.0,42360.0,68097.0,11600.0,2989.0,302543.0,22664.0,15166,8659.0,1264.0,12939.0,8252.0,5887.0,13622.0,13250.0,9947.0,9847,3273.0,10300.0,8559.0,3166,31781.0,23500.0,3217.0,9893.0,110198,34690,3980.0,3308.0,9371.0,8154,17813.0,12888.0,5209.0,33368.0
13403,89012.0,10907,1277,27680.0,142352.0,9887.0,41069.0,69410.0,11877.0,2914.0,295900.0,22608.0,15275,8811.0,1300.0,12954.0,8144.0,5885.0,13701.0,12810.0,9954.0,9768,3332.0,10471.0,8648.0,3390,32192.0,24415.0,3450.0,9961.0,109730,35523,3969.0,3187.0,9250.0,8440,17598.0,13020.0,5514.0,33383.0
14063,89028.0,12085,1261,27700.0,142751.0,11171.0,42311.0,70312.0,12169.0,3074.0,292007.0,23468.0,15737,8993.0,1233.0,13091.0,8397.0,5970.0,13858.0,13409.0,10316.0,10207,3408.0,10575.0,8855.0,3422,33189.0,24966.0,3513.0,10050.0,115944,36588,4075.0,3315.0,10067.0,8850,17443.0,13108.0,5483.0,34252.0
13968,84577.0,11708,1248,27500.0,142455.0,10962.0,42450.0,69340.0,12393.0,2892.0,278829.0,23276.0,15185,8950.0,1123.0,13000.0,8120.0,5657.0,13896.0,13710.0,10213.0,10161,3270.0,10347.0,8651.0,3041,32790.0,24630.0,3125.0,9825.0,110995,36555,4013.0,3237.0,9878.0,9050,17519.0,12623.0,5390.0,34406.0
14075,87123.0,12022,1216,28716.0,146746.0,10940.0,42600.0,69658.0,12303.0,2875.0,285000.0,22854.0,14300,8775.0,1107.0,12838.0,7951.0,5667.0,13761.0,13578.0,10311.0,9650,3380.0,10334.0,8700.0,3031,33020.0,24564.0,3179.0,9813.0,110662,36801,4031.0,3348.0,9724.0,10100,17633.0,12750.0,5400.0,34632.0
14431,90383.0,12850,1353,30242.0,146500.0,11303.0,44213.0,69116.0,12836.0,3142.0,291500.0,23102.0,14709,9380.0,1194.0,13404.0,8572.0,5873.0,14364.0,13891.0,10508.0,10126,3502.0,10845.0,8999.0,3297,33062.0,25048.0,3375.0,9969.0,117171,37700,4143.0,3599.0,10400.0,11750,17978.0,12742.0,5642.0,35502.0
14827,95511.0,12570,1445,30923.0,144607.0,11229.0,41500.0,69350.0,13019.0,3459.0,293490.0,24512.0,15940,9619.0,1316.0,14200.0,9671.0,6280.0,11080.0,12695.0,10766.0,11383,3593.0,11669.0,9250.0,3589,33634.0,26120.0,3709.0,10864.0,113008,38349,4501.0,3380.0,11622.0,12475,18648.0,13189.0,5781.0,35707.0
14550,96632.0,12487,1487,30084.0,141867.0,10999.0,41691.0,68290.0,12829.0,3480.0,287500.0,23654.0,15591,9600.0,1299.0,14290.0,9663.0,6226.0,11256.0,12585.0,10753.0,11272,3609.0,11640.0,9350.0,3590,33728.0,25705.0,3717.0,10827.0,113600,37892,4380.0,3520.0,11550.0,12845,18558.0,12883.0,5732.0,35509.0
15027,105706.0,12900,1490,31059.0,143816.0,11595.0,38637.0,68400.0,13500.0,3512.0,292320.0,23443.0,16857,9820.0,1320.0,14979.0,10200.0,6213.0,11710.0,12000.0,11405.0,11973,3850.0,11441.0,9594.0,3901,33475.0,26371.0,4033.0,11102.0,114263,39649,4623.0,3439.0,12610.0,15000,18929.0,13080.0,5820.0,36792.0
14892,102080.0,12983,1573,31592.0,140884.0,11944.0,39815.0,66589.0,13799.0,3459.0,291000.0,23075.0,16665,9660.0,1253.0,14558.0,9915.0,6075.0,11435.0,12380.0,11448.0,11572,3892.0,11264.0,9160.0,3777,33235.0,26701.0,3926.0,11164.0,115673,39608,4516.0,3680.0,12588.0,17205,18688.0,12837.0,5800.0,36797.0
14520,99000.0,13411,1545,30600.0,142708.0,11783.0,41318.0,63800.0,13900.0,3439.0,289100.0,22700.0,16452,9590.0,1264.0,14810.0,9876.0,6172.0,11502.0,12905.0,11441.0,11585,3747.0,11000.0,9460.0,3801,31906.0,26812.0,3870.0,11515.0,116520,39518,4525.0,3740.0,12174.0,17145,18689.0,12927.0,5789.0,36276.0
14515,93726.0,12000,1496,30420.0,146859.0,10541.0,39711.0,65906.0,13650.0,3408.0,292634.0,22577.0,15397,9270.0,1240.0,14456.0,9732.0,5974.0,11350.0,12610.0,11231.0,11026,3767.0,10837.0,10262.0,3717,31684.0,26150.0,3790.0,11050.0,109220,39229,4433.0,3500.0,11432.0,13989,18363.0,12655.0,5514.0,36136.0
13893,90608.0,11848,1457,29850.0,150100.0,10872.0,44193.0,65000.0,13611.0,3346.0,294420.0,22639.0,15004,8800.0,1238.0,14278.0,9475.0,5902.0,11013.0,13847.0,10925.0,10873,3641.0,10600.0,10374.0,3569,31047.0,26025.0,3621.0,10761.0,114300,38265,4365.0,3564.0,11038.0,13500,18008.0,12771.0,5080.0,35562.0
14070,91780.0,12043,1493,30000.0,148452.0,10844.0,42774.0,64738.0,13718.0,3354.0,298000.0,22250.0,14996,8637.0,1274.0,14390.0,9601.0,6000.0,11000.0,13257.0,11047.0,11115,3710.0,10662.0,10336.0,3573,30973.0,26350.0,3621.0,10850.0,115000,39068,4367.0,3495.0,11522.0,13995,17762.0,12818.0,5253.0,35890.0
14000,89085.0,11417,1456,28900.0,145797.0,10451.0,40919.0,64454.0,13650.0,3201.0,287606.0,22083.0,14816,8628.0,1236.0,13773.0,9410.0,5933.0,10713.0,12735.0,10832.0,10678,3600.0,10457.0,10170.0,3406,30857.0,26150.0,3509.0,10543.0,110000,38000,4225.0,3268.0,11065.0,13982,17120.0,12737.0,5341.0,34773.0
15300,91200.0,11650,1477,30300.0,153000.0,10556.0,42331.0,67528.0,14344.0,3327.0,306888.0,22785.0,14764,8950.0,1270.0,14210.0,9575.0,6173.0,10918.0,13325.0,10759.0,11119,3733.0,10638.0,10420.0,3550,32574.0,28000.0,3621.0,10992.0,112488,39200,4288.0,3272.0,11498.0,14357,17500.0,12796.0,5687.0,35614.0
14900,89854.0,11490,1477,30231.0,156699.0,10551.0,42180.0,67749.0,13877.0,3303.0,311074.0,22166.0,14169,8990.0,1245.0,14200.0,9402.0,5853.0,10808.0,13290.0,10955.0,10738,3695.0,10600.0,10550.0,3516,33015.0,28235.0,3584.0,10792.0,115272,38835,4121.0,3360.0,11228.0,14285,17343.0,12575.0,5610.0,35151.0
14301,90638.0,11807,1471,30000.0,154705.0,11071.0,45238.0,67068.0,14146.0,3430.0,305000.0,22903.0,14500,9216.0,1235.0,14532.0,9438.0,6102.0,10837.0,14377.0,11215.0,10709,3781.0,11000.0,10850.0,3626,33035.0,29280.0,3660.0,11100.0,117169,39347,4067.0,3489.0,11373.0,14600,17558.0,12809.0,5600.0,34669.0
14897,88549.0,11566,1458,29463.0,158688.0,10870.0,46956.0,67766.0,13667.0,3385.0,313500.0,22139.0,14257,9200.0,1179.0,14161.0,9220.0,5982.0,10600.0,14833.0,10942.0,10520,3536.0,10992.0,10702.0,3497,33198.0,28600.0,3529.0,10880.0,115637,39201,3860.0,3620.0,11000.0,14011,17595.0,12961.0,5559.0,34857.0
15405,88007.0,12200,1414,29152.0,164094.0,11668.0,49794.0,68327.0,13801.0,3390.0,323750.0,22102.0,14233,9189.0,1191.0,14230.0,9078.0,5995.0,10458.0,15786.0,11356.0,10523,3694.0,10914.0,10692.0,3600,33452.0,28718.0,3595.0,10761.0,126465,40386,3825.0,3850.0,10934.0,14757,17410.0,12927.0,5601.0,36000.0
14663,85741.0,11450,1405,28606.0,159207.0,10973.0,49724.0,66123.0,13153.0,3361.0,316751.0,21804.0,14900,8755.0,1165.0,14572.0,8824.0,5882.0,10321.0,15571.0,11235.0,10371,3611.0,10783.0,10671.0,3392,32672.0,28666.0,3430.0,10612.0,121200,39618,3959.0,3600.0,10612.0,14000,17500.0,12351.0,5390.0,35274.0
14184,90180.0,11667,1416,29029.0,155548.0,11300.0,48830.0,65815.0,13459.0,3270.0,311485.0,20576.0,14503,8855.0,1178.0,14534.0,8986.0,5849.0,10122.0,15336.0,10936.0,10496,3585.0,10602.0,10614.0,3520,31650.0,28323.0,3529.0,10502.0,123201,39750,3895.0,3569.0,10796.0,13796,17254.0,12114.0,5562.0,35234.0
14436,85075.0,11400,1386,29227.0,155136.0,11240.0,48718.0,66560.0,13120.0,3276.0,310347.0,20916.0,14400,8816.0,1171.0,14289.0,8626.0,5842.0,10053.0,15364.0,10981.0,10343,3571.0,10724.0,10623.0,3353,32025.0,28369.0,3364.0,10496.0,121700,39483,3746.0,3518.0,10337.0,13250,17376.0,12514.0,5503.0,35079.0
14498,87181.0,11846,1399,29835.0,155869.0,11780.0,49152.0,66567.0,13187.0,3358.0,311348.0,21031.0,14543,8920.0,1211.0,14485.0,8862.0,5947.0,10180.0,15730.0,11060.0,10600,3611.0,10722.0,10665.0,3471,32271.0,28577.0,3467.0,10689.0,125948,39788,3720.0,3700.0,10551.0,13696,17490.0,12500.0,5518.0,35153.0
14351,85870.0,11600,1335,30457.0,160865.0,11620.0,50559.0,66963.0,13044.0,3310.0,316311.0,21036.0,14204,8876.0,1204.0,14300.0,8530.0,5894.0,9990.0,16222.0,11038.0,10450,3646.0,10665.0,10627.0,3453,32434.0,28350.0,3460.0,10455.0,125408,40132,3806.0,3770.0,10155.0,13220,17160.0,12295.0,5283.0,35551.0
14542,85949.0,11204,1371,30694.0,159258.0,11120.0,49329.0,66367.0,12673.0,3381.0,315851.0,21383.0,14163,8991.0,1219.0,14352.0,8264.0,5900.0,9895.0,15858.0,10832.0,10130,3592.0,10667.0,10730.0,3345,31890.0,28360.0,3390.0,10355.0,121712,38800,3850.0,3675.0,10181.0,13000,17574.0,12186.0,5296.0,34769.0
14594,86518.0,11649,1459,30118.0,159500.0,11544.0,50524.0,65900.0,12873.0,3424.0,319002.0,21646.0,14906,9411.0,1275.0,14151.0,8486.0,5996.0,10082.0,16229.0,10991.0,10519,3652.0,10796.0,10860.0,3390,31332.0,28608.0,3380.0,10550.0,123876,39574,3881.0,3750.0,10509.0,13244,17708.0,12406.0,5725.0,35166.0
14407,84944.0,11476,1475,30561.0,161151.0,11671.0,49635.0,65306.0,12835.0,3445.0,320605.0,21987.0,14700,9425.0,1261.0,14300.0,8390.0,6002.0,10054.0,16075.0,11118.0,10425,3604.0,10750.0,10859.0,3379,31700.0,28576.0,3381.0,10480.0,121610,38700,3813.0,3750.0,10486.0,13571,17666.0,12665.0,5827.0,34622.0
14488,78628.0,11989,1455,31045.0,161851.0,12000.0,50139.0,66037.0,13668.0,3383.0,318000.0,20861.0,14490,9321.0,1261.0,13927.0,8380.0,6079.0,10024.0,16165.0,11275.0,10327,3692.0,10650.0,10910.0,3571,32133.0,28569.0,3573.0,10047.0,126000,39375,3851.0,3943.0,10438.0,14110,17554.0,12707.0,5909.0,35249.0
14900,79800.0,12465,1460,32067.0,162346.0,12352.0,52400.0,66163.0,13612.0,3394.0,319200.0,21101.0,14375,9379.0,1262.0,14059.0,8157.0,6027.0,9900.0,16938.0,11530.0,10222,3764.0,10754.0,10948.0,3539,31816.0,28241.0,3600.0,10150.0,133000,39659,3806.0,3922.0,10236.0,14125,17462.0,12721.0,5730.0,35691.0
14922,82017.0,13657,1409,30154.0,167743.0,13000.0,53905.0,64275.0,13383.0,3390.0,327503.0,21100.0,14387,9320.0,1286.0,13880.0,8394.0,6080.0,9699.0,17310.0,11338.0,10870,3726.0,10650.0,10700.0,3549,31255.0,28636.0,3596.0,10150.0,136798,39991,3961.0,4128.0,10749.0,13729,17720.0,12654.0,5754.0,35950.0
14406,82000.0,13972,1417,29917.0,169863.0,12902.0,53100.0,62230.0,13318.0,3316.0,331876.0,20957.0,14282,9411.0,1276.0,13815.0,8387.0,6147.0,9590.0,17559.0,11170.0,11048,3715.0,10549.0,10766.0,3495,30886.0,28195.0,3532.0,10426.0,134851,40250,3990.0,4126.0,11253.0,13768,17501.0,12339.0,5779.0,35492.0
14188,82568.0,13843,1410,29437.0,163724.0,12932.0,52564.0,61289.0,12944.0,3325.0,323990.0,20269.0,14200,9213.0,1263.0,13627.0,8600.0,6152.0,9391.0,17732.0,11175.0,11239,3749.0,10600.0,10602.0,3575,30664.0,27811.0,3646.0,10441.0,133000,40774,4147.0,4005.0,11930.0,13344,17450.0,12231.0,5629.0,35399.0
14642,83712.0,13737,1472,29616.0,165800.0,12895.0,52696.0,61168.0,13436.0,3372.0,326000.0,20669.0,14997,9300.0,1286.0,13600.0,8916.0,6324.0,9380.0,17922.0,11193.0,11469,3767.0,10600.0,10930.0,3590,30893.0,28410.0,3651.0,11150.0,136008,41539,4232.0,4158.0,12207.0,13901,17539.0,12507.0,5972.0,36093.0
14255,84976.0,14001,1456,30000.0,161994.0,12878.0,52523.0,60980.0,13433.0,3300.0,315400.0,20848.0,14900,9250.0,1259.0,13324.0,8744.0,6283.0,9400.0,18266.0,11196.0,11083,3740.0,10536.0,10800.0,3499,30784.0,28351.0,3547.0,11250.0,137033,41062,4100.0,4108.0,11865.0,13948,17370.0,12504.0,5900.0,35999.0
14391,85252.0,14617,1442,29786.0,164000.0,12947.0,51658.0,60541.0,13283.0,3334.0,319814.0,21220.0,14645,9292.0,1247.0,13359.0,8908.0,6253.0,9404.0,18281.0,11316.0,11119,3862.0,10450.0,10807.0,3618,31099.0,28067.0,3636.0,11118.0,135618,41044,4092.0,4150.0,11910.0,14150,17370.0,12261.0,5790.0,36831.0
14590,86103.0,14300,1448,29771.0,160776.0,13154.0,53180.0,59212.0,13564.0,3367.0,313051.0,21595.0,14539,9344.0,1275.0,13160.0,9155.0,6334.0,9531.0,18670.0,10793.0,11496,3820.0,10529.0,11001.0,3649,31085.0,28540.0,3700.0,11232.0,134675,40583,4194.0,4171.0,12170.0,14526,17465.0,12373.0,6165.0,36853.0
14465,86100.0,14217,1428,29774.0,160607.0,13536.0,53513.0,58443.0,13537.0,3298.0,313520.0,21266.0,14205,9300.0,1241.0,12821.0,9054.0,6315.0,9365.0,19191.0,10806.0,11366,3846.0,10523.0,10842.0,3602,31612.0,28065.0,3637.0,11184.0,135970,40796,4131.0,4157.0,11905.0,14971,17450.0,12509.0,6385.0,37552.0
14243,86412.0,14801,1424,29207.0,162104.0,13619.0,55641.0,56883.0,13287.0,3257.0,315310.0,21577.0,14301,9246.0,1238.0,13068.0,9079.0,6234.0,9113.0,19840.0,10839.0,11401,3861.0,10363.0,10744.0,3592,31814.0,28038.0,3615.0,11144.0,137694,41038,4215.0,4325.0,11829.0,15000,17207.0,12464.0,6433.0,37837.0
13840,89023.0,14552,1405,30005.0,166890.0,13426.0,54019.0,57126.0,13644.0,3307.0,328566.0,21759.0,14400,9228.0,1266.0,13079.0,9132.0,6355.0,9155.0,19552.0,10681.0,11488,3830.0,10284.0,10822.0,3541,31464.0,28367.0,3550.0,11332.0,133716,40744,4174.0,4375.0,12051.0,14959,17200.0,12377.0,6304.0,36831.0
14078,90285.0,14755,1376,30853.0,161571.0,13283.0,53850.0,56164.0,13750.0,3198.0,320000.0,21525.0,14090,9194.0,1276.0,13150.0,9050.0,6380.0,9400.0,20228.0,10568.0,11429,3740.0,10117.0,10900.0,3466,31242.0,28143.0,3487.0,11400.0,138255,40400,4050.0,4395.0,11805.0,14200,16900.0,12818.0,6131.0,36313.0
13726,89270.0,15380,1360,31238.0,163654.0,13989.0,55979.0,57166.0,13800.0,3120.0,322100.0,21580.0,13879,9105.0,1222.0,12923.0,8619.0,6188.0,9250.0,20577.0,10691.0,10975,3855.0,10090.0,10626.0,3452,31048.0,27816.0,3486.0,11065.0,144456,41285,3975.0,4630.0,11600.0,13950,16683.0,12601.0,5997.0,36615.0
13809,86932.0,15500,1354,31976.0,158301.0,13900.0,57738.0,57563.0,13692.0,3067.0,307950.0,21690.0,13770,9152.0,1226.0,12629.0,8493.0,6130.0,9190.0,21000.0,10682.0,10900,3891.0,10048.0,10700.0,3490,30915.0,27854.0,3505.0,10894.0,143316,41404,3900.0,4691.0,11300.0,13773,16541.0,12829.0,6640.0,36629.0
14300,89865.0,15986,1335,32178.0,159000.0,14900.0,62835.0,56850.0,13705.0,3054.0,308000.0,21996.0,13758,9044.0,1214.0,12735.0,8444.0,6202.0,9240.0,23049.0,10668.0,11049,3950.0,10028.0,10711.0,3392,30471.0,27998.0,3393.0,11000.0,145403,42051,4000.0,5140.0,11283.0,13393,16458.0,12986.0,6437.0,37100.0
14144,95858.0,16188,1341,32459.0,160711.0,14400.0,62430.0,58600.0,13618.0,3129.0,311590.0,22116.0,13790,9125.0,1239.0,12920.0,8481.0,6389.0,9391.0,22798.0,10447.0,11281,3907.0,10106.0,10621.0,3403,30453.0,28186.0,3431.0,11262.0,142026,42253,4050.0,5187.0,11373.0,13400,16433.0,12942.0,6269.0,36759.0
13586,99682.0,15497,1372,32764.0,162500.0,13708.0,60285.0,57837.0,13499.0,3252.0,314367.0,22736.0,14089,9273.0,1188.0,12780.0,8734.0,6505.0,9529.0,22537.0,10510.0,11855,3900.0,10390.0,10700.0,3487,31127.0,28764.0,3518.0,11351.0,133293,42162,4145.0,4950.0,11494.0,14559,16900.0,13040.0,6433.0,36803.0
13450,94548.0,14689,1382,32356.0,162000.0,13242.0,58600.0,58500.0,13528.0,3182.0,312126.0,22673.0,13739,9249.0,1117.0,12400.0,8215.0,6191.0,9343.0,22240.0,10593.0,11379,3869.0,10355.0,10703.0,3352,30616.0,28342.0,3403.0,11176.0,130656,41129,4022.0,4833.0,10925.0,13850,16770.0,12965.0,6063.0,36600.0
13244,88412.0,15088,1329,32391.0,164907.0,13403.0,55473.0,57625.0,13435.0,3173.0,314739.0,22827.0,13192,8899.0,1147.0,12669.0,7928.0,6081.0,9243.0,22254.0,10654.0,10861,3918.0,10457.0,10555.0,3324,30771.0,28070.0,3370.0,11083.0,130412,41815,3882.0,4820.0,10498.0,13624,16500.0,12843.0,5914.0,36986.0
13076,82975.0,15367,1330,32342.0,169429.0,13421.0,54663.0,57001.0,13307.0,3101.0,318681.0,22970.0,12724,8520.0,1138.0,12478.0,7568.0,5901.0,8843.0,22166.0,10629.0,10309,4059.0,11343.0,10582.0,3289,31504.0,27238.0,3347.0,10817.0,128385,42652,3690.0,4870.0,9921.0,14226,16605.0,12812.0,5669.0,38275.0
13144,82635.0,15600,1330,32428.0,169005.0,13675.0,55778.0,57924.0,13237.0,3102.0,317400.0,22624.0,13511,8750.0,1167.0,12393.0,7683.0,5880.0,8935.0,22848.0,10803.0,10406,4153.0,11306.0,10614.0,3348,32485.0,27094.0,3423.0,10906.0,129238,42684,3687.0,4975.0,10292.0,14700,16500.0,12762.0,5745.0,38600.0
13180,84742.0,16505,1330,31457.0,173322.0,14168.0,57775.0,57950.0,13850.0,3275.0,325000.0,22669.0,14157,8891.0,1177.0,12597.0,7800.0,5848.0,9049.0,24625.0,10846.0,10490,4351.0,11250.0,10575.0,3310,31982.0,27288.0,3382.0,11043.0,135538,44265,3712.0,5385.0,10439.0,15200,16315.0,12713.0,6013.0,40338.0
13300,84081.0,16254,1315,30970.0,174284.0,14150.0,56263.0,58363.0,13790.0,3307.0,322301.0,22920.0,13975,8910.0,1168.0,12501.0,7573.0,5840.0,9050.0,24883.0,10975.0,10390,4173.0,11391.0,10499.0,3332,33850.0,27690.0,3414.0,10966.0,134152,44370,3740.0,5262.0,10367.0,15067,16695.0,12932.0,5929.0,40909.0
13358,83333.0,16154,1314,31083.0,167634.0,14300.0,54014.0,57462.0,13870.0,3337.0,308839.0,22412.0,13989,8848.0,1198.0,12588.0,7613.0,5818.0,9050.0,23551.0,11040.0,10318,4001.0,11456.0,10557.0,3256,34048.0,28554.0,3296.0,11095.0,130763,43261,3773.0,5087.0,10446.0,15164,16661.0,12965.0,5884.0,40547.0
13464,86724.0,15847,1365,31355.0,165000.0,14075.0,49750.0,59831.0,13972.0,3446.0,307289.0,22859.0,14200,9101.0,1279.0,13000.0,7888.0,5944.0,9162.0,21139.0,11403.0,10639,4065.0,12029.0,10536.0,3435,34972.0,28539.0,3486.0,11738.0,127379,43846,3875.0,4914.0,10856.0,15837,16870.0,13208.0,6215.0,41536.0
13478,86043.0,16750,1361,31382.0,169610.0,14935.0,49060.0,59713.0,13990.0,3437.0,311883.0,23999.0,14378,8900.0,1276.0,12799.0,7814.0,5895.0,9179.0,21209.0,11369.0,10457,4076.0,11849.0,10448.0,3418,34851.0,28266.0,3479.0,11763.0,128460,44122,3857.0,4838.0,10682.0,15424,16869.0,13540.0,6355.0,41823.0
13687,89265.0,17029,1392,31507.0,165412.0,15426.0,50075.0,59211.0,13615.0,3425.0,304700.0,24539.0,14394,8974.0,1281.0,12765.0,7754.0,6019.0,9142.0,21563.0,11533.0,10710,4018.0,11783.0,10559.0,3440,35141.0,28613.0,3470.0,11926.0,130641,43575,3830.0,4975.0,10754.0,15816,17055.0,13620.0,6655.0,41577.0
13500,88082.0,17047,1373,31234.0,163231.0,15400.0,49555.0,57625.0,14018.0,3387.0,300840.0,24850.0,14229,9015.0,1294.0,12355.0,7650.0,6015.0,9119.0,21393.0,11444.0,10623,3903.0,11921.0,10470.0,3370,34785.0,28494.0,3397.0,11994.0,134119,42952,3799.0,5462.0,10343.0,14652,17161.0,13558.0,6903.0,41439.0
13515,84726.0,17280,1358,31250.0,164713.0,15530.0,52100.0,58914.0,14090.0,3325.0,303000.0,24739.0,14000,8821.0,1244.0,12025.0,7557.0,5915.0,9000.0,22330.0,11552.0,10379,3966.0,11854.0,10385.0,3287,35558.0,27857.0,3328.0,11915.0,134213,44156,3721.0,5559.0,10232.0,13889,17050.0,13507.0,6661.0,42202.0
13213,87037.0,16833,1361,31363.0,161029.0,15500.0,51295.0,58600.0,14171.0,3382.0,301000.0,24851.0,14300,8500.0,1274.0,12697.0,7787.0,6127.0,9097.0,22258.0,11420.0,10688,3925.0,12093.0,10414.0,3248,35152.0,27745.0,3271.0,12247.0,130075,43657,3815.0,5435.0,10501.0,13195,17311.0,13731.0,6650.0,41037.0
13265,87000.0,16731,1301,30850.0,158920.0,15681.0,49231.0,58050.0,14243.0,3400.0,295178.0,24537.0,14764,8534.0,1280.0,13132.0,7885.0,6033.0,9326.0,21540.0,11309.0,10970,3940.0,11964.0,10483.0,3219,33996.0,27214.0,3240.0,12195.0,131594,43456,3850.0,5168.0,10524.0,12900,17248.0,13723.0,6744.0,40499.0
12742,83619.0,15530,1311,30473.0,157900.0,15032.0,49385.0,57639.0,14144.0,3297.0,295000.0,24276.0,14421,8463.0,1248.0,12366.0,7694.0,5655.0,9200.0,21438.0,11243.0,10863,3860.0,11702.0,10316.0,3152,33288.0,27031.0,3177.0,11942.0,124164,42551,3780.0,5029.0,10068.0,14058,17042.0,13394.0,6384.0,39702.0
13113,88000.0,16046,1323,30662.0,162923.0,15180.0,48509.0,56600.0,14156.0,3314.0,303210.0,24470.0,14486,8451.0,1264.0,12550.0,8048.0,5769.0,9270.0,21337.0,11044.0,11393,3793.0,11761.0,10385.0,3239,32977.0,26975.0,3248.0,12269.0,126387,41921,3902.0,4995.0,10358.0,14400,17057.0,13399.0,6570.0,38878.0
14488,92999.0,16689,1350,32639.0,165345.0,15988.0,48199.0,58139.0,14735.0,3439.0,306884.0,25170.0,14893,8650.0,1287.0,12508.0,8300.0,6000.0,9448.0,21175.0,11110.0,11408,3794.0,12092.0,10542.0,3289,32910.0,25102.0,3259.0,12556.0,127772,42466,3941.0,4900.0,11058.0,14550,17490.0,13719.0,6773.0,38796.0
14300,95160.0,15815,1344,32546.0,167360.0,15297.0,46758.0,56856.0,14397.0,3441.0,311354.0,24832.0,14552,8518.0,1251.0,12641.0,8474.0,5968.0,9425.0,20619.0,11019.0,11261,3753.0,11805.0,10510.0,3273,33068.0,24968.0,3257.0,12754.0,123276,40972,3960.0,4801.0,11212.0,14804,17196.0,13498.0,6550.0,37933.0
14294,93265.0,15752,1350,31831.0,173175.0,15511.0,48610.0,56744.0,14099.0,3366.0,318162.0,24615.0,14236,8400.0,1220.0,12420.0,8296.0,5802.0,9300.0,21518.0,11107.0,11023,3777.0,11593.0,10510.0,3232,33266.0,28196.0,3255.0,12778.0,123857,41000,3953.0,4888.0,10575.0,14711,17002.0,13288.0,6470.0,38393.0
14084,90000.0,15685,1308,33000.0,177097.0,15412.0,47672.0,57530.0,13813.0,3405.0,323596.0,24468.0,14234,8236.0,1190.0,12375.0,8200.0,5836.0,9342.0,21060.0,11245.0,11140,3782.0,11672.0,10370.0,3340,33541.0,29817.0,3334.0,13068.0,124199,40714,4064.0,5048.0,10594.0,14376,17083.0,13255.0,6383.0,38542.0
13650,88261.0,15620,1292,32824.0,170670.0,15506.0,49843.0,56100.0,13910.0,3279.0,313972.0,23486.0,14125,8177.0,1158.0,12051.0,8043.0,5715.0,9128.0,21965.0,11051.0,10801,3773.0,11348.0,10134.0,3276,32412.0,28911.0,3260.0,12500.0,125180,40609,3973.0,5114.0,10177.0,14369,16670.0,13059.0,6290.0,37990.0
13587,83500.0,15637,1221,32312.0,170000.0,16005.0,49466.0,57172.0,13718.0,3179.0,309275.0,23000.0,13611,7929.0,1119.0,11588.0,7725.0,5498.0,8792.0,21907.0,11271.0,10559,4052.0,11050.0,9689.0,3144,32156.0,27991.0,3131.0,12103.0,126417,40446,3785.0,5129.0,9599.0,13857,16166.0,12787.0,6107.0,38021.0
13369,88998.0,15115,1250,32357.0,172040.0,15530.0,48695.0,56245.0,13697.0,3213.0,315641.0,23002.0,13971,7880.0,1204.0,11809.0,8075.0,5631.0,9028.0,21127.0,11090.0,10750,3852.0,11332.0,9627.0,3243,32229.0,28000.0,3243.0,12489.0,123615,41373,3829.0,5195.0,9713.0,14200,16299.0,12803.0,6071.0,38852.0
13400,86362.0,15527,1248,32996.0,173532.0,15600.0,47357.0,57476.0,13617.0,3155.0,317464.0,23299.0,13950,7720.0,1158.0,11746.0,7873.0,5446.0,8870.0,20507.0,11465.0,10374,3950.0,11696.0,9837.0,3177,32944.0,27999.0,3146.0,12295.0,120913,41700,3660.0,5352.0,9266.0,14400,16402.0,12857.0,5864.0,38281.0
13189,86993.0,15268,1223,31973.0,165171.0,15590.0,47002.0,57348.0,13191.0,3088.0,305000.0,23120.0,13796,7507.0,1099.0,11686.0,7694.0,5286.0,8695.0,20406.0,11475.0,9948,3750.0,11798.0,9611.0,3102,32028.0,27591.0,3077.0,12321.0,118096,39752,3576.0,5370.0,8977.0,13979,16404.0,12643.0,5906.0,36685.0
13394,87000.0,15929,1234,31540.0,158001.0,16215.0,46304.0,56058.0,13136.0,3060.0,293342.0,22849.0,13383,7480.0,1080.0,11729.0,8040.0,5200.0,8500.0,20115.0,11244.0,10078,3776.0,11646.0,9449.0,3109,31731.0,26861.0,3093.0,12123.0,123439,40253,3614.0,5320.0,9080.0,14300,16254.0,12452.0,5780.0,36670.0
13406,88177.0,16301,1260,31592.0,158411.0,16259.0,47613.0,56876.0,13278.0,3074.0,289982.0,22839.0,13320,7575.0,1074.0,11724.0,7950.0,5276.0,8388.0,20650.0,11495.0,10086,3870.0,11642.0,9364.0,3086,31946.0,26887.0,3085.0,12140.0,130163,41053,3625.0,5573.0,9071.0,14565,16205.0,12414.0,5830.0,37400.0
14133,90000.0,15683,1280,31233.0,157961.0,16363.0,47300.0,56203.0,13221.0,3190.0,285400.0,23453.0,13992,7470.0,1087.0,12526.0,8244.0,5403.0,8740.0,20889.0,11438.0,10515,3800.0,12900.0,9583.0,3116,32200.0,27136.0,3077.0,12510.0,127625,40635,3815.0,5311.0,9259.0,14279,16892.0,12756.0,6030.0,37026.0
13945,96160.0,15651,1269,31296.0,159203.0,16540.0,47521.0,57711.0,13435.0,3413.0,288249.0,24066.0,15013,7200.0,1155.0,13205.0,8918.0,5656.0,9228.0,21831.0,11167.0,11464,3805.0,14194.0,9023.0,3226,32140.0,26630.0,3189.0,13219.0,126268,40527,4100.0,5493.0,10083.0,13699,17582.0,12811.0,6050.0,37110.0
13154,99332.0,16682,1230,29450.0,160387.0,17721.0,49335.0,56527.0,13396.0,3582.0,294002.0,23913.0,14824,7103.0,1127.0,13523.0,9297.0,5641.0,9215.0,22151.0,11820.0,11770,3776.0,14575.0,8977.0,3203,32217.0,26430.0,3146.0,13619.0,131424,40163,4110.0,5693.0,10674.0,14263,17934.0,12661.0,6031.0,36722.0
12720,95632.0,17357,1230,29209.0,159402.0,17934.0,48880.0,56582.0,13572.0,3617.0,294985.0,23676.0,14371,7002.0,1077.0,13319.0,9029.0,5569.0,9074.0,22054.0,12100.0,11637,3879.0,14927.0,9091.0,3140,32250.0,27197.0,3105.0,13415.0,133328,41350,4010.0,5759.0,10452.0,13739,18211.0,12608.0,5739.0,37125.0
12824,97112.0,17599,1241,29435.0,160949.0,18248.0,49467.0,56849.0,13429.0,3553.0,295800.0,23623.0,15224,7025.0,1065.0,13327.0,8973.0,5450.0,8867.0,23380.0,12288.0,11600,3878.0,14988.0,8767.0,3065,32370.0,27200.0,3023.0,13346.0,131283,41750,4025.0,5422.0,10308.0,13370,18217.0,12504.0,5715.0,37453.0
12655,97696.0,17026,1250,29921.0,159575.0,18746.0,48806.0,57420.0,13397.0,3464.0,296711.0,22843.0,14870,7109.0,1044.0,13176.0,8846.0,5452.0,8978.0,23759.0,12136.0,11314,3944.0,14900.0,8644.0,2939,32607.0,26945.0,2890.0,13494.0,128123,41747,3955.0,5361.0,10115.0,12925,18043.0,12483.0,5682.0,37690.0
12300,99234.0,16756,1252,30377.0,156982.0,18635.0,48040.0,56805.0,13300.0,3378.0,295500.0,22841.0,14885,7210.0,1037.0,12950.0,8943.0,5398.0,8900.0,23500.0,11867.0,11341,3932.0,14436.0,8875.0,3000,33345.0,27000.0,2947.0,12980.0,128410,41903,3962.0,5292.0,10136.0,13577,17911.0,12498.0,5822.0,37923.0
12269,97238.0,15796,1260,29900.0,154020.0,17850.0,45132.0,56918.0,13000.0,3600.0,290859.0,22964.0,14568,7325.0,1016.0,13100.0,8891.0,5386.0,8989.0,22001.0,11596.0,11175,3874.0,14322.0,8899.0,2988,33041.0,26948.0,2903.0,13015.0,122500,41457,4007.0,5050.0,10261.0,13665,18079.0,12587.0,5778.0,36969.0
11952,95404.0,15866,1230,29907.0,148944.0,17740.0,44572.0,56155.0,13095.0,3520.0,289500.0,23268.0,14410,6923.0,1007.0,12854.0,8558.0,5287.0,8889.0,21821.0,11320.0,10789,3845.0,14318.0,8900.0,2990,33660.0,27232.0,2920.0,13097.0,121958,41665,3911.0,5065.0,9876.0,13799,18763.0,12454.0,5744.0,37471.0
11546,92528.0,15370,1180,29560.0,149320.0,17085.0,43972.0,56600.0,12798.0,3342.0,282788.0,22435.0,13633,6602.0,980.0,12317.0,8253.0,5081.0,8504.0,21057.0,11249.0,10390,3737.0,14112.0,8804.0,2900,32922.0,25617.0,2841.0,12500.0,118078,40373,3824.0,4865.0,9376.0,13075,18281.0,12150.0,5425.0,36693.0
11696,92774.0,14343,1154,29400.0,152465.0,16655.0,43784.0,58000.0,12100.0,3426.0,289650.0,22730.0,13550,6470.0,976.0,12518.0,8335.0,5105.0,8650.0,20377.0,11133.0,10346,3664.0,14399.0,8917.0,2923,32439.0,25284.0,2852.0,12465.0,115312,39297,3927.0,4765.0,9426.0,13135,18684.0,12304.0,5467.0,36404.0
11679,94500.0,14368,1140,29976.0,158183.0,16894.0,42862.0,60600.0,12153.0,3430.0,304482.0,22803.0,13515,6500.0,979.0,12582.0,8405.0,5075.0,8733.0,20018.0,11398.0,10275,3747.0,14200.0,9002.0,2903,34008.0,25652.0,2840.0,12601.0,112865,39993,3925.0,4727.0,9232.0,13313,18912.0,12394.0,5706.0,37120.0
11522,92956.0,14475,1140,29800.0,154490.0,16817.0,43800.0,61092.0,11900.0,3425.0,297900.0,22247.0,13450,6205.0,949.0,12544.0,8180.0,4818.0,8671.0,20054.0,11220.0,10034,3670.0,14045.0,9080.0,2855,33774.0,25334.0,2780.0,12108.0,115199,39961,3924.0,4489.0,9058.0,12845,18846.0,12239.0,5365.0,37212.0
11863,98725.0,14683,1182,30242.0,155970.0,17124.0,43820.0,62439.0,12109.0,3510.0,299597.0,22365.0,13742,6498.0,1016.0,12972.0,8739.0,5067.0,9099.0,20200.0,11462.0,10678,3660.0,14134.0,9266.0,3081,35277.0,25800.0,3026.0,12674.0,119482,40772,4156.0,4667.0,9721.0,13525,18957.0,12322.0,5625.0,37479.0
11801,98355.0,14792,1212,29605.0,153264.0,17400.0,44522.0,60610.0,12191.0,3574.0,296047.0,21863.0,13628,6780.0,1022.0,13130.0,8895.0,5090.0,9351.0,20941.0,11379.0,10850,3544.0,13997.0,9421.0,3116,36031.0,25450.0,3041.0,12670.0,120348,40430,4164.0,4780.0,9897.0,13081,18858.0,12449.0,5712.0,36315.0
11928,103738.0,14547,1225,29050.0,154183.0,17024.0,43310.0,59155.0,12448.0,3525.0,296000.0,22233.0,13811,6900.0,1036.0,13201.0,8932.0,5199.0,9402.0,20328.0,11232.0,10804,3514.0,13665.0,9687.0,3155,35550.0,25827.0,3102.0,12792.0,116305,40731,4123.0,4632.0,10077.0,12957,18965.0,12327.0,5614.0,35901.0
11946,104114.0,14400,1226,28802.0,154229.0,16648.0,43661.0,58289.0,12325.0,3654.0,301154.0,22399.0,14146,7001.0,1035.0,13211.0,8997.0,5272.0,9410.0,20565.0,11284.0,11013,3440.0,13584.0,10170.0,3168,36200.0,25798.0,3096.0,13100.0,113501,40225,4139.0,4626.0,10339.0,12850,18608.0,12150.0,5395.0,35419.0
11729,105000.0,14166,1237,28448.0,152221.0,16593.0,43255.0,58149.0,12461.0,3817.0,300000.0,22403.0,14550,6865.0,1071.0,13451.0,9333.0,5376.0,9652.0,20387.0,10772.0,11335,3429.0,13633.0,10248.0,3254,36498.0,25389.0,3178.0,13273.0,113231,39754,4178.0,4657.0,10718.0,12415,18585.0,12298.0,5439.0,35169.0
11714,104090.0,14351,1230,28456.0,155800.0,16547.0,43370.0,59891.0,12615.0,3730.0,299451.0,22377.0,14000,6714.0,1040.0,13449.0,9194.0,5280.0,9422.0,20625.0,11142.0,11022,3523.0,13617.0,11205.0,3333,36350.0,25794.0,3281.0,13231.0,114686,40284,4090.0,4639.0,10600.0,12303,18745.0,12400.0,5539.0,35508.0
11629,104067.0,14300,1199,28407.0,154197.0,16735.0,42981.0,59086.0,12540.0,3633.0,301850.0,22000.0,13690,6648.0,1029.0,12970.0,9000.0,5300.0,9199.0,20406.0,11115.0,10750,3541.0,13291.0,11815.0,3390,35583.0,25586.0,3360.0,12880.0,116000,39900,4028.0,4646.0,10434.0,12413,18561.0,12330.0,5518.0,34782.0
11692,110000.0,14750,1179,28500.0,154549.0,16804.0,42428.0,58880.0,12512.0,3715.0,306590.0,22261.0,13712,6374.0,1015.0,13294.0,9064.0,5289.0,9228.0,19859.0,11255.0,10901,3649.0,13426.0,11698.0,3446,36107.0,25543.0,3424.0,13109.0,117079,40735,4045.0,4633.0,10555.0,12395,18690.0,12230.0,5363.0,35839.0
11698,106176.0,15221,1196,28500.0,150951.0,16715.0,43568.0,58639.0,12784.0,3701.0,298743.0,22886.0,14043,6466.0,1027.0,13126.0,8925.0,5276.0,9304.0,20210.0,11199.0,10799,3676.0,13839.0,11644.0,3359,35137.0,26552.0,3334.0,13089.0,119010,40655,3968.0,4715.0,10278.0,12727,19001.0,12340.0,5462.0,35543.0
11750,105877.0,15932,1171,28315.0,154311.0,17421.0,45801.0,57932.0,12819.0,3649.0,305522.0,22333.0,13880,6400.0,1007.0,12884.0,8893.0,5130.0,9261.0,21539.0,11254.0,10600,3710.0,13886.0,11769.0,3372,35356.0,25991.0,3341.0,12862.0,121805,41814,3915.0,5046.0,10242.0,12400,18934.0,12333.0,5451.0,35700.0
11661,109674.0,16372,1155,28686.0,158500.0,17630.0,45925.0,58466.0,12703.0,3621.0,308506.0,22583.0,14000,6441.0,1010.0,12902.0,9046.0,5180.0,9368.0,21355.0,11358.0,10746,3712.0,13850.0,11760.0,3436,36174.0,25550.0,3411.0,12900.0,126365,41753,3981.0,5117.0,10426.0,12204,19145.0,12421.0,5518.0,35630.0
11376,107071.0,16116,1143,28050.0,160276.0,17340.0,45084.0,58091.0,12478.0,3564.0,312225.0,22795.0,13555,6341.0,975.0,12744.0,8795.0,5063.0,9153.0,20645.0,11322.0,10450,3585.0,13866.0,11901.0,3246,35492.0,24666.0,3228.0,12561.0,124400,41509,3847.0,4975.0,10179.0,11704,18963.0,12421.0,5334.0,35360.0
11475,107675.0,16290,1145,27771.0,162119.0,18067.0,46383.0,57469.0,12732.0,3568.0,314297.0,22482.0,13313,6450.0,978.0,12790.0,8738.0,5019.0,9050.0,21437.0,11296.0,10395,3611.0,13622.0,12204.0,3307,35734.0,24074.0,3277.0,12523.0,129110,41968,3829.0,5237.0,9812.0,11175,18842.0,12466.0,5536.0,35391.0
10954,107758.0,16326,1137,27646.0,159000.0,18185.0,45230.0,56278.0,12901.0,3500.0,309475.0,22667.0,13350,6524.0,996.0,13153.0,8907.0,5096.0,9067.0,21229.0,11062.0,10600,3505.0,13820.0,12208.0,3350,34386.0,23328.0,3320.0,12458.0,130952,41308,3858.0,5162.0,9898.0,10766,18484.0,12469.0,5636.0,35054.0
11040,108144.0,16919,1120,27276.0,161883.0,18514.0,44491.0,56151.0,12889.0,3518.0,313582.0,22400.0,13185,6558.0,985.0,13155.0,8740.0,5039.0,8930.0,20544.0,11375.0,10478,3475.0,13810.0,12193.0,3297,34417.0,23046.0,3275.0,12213.0,136945,41753,3750.0,5156.0,9611.0,10540,18200.0,12357.0,5548.0,35099.0
10945,109756.0,17000,1149,27289.0,161200.0,18628.0,44327.0,55800.0,13000.0,3530.0,310999.0,22061.0,13271,6664.0,1031.0,13099.0,9149.0,5000.0,9253.0,20317.0,11283.0,11042,3555.0,13674.0,12382.0,3273,34204.0,23106.0,3249.0,12255.0,137500,42360,3952.0,5044.0,10000.0,10600,17994.0,12258.0,5524.0,34902.0
10677,113250.0,17436,1135,27035.0,161138.0,19104.0,42925.0,56069.0,13183.0,3531.0,312500.0,23639.0,13500,6720.0,1021.0,13100.0,9085.0,4949.0,9313.0,20152.0,11608.0,10982,3631.0,13757.0,12561.0,3300,34384.0,23550.0,3292.0,12231.0,139900,42317,3919.0,4966.0,9919.0,9776,17949.0,12225.0,5519.0,34571.0
10376,115814.0,18100,1146,26494.0,156940.0,19771.0,43951.0,54427.0,13178.0,3547.0,307878.0,23378.0,13348,6825.0,1000.0,13170.0,9491.0,4977.0,9320.0,20615.0,11314.0,11419,3601.0,13838.0,12705.0,3378,33994.0,24458.0,3363.0,12080.0,138390,42225,4042.0,5473.0,10188.0,9998,18250.0,12233.0,5555.0,34632.0
10645,118200.0,17432,1163,26651.0,153600.0,19201.0,41274.0,54237.0,12497.0,3745.0,303800.0,22650.0,13796,6790.0,1017.0,13468.0,9827.0,5074.0,9474.0,18847.0,11109.0,11800,3491.0,14444.0,13045.0,3417,33710.0,23886.0,3410.0,12043.0,135173,41326,4197.0,5220.0,10438.0,9786,18570.0,12494.0,5607.0,34058.0
11167,119965.0,16483,1198,26800.0,152821.0,18143.0,40484.0,54400.0,12679.0,4012.0,301293.0,25527.0,14784,6877.0,1112.0,14012.0,10320.0,5500.0,9851.0,18389.0,11259.0,12063,3530.0,14416.0,13937.0,3522,33714.0,24950.0,3520.0,12552.0,130300,42000,4346.0,5150.0,11441.0,10317,18693.0,12754.0,5753.0,34092.0
10851,121000.0,16544,1188,26429.0,154173.0,18295.0,40000.0,54642.0,12611.0,3939.0,301800.0,25476.0,14633,6870.0,1100.0,13906.0,10128.0,5425.0,9883.0,18811.0,11023.0,11822,3556.0,14200.0,13841.0,3522,33266.0,24518.0,3510.0,12584.0,126500,41540,4230.0,5050.0,11003.0,10271,18822.0,12656.0,5706.0,33664.0
10671,122742.0,16076,1147,26145.0,157368.0,17778.0,39000.0,52998.0,11948.0,3898.0,306595.0,24310.0,14550,6625.0,1057.0,13744.0,10107.0,5371.0,9588.0,18366.0,10752.0,11779,3376.0,13940.0,13946.0,3346,32400.0,24208.0,3325.0,12071.0,122435,39963,4185.0,4876.0,11008.0,9220,18540.0,12580.0,5743.0,32700.0
10850,119606.0,14828,1103,26124.0,157454.0,16354.0,38095.0,51814.0,11258.0,3688.0,303834.0,23502.0,13670,6151.0,1004.0,12843.0,9534.0,5008.0,9134.0,17591.0,10460.0,11177,3285.0,13619.0,13498.0,3212,31407.0,23001.0,3178.0,11566.0,113020,37930,4009.0,4553.0,10255.0,8569,18050.0,12284.0,5498.0,31649.0
10740,118411.0,14385,1104,26178.0,158000.0,15700.0,37860.0,52243.0,11093.0,3602.0,304046.0,23752.0,13275,5920.0,979.0,12600.0,9171.0,4831.0,8868.0,17659.0,10406.0,10813,3309.0,13281.0,13534.0,3110,31109.0,22607.0,3084.0,11222.0,109979,38022,3878.0,4809.0,9783.0,7552,17768.0,12253.0,5551.0,31378.0
10555,114000.0,14277,1061,25783.0,162693.0,15481.0,36883.0,51206.0,10903.0,3493.0,316132.0,23595.0,13326,5757.0,938.0,12287.0,8693.0,4727.0,8637.0,17265.0,10124.0,10607,3232.0,12891.0,13397.0,2981,30465.0,22270.0,2975.0,10700.0,106541,37585,3760.0,4693.0,9598.0,8403,17265.0,12253.0,5779.0,31227.0
11764,117862.0,14606,1087,25720.0,166340.0,15865.0,40762.0,51400.0,10985.0,3476.0,319725.0,23716.0,13000,5897.0,974.0,12400.0,8786.0,4762.0,8700.0,18431.0,10195.0,10689,3304.0,12918.0,13429.0,3008,31297.0,22320.0,3020.0,11025.0,110674,38326,3798.0,4905.0,9874.0,8895,17199.0,12328.0,5830.0,31774.0
12099,122400.0,15270,1104,26578.0,159190.0,16327.0,41158.0,51950.0,12275.0,3549.0,306432.0,23988.0,13428,5950.0,1006.0,12915.0,9403.0,4947.0,8900.0,19003.0,10420.0,11061,3389.0,13373.0,13612.0,3125,31771.0,22504.0,3143.0,11318.0,112974,39406,4024.0,5083.0,10218.0,10043,17825.0,12464.0,6089.0,32224.0
12060,125873.0,15382,1108,26778.0,166433.0,16276.0,40435.0,53448.0,12443.0,3688.0,316877.0,24353.0,13838,6054.0,1020.0,13150.0,9348.0,5045.0,9000.0,18368.0,10691.0,11050,3346.0,13525.0,13629.0,3058,32182.0,22888.0,3078.0,11366.0,114503,38510,3980.0,5120.0,10085.0,9807,18206.0,12200.0,6085.0,31860.0
12099,126269.0,16522,1140,26632.0,175472.0,17550.0,41700.0,52319.0,12461.0,3790.0,336596.0,25306.0,14054,6296.0,1041.0,13847.0,9382.0,5083.0,9100.0,19396.0,10926.0,11240,3392.0,13330.0,13726.0,3120,32950.0,23741.0,3085.0,11528.0,113490,38385,4002.0,5360.0,10640.0,9678,18033.0,12250.0,6169.0,32528.0
12100,123869.0,17070,1137,26774.0,180890.0,18090.0,43429.0,51564.0,12206.0,3734.0,344308.0,24815.0,13792,6300.0,1075.0,14100.0,9210.0,5195.0,9033.0,19960.0,12122.0,11179,3464.0,13203.0,13214.0,3184,33013.0,23625.0,3173.0,11744.0,114162,38941,3984.0,5683.0,10750.0,9109,17965.0,12351.0,6150.0,32879.0
12650,130940.0,16203,1252,27172.0,174946.0,17385.0,37412.0,52109.0,12882.0,3846.0,336708.0,25900.0,15001,6910.0,1168.0,14992.0,9873.0,5503.0,9672.0,16865.0,12802.0,12000,3677.0,14261.0,13444.0,3438,33666.0,26884.0,3419.0,12559.0,113864,41591,4475.0,5252.0,11800.0,11259,18634.0,12941.0,6643.0,33563.0
12904,137347.0,16454,1267,28653.0,165340.0,17695.0,38486.0,55263.0,12994.0,3973.0,317500.0,26067.0,15968,7300.0,1218.0,16089.0,10128.0,5657.0,9983.0,17702.0,12899.0,12550,3868.0,14028.0,12815.0,3501,35096.0,27775.0,3521.0,12772.0,114640,42797,4644.0,5340.0,12757.0,11018,18847.0,12924.0,6866.0,34410.0
13118,142500.0,16114,1374,28787.0,155272.0,16570.0,36569.0,56779.0,12612.0,4052.0,302455.0,26174.0,17115,7500.0,1255.0,16734.0,10669.0,5824.0,10500.0,16600.0,13033.0,13497,3887.0,14340.0,12491.0,3787,35429.0,27956.0,3781.0,13138.0,113911,43715,4988.0,5101.0,14022.0,10800,18616.0,13089.0,7045.0,34525.0
12715,142000.0,15060,1151,28003.0,164915.0,15734.0,37199.0,56860.0,12500.0,3916.0,314634.0,25700.0,16001,7222.0,1253.0,16294.0,10600.0,5719.0,10052.0,16492.0,12656.0,13005,3842.0,14411.0,12474.0,3839,34550.0,26756.0,3831.0,12762.0,109505,42775,4877.0,5078.0,13930.0,10410,18540.0,13051.0,6985.0,33383.0
12585,140000.0,15442,1171,28829.0,165593.0,16028.0,37251.0,57363.0,12631.0,3975.0,317800.0,25357.0,15500,7222.0,1244.0,16094.0,10239.0,5693.0,9900.0,16632.0,12759.0,12628,3885.0,14433.0,12674.0,3888,34987.0,27122.0,3900.0,12574.0,112384,43116,4707.0,5183.0,13293.0,10500,18589.0,12793.0,7016.0,33552.0
12673,136940.0,17219,1199,28725.0,161091.0,18058.0,36317.0,57091.0,12791.0,3918.0,314152.0,25557.0,15442,7138.0,1250.0,16047.0,10270.0,5741.0,9881.0,15813.0,12719.0,12875,3975.0,13222.0,12655.0,3883,35140.0,27654.0,3924.0,12508.0,116960,43850,4726.0,5301.0,13289.0,10870,17861.0,12308.0,6823.0,34013.0
12671,139997.0,16575,1203,28367.0,159089.0,17498.0,35868.0,57138.0,12861.0,3954.0,307804.0,25667.0,16283,7225.0,1246.0,16236.0,10467.0,5726.0,9852.0,15830.0,12991.0,13037,3909.0,13492.0,12578.0,3995,35003.0,28510.0,4075.0,12866.0,112400,43430,4736.0,5044.0,13600.0,11299,18115.0,12309.0,6591.0,33624.0
12767,135904.0,16488,1244,29043.0,161742.0,17264.0,35069.0,58632.0,12876.0,4037.0,309669.0,25554.0,16192,7330.0,1246.0,16000.0,10706.0,5660.0,9912.0,15151.0,12855.0,13178,3967.0,13506.0,13063.0,4058,34950.0,28000.0,4134.0,12852.0,115662,44146,4737.0,5055.0,13663.0,11800,20521.0,12526.0,6751.0,33857.0
12661,138000.0,16957,1245,28503.0,160280.0,17788.0,34070.0,57612.0,12297.0,3877.0,304125.0,25201.0,16230,7019.0,1218.0,15601.0,10727.0,5570.0,9652.0,14619.0,12851.0,12891,3922.0,13167.0,13103.0,3812,34845.0,28341.0,3868.0,12625.0,117702,43640,4716.0,5136.0,13512.0,11768,20675.0,12612.0,6680.0,33387.0
12660,132185.0,16541,1227,28149.0,164033.0,17458.0,34631.0,56500.0,12150.0,3765.0,312136.0,24672.0,16060,7054.0,1196.0,15212.0,10563.0,5498.0,9664.0,14799.0,12674.0,12489,3972.0,12866.0,13023.0,3790,33950.0,27627.0,3841.0,12397.0,114845,43650,4601.0,5275.0,12835.0,11339,19751.0,12560.0,6672.0,33599.0
12600,131816.0,15900,1232,28300.0,168300.0,17353.0,32700.0,55786.0,11733.0,3749.0,319620.0,24596.0,15794,7700.0,1200.0,15306.0,10744.0,5512.0,9639.0,13985.0,12910.0,12500,4134.0,12700.0,13592.0,3677,34250.0,28071.0,3730.0,12454.0,113109,44796,4668.0,5181.0,12790.0,11580,19821.0,12467.0,6769.0,34575.0
12565,135661.0,15015,1237,28363.0,167188.0,16832.0,31375.0,54671.0,11800.0,3750.0,318100.0,24363.0,16100,7995.0,1239.0,15300.0,11390.0,5674.0,9750.0,12960.0,13156.0,13030,4300.0,13074.0,13247.0,3856,34245.0,28453.0,3873.0,12738.0,111223,46880,4795.0,4869.0,13095.0,13300,19584.0,12500.0,6928.0,35997.0
12610,133528.0,15520,1265,27900.0,166799.0,17469.0,31671.0,54275.0,11901.0,3707.0,315740.0,24014.0,16370,8050.0,1250.0,15600.0,11531.0,5713.0,9701.0,13095.0,13101.0,12695,4319.0,13082.0,13483.0,4050,34099.0,27930.0,4025.0,12925.0,110434,46674,4768.0,5012.0,12898.0,13200,19647.0,12457.0,7064.0,35700.0
12654,132508.0,16304,1259,27672.0,169783.0,18207.0,32464.0,54279.0,12280.0,3709.0,318401.0,24076.0,16717,7950.0,1246.0,16908.0,11545.0,5765.0,9616.0,13370.0,12888.0,12829,4339.0,13142.0,13196.0,3821,34034.0,28249.0,3881.0,13077.0,116889,46102,4803.0,5223.0,12902.0,13205,19509.0,12560.0,6950.0,35299.0
12667,131192.0,16521,1241,27718.0,170848.0,18105.0,31950.0,54213.0,12336.0,3632.0,316411.0,23802.0,17000,8054.0,1250.0,16800.0,11500.0,5787.0,9607.0,13005.0,12974.0,12729,4370.0,12809.0,13511.0,3899,34351.0,28431.0,3948.0,12640.0,115732,46100,4737.0,5172.0,12969.0,13256,19250.0,12470.0,6913.0,35530.0
12348,129552.0,16272,1187,27583.0,168800.0,17624.0,32636.0,54456.0,11929.0,3499.0,312895.0,23478.0,16315,7878.0,1169.0,16273.0,11020.0,5545.0,9218.0,13154.0,12983.0,12114,4428.0,12777.0,13010.0,3766,34448.0,27936.0,3837.0,12320.0,112619,46450,4547.0,5150.0,12250.0,12079,19093.0,12323.0,6624.0,35500.0
12162,129000.0,16300,1185,26946.0,170300.0,17844.0,34793.0,54150.0,12271.0,3600.0,316099.0,23273.0,17371,7883.0,1169.0,16669.0,11041.0,5584.0,9355.0,14033.0,12678.0,12186,4489.0,12793.0,12504.0,3803,34650.0,27925.0,3896.0,12238.0,113019,46944,4668.0,5395.0,12160.0,11725,19132.0,12384.0,6621.0,35800.0
12386,129440.0,17021,1202,27129.0,170892.0,18741.0,34694.0,54836.0,12880.0,3635.0,314928.0,23200.0,16711,7960.0,1172.0,16650.0,11224.0,5666.0,9381.0,14197.0,12764.0,12276,4530.0,12548.0,12554.0,3921,34585.0,27562.0,3986.0,12246.0,122828,48528,4650.0,5678.0,12090.0,12239,19379.0,12103.0,6664.0,37433.0
12450,128563.0,17671,1168,27540.0,173620.0,19250.0,34125.0,55000.0,13099.0,3623.0,320100.0,23829.0,16323,8142.0,1178.0,16802.0,11519.0,5656.0,9500.0,13599.0,12681.0,12322,4719.0,12770.0,12434.0,3932,34323.0,27813.0,4018.0,12382.0,123509,50400,4723.0,5598.0,12249.0,12958,18996.0,12127.0,6929.0,38600.0
12857,129000.0,16968,1230,28213.0,171900.0,18483.0,33883.0,55724.0,13730.0,3645.0,318704.0,24372.0,16528,8492.0,1194.0,16782.0,11569.0,5774.0,9632.0,13465.0,12574.0,12499,4889.0,13066.0,13028.0,4002,34502.0,27904.0,4097.0,12545.0,119200,51600,4924.0,5505.0,12410.0,13400,19370.0,12176.0,7000.0,39232.0
12888,128220.0,18783,1245,27875.0,169848.0,19536.0,34377.0,56871.0,13730.0,3600.0,317700.0,24325.0,16512,8457.0,1222.0,16720.0,11568.0,5790.0,9729.0,13488.0,12650.0,12426,4849.0,13069.0,12911.0,3873,34573.0,27342.0,3985.0,12606.0,124762,51385,4850.0,5618.0,12403.0,13348,19036.0,12303.0,7200.0,39084.0
12690,128555.0,18782,1248,27376.0,166728.0,19208.0,33258.0,57353.0,13472.0,3562.0,313557.0,23891.0,16575,8414.0,1215.0,16808.0,11625.0,5836.0,9710.0,13823.0,12567.0,12484,4764.0,13000.0,13092.0,3768,34466.0,26942.0,3858.0,12904.0,123697,50658,4950.0,5596.0,12687.0,13465,19097.0,12146.0,7039.0,38668.0
12896,130395.0,18686,1255,27827.0,166460.0,19214.0,31699.0,57865.0,13910.0,3620.0,314163.0,23696.0,16450,8566.0,1221.0,17154.0,11710.0,5867.0,9843.0,13150.0,12682.0,12679,4799.0,13092.0,13411.0,3815,35099.0,27100.0,3894.0,13312.0,124065,50488,5030.0,5459.0,12890.0,13881,18456.0,12050.0,7022.0,38658.0
13075,129796.0,18509,1281,27478.0,167319.0,19199.0,32795.0,58994.0,14515.0,3571.0,311183.0,24265.0,16290,8899.0,1180.0,17218.0,11335.0,5677.0,9455.0,13698.0,12850.0,12311,4807.0,13094.0,13438.0,3632,35103.0,27285.0,3710.0,13278.0,125572,50250,4829.0,5522.0,12437.0,13967,18441.0,12300.0,6759.0,39388.0
12744,140332.0,18407,1289,27405.0,170012.0,18932.0,32322.0,57700.0,14499.0,3583.0,317682.0,24175.0,16439,9056.0,1139.0,17790.0,11622.0,5870.0,9400.0,13354.0,12970.0,12351,4763.0,12752.0,13204.0,3580,34585.0,27204.0,3639.0,13940.0,130935,48848,4979.0,5416.0,12426.0,14079,18600.0,12200.0,6063.0,39500.0
13183,145065.0,18674,1298,27400.0,166996.0,19352.0,32425.0,57886.0,14530.0,3588.0,309139.0,25368.0,16436,9112.0,1175.0,17849.0,11723.0,5820.0,9461.0,13318.0,13126.0,12616,4763.0,12851.0,13624.0,3613,35650.0,28482.0,3669.0,14492.0,132021,48624,5029.0,5497.0,12627.0,13475,18661.0,12321.0,6604.0,39320.0
12569,148400.0,18871,1291,26700.0,165194.0,19533.0,32851.0,55731.0,14425.0,3644.0,305806.0,25007.0,16721,9200.0,1190.0,17655.0,11927.0,5807.0,9550.0,13589.0,13167.0,13060,4773.0,13140.0,13571.0,3632,36187.0,28326.0,3713.0,14906.0,131436,48521,5085.0,5485.0,12917.0,13423,18807.0,12129.0,6629.0,38966.0
12315,145000.0,19745,1319,26837.0,166000.0,20453.0,34542.0,55600.0,14531.0,3614.0,315707.0,24549.0,16332,9150.0,1218.0,16929.0,11978.0,5748.0,9705.0,14264.0,13452.0,13083,4867.0,13380.0,13210.0,3818,35981.0,27723.0,3927.0,15076.0,136968,50097,5130.0,5780.0,12922.0,14101,18759.0,12290.0,6144.0,39704.0
12842,148000.0,20447,1362,27192.0,160400.0,20791.0,34280.0,54933.0,14188.0,3740.0,300878.0,24712.0,16403,9445.0,1241.0,17194.0,12201.0,5860.0,9871.0,14244.0,13145.0,13321,4829.0,13708.0,13500.0,3793,35199.0,26961.0,3949.0,15468.0,137517,47702,5333.0,6040.0,13317.0,13800,19008.0,12737.0,6308.0,38677.0
12433,140471.0,19099,1296,26240.0,162096.0,19883.0,34395.0,53225.0,13960.0,3665.0,307433.0,24489.0,15751,9200.0,1162.0,16702.0,11901.0,5686.0,9474.0,14273.0,12854.0,12676,4602.0,13050.0,13500.0,3469,32993.0,26181.0,3583.0,14871.0,133000,47200,5007.0,5814.0,12324.0,13113,18693.0,12518.0,6144.0,38579.0
12587,142000.0,19117,1297,26133.0,160247.0,19518.0,33780.0,53145.0,13946.0,3848.0,304000.0,24821.0,15850,9178.0,1160.0,16969.0,12067.0,5725.0,9323.0,13730.0,12889.0,12676,4555.0,13323.0,13400.0,3488,33268.0,25955.0,3595.0,15321.0,132691,47054,5075.0,5746.0,12500.0,12576,18734.0,12447.0,6258.0,38530.0
12474,142742.0,19260,1297,26623.0,160055.0,19806.0,33490.0,53240.0,13945.0,3792.0,304724.0,25324.0,15796,9180.0,1184.0,17130.0,12113.0,5792.0,9500.0,13726.0,12942.0,12842,4644.0,13394.0,13272.0,3617,33739.0,25900.0,3709.0,15286.0,133841,47987,5158.0,5763.0,13185.0,12642,18857.0,12466.0,6284.0,38573.0
12500,141402.0,19645,1290,26938.0,159270.0,20298.0,33917.0,54148.0,13869.0,3835.0,299172.0,25194.0,15775,9185.0,1183.0,17048.0,12208.0,5800.0,9425.0,13900.0,13220.0,12815,4683.0,13420.0,13290.0,3724,34263.0,25900.0,3850.0,15286.0,137000,48325,5180.0,5835.0,13281.0,12921,18688.0,12267.0,6027.0,39086.0
12426,144004.0,20064,1282,26913.0,154163.0,20660.0,34223.0,54555.0,14379.0,3840.0,287872.0,25500.0,15606,9285.0,1190.0,17260.0,12215.0,5797.0,9304.0,14029.0,13220.0,12804,4716.0,13491.0,13475.0,3723,34662.0,25841.0,3850.0,15470.0,139321,48942,5156.0,5916.0,13256.0,13107,18817.0,12352.0,6116.0,39185.0
12373,142414.0,19650,1267,27224.0,157125.0,20168.0,33686.0,55786.0,14095.0,3876.0,293000.0,25531.0,15625,9289.0,1206.0,17115.0,12059.0,5850.0,9571.0,13718.0,13383.0,12774,4675.0,13451.0,13165.0,3751,34596.0,26321.0,3880.0,15580.0,137600,49085,5125.0,5889.0,13101.0,13217,18897.0,12350.0,6200.0,39352.0
12400,144437.0,19990,1257,27543.0,159666.0,20036.0,34435.0,55002.0,13922.0,3911.0,300514.0,25970.0,15770,9210.0,1196.0,17195.0,12056.0,5865.0,9587.0,13851.0,13366.0,12845,4700.0,13562.0,13500.0,3730,34896.0,26339.0,3841.0,15738.0,142212,48769,5187.0,5945.0,13121.0,13269,18969.0,12322.0,6112.0,39435.0
12537,143265.0,20190,1257,27561.0,160616.0,20953.0,34252.0,54545.0,13890.0,3954.0,301935.0,25267.0,15702,9350.0,1189.0,17065.0,11986.0,5875.0,9620.0,13757.0,13110.0,12708,4683.0,14000.0,13400.0,3664,34312.0,26303.0,3765.0,15354.0,144315,48500,5104.0,6000.0,12948.0,13393,18954.0,12439.0,6019.0,38906.0
12520,142630.0,21629,1219,26972.0,159202.0,21781.0,36831.0,55100.0,14894.0,3907.0,303695.0,25368.0,15526,9193.0,1164.0,16689.0,11829.0,5761.0,9510.0,14990.0,13462.0,12434,4964.0,13093.0,13301.0,3630,35135.0,25981.0,3725.0,15415.0,151216,51374,4950.0,6307.0,12731.0,13295,18761.0,12325.0,6112.0,40605.0
12629,138465.0,20288,1200,26923.0,165757.0,20490.0,37810.0,56900.0,14546.0,3837.0,311667.0,25628.0,15081,9133.0,1134.0,16458.0,11531.0,5700.0,9516.0,15471.0,13747.0,12220,5105.0,12753.0,13335.0,3611,35383.0,26035.0,3749.0,15139.0,145650,52356,4811.0,6270.0,12335.0,13200,18921.0,12299.0,6263.0,41750.0
13171,136430.0,20436,1186,27292.0,165753.0,20369.0,36945.0,57834.0,14741.0,3801.0,310100.0,25543.0,15414,9014.0,1152.0,16156.0,11679.0,5660.0,9600.0,15050.0,13615.0,12400,5612.0,13000.0,13299.0,3698,37079.0,26642.0,3824.0,14603.0,146903,55970,4878.0,6325.0,12365.0,14382,18899.0,12271.0,6523.0,44140.0
13659,141524.0,20400,1194,28270.0,160297.0,20662.0,36561.0,58404.0,15499.0,3819.0,301375.0,25396.0,15452,9188.0,1200.0,16027.0,11875.0,5752.0,9820.0,14869.0,14368.0,12712,5777.0,13321.0,13666.0,3888,39028.0,28019.0,4022.0,14900.0,151000,58548,5038.0,6394.0,12760.0,16100,19227.0,12601.0,6883.0,45777.0
13860,144213.0,20644,1205,29145.0,160091.0,21198.0,35459.0,58130.0,15761.0,4016.0,307027.0,26241.0,15736,9226.0,1206.0,16661.0,12198.0,5951.0,10043.0,14440.0,14348.0,13118,5692.0,13834.0,13987.0,3975,38813.0,28610.0,4128.0,15166.0,149548,58217,5231.0,6186.0,13005.0,16834,19753.0,13188.0,6795.0,45615.0
13939,143026.0,20550,1180,28693.0,166366.0,20943.0,35981.0,58200.0,15393.0,4010.0,320258.0,26463.0,15644,9374.0,1185.0,16132.0,11789.0,5940.0,9902.0,14550.0,14503.0,12796,5702.0,13737.0,13935.0,4000,38709.0,28073.0,4143.0,14754.0,150071,57860,5113.0,6207.0,12515.0,16693,19584.0,12986.0,6712.0,45434.0
13794,141877.0,20555,1187,28666.0,164004.0,20850.0,35680.0,56847.0,15140.0,4022.0,319441.0,26350.0,15465,9492.0,1200.0,16227.0,11820.0,5900.0,9893.0,14352.0,14725.0,13000,5698.0,13269.0,13900.0,4066,38709.0,27091.0,4205.0,14743.0,147400,56704,5128.0,6249.0,12597.0,16835,19384.0,12953.0,6683.0,45096.0
14432,137576.0,21379,1196,28910.0,163300.0,21700.0,36050.0,57308.0,15411.0,4094.0,319878.0,26370.0,15631,9436.0,1195.0,16159.0,11800.0,5797.0,9982.0,14363.0,14260.0,12964,5805.0,13447.0,13888.0,4045,38552.0,27094.0,4194.0,14600.0,153290,56897,4990.0,6316.0,12460.0,17034,19710.0,12932.0,6687.0,44679.0
14457,139000.0,21175,1207,28655.0,169072.0,20980.0,34712.0,57121.0,15294.0,3947.0,333267.0,26734.0,15868,9472.0,1200.0,16206.0,11651.0,5755.0,10100.0,13850.0,14264.0,12800,5850.0,13296.0,13641.0,4046,38071.0,27006.0,4178.0,14053.0,151666,57500,4934.0,6215.0,12400.0,17100,19812.0,12588.0,6500.0,45350.0
14449,140484.0,21509,1169,28047.0,169886.0,21000.0,34898.0,57300.0,15350.0,3875.0,336492.0,27609.0,15744,9180.0,1218.0,16278.0,11700.0,5787.0,10119.0,14000.0,14139.0,12817,5824.0,13496.0,13388.0,4020,37482.0,26456.0,4139.0,14076.0,151731,55547,4940.0,6271.0,12490.0,16990,19644.0,12399.0,6457.0,44420.0
14309,141079.0,21306,1142,27976.0,171591.0,20896.0,34728.0,57125.0,15721.0,3928.0,340860.0,27144.0,15590,9135.0,1205.0,16550.0,11724.0,5770.0,10189.0,14104.0,14570.0,12835,5696.0,13435.0,13156.0,4000,37815.0,26243.0,4123.0,14101.0,152477,55288,4926.0,6211.0,12569.0,16808,19387.0,12319.0,6381.0,43603.0
14559,142820.0,22186,1150,27298.0,171994.0,21270.0,33610.0,55699.0,15517.0,4070.0,345000.0,27630.0,16457,9130.0,1224.0,17684.0,11950.0,5751.0,10350.0,13375.0,14200.0,12979,5597.0,14094.0,13018.0,3993,36754.0,27179.0,4100.0,14213.0,154450,53520,5008.0,6192.0,12899.0,17201,19517.0,12340.0,6349.0,42886.0
14642,142402.0,21161,1195,27454.0,176007.0,20876.0,34227.0,55690.0,15600.0,4002.0,350000.0,26573.0,16305,9200.0,1290.0,16561.0,11900.0,5838.0,10170.0,13746.0,14375.0,12858,5690.0,13733.0,13044.0,4009,36800.0,27058.0,4100.0,13697.0,152814,54326,4957.0,6363.0,12784.0,16970,19153.0,12261.0,6537.0,44000.0
14515,137964.0,22009,1209,28200.0,175297.0,21443.0,34079.0,56188.0,16595.0,3990.0,350000.0,26849.0,16131,9196.0,1316.0,16673.0,11831.0,5815.0,10308.0,14443.0,14255.0,12888,5680.0,13784.0,13086.0,3899,37223.0,26928.0,4000.0,13318.0,161262,54689,4935.0,6386.0,12658.0,16494,19350.0,12411.0,6553.0,43811.0
14508,134708.0,21690,1202,28642.0,181000.0,20776.0,34094.0,56425.0,16533.0,4032.0,356400.0,26437.0,15679,9058.0,1286.0,16919.0,11492.0,5810.0,10025.0,14281.0,14575.0,12471,5589.0,13663.0,13057.0,3823,37650.0,27139.0,3900.0,12948.0,162500,53918,4817.0,6256.0,12259.0,16150,19379.0,12402.0,6433.0,43211.0
14149,134091.0,21005,1194,28442.0,192100.0,20187.0,35633.0,56637.0,16020.0,4472.0,378768.0,26673.0,15498,9020.0,1291.0,17010.0,11410.0,5771.0,9928.0,14999.0,14303.0,12232,5399.0,13900.0,13408.0,3756,37102.0,26598.0,3866.0,12847.0,156261,52455,4686.0,6101.0,12175.0,15717,19859.0,12519.0,6496.0,43425.0
13987,137622.0,21200,1205,27766.0,182094.0,19931.0,35700.0,56528.0,15826.0,4580.0,360000.0,26745.0,16000,9300.0,1312.0,17427.0,11547.0,5839.0,10087.0,14624.0,14246.0,12474,5316.0,14193.0,13324.0,3838,37494.0,26495.0,3947.0,13030.0,157300,52145,4767.0,5886.0,12387.0,15194,20067.0,12750.0,6428.0,43480.0
14250,140000.0,20336,1225,27771.0,177504.0,18924.0,35445.0,58190.0,15407.0,4554.0,353500.0,26146.0,16188,9455.0,1315.0,17452.0,11680.0,5868.0,10054.0,14349.0,14045.0,12674,4949.0,14515.0,13378.0,3855,35995.0,25850.0,3970.0,13087.0,152686,48856,4790.0,5521.0,12460.0,14931,20101.0,12793.0,6472.0,42410.0
14487,140000.0,20934,1221,27536.0,177926.0,19400.0,35561.0,57050.0,15261.0,4529.0,351200.0,25769.0,16097,9300.0,1305.0,17525.0,11649.0,5932.0,10102.0,14816.0,14279.0,12849,5181.0,14041.0,12945.0,3852,36473.0,26028.0,3973.0,13051.0,161048,50718,4852.0,5854.0,12380.0,15148,19636.0,12528.0,6326.0,42653.0
14308,138706.0,20718,1212,26488.0,175440.0,18995.0,36165.0,55111.0,15100.0,4493.0,347800.0,24850.0,15686,9150.0,1298.0,17287.0,11425.0,5766.0,10050.0,14885.0,13986.0,12590,5162.0,14012.0,12898.0,3845,35759.0,25256.0,3971.0,12862.0,151777,50050,4778.0,5895.0,12239.0,16499,19406.0,12377.0,6260.0,41700.0
13875,139821.0,21220,1211,26455.0,176590.0,19669.0,35334.0,54354.0,15192.0,4382.0,353250.0,24850.0,15571,9119.0,1288.0,17463.0,11280.0,5705.0,9925.0,14324.0,13887.0,12476,5195.0,13745.0,12700.0,3851,35995.0,25154.0,3965.0,12760.0,161100,51600,4710.0,5963.0,12015.0,16395,19243.0,12436.0,6153.0,42500.0
14139,139746.0,20379,1227,26866.0,178172.0,19098.0,34512.0,55732.0,14895.0,4433.0,356500.0,24300.0,16061,9117.0,1340.0,17641.0,11650.0,5772.0,10000.0,13919.0,14084.0,12875,5020.0,13790.0,12944.0,3870,36332.0,25953.0,4000.0,12565.0,150000,49561,4860.0,5824.0,12636.0,16818,19359.0,12562.0,6197.0,41575.0
13970,135084.0,20502,1245,26757.0,179975.0,19291.0,34826.0,55225.0,15228.0,4412.0,359200.0,23917.0,15972,9204.0,1353.0,17359.0,11800.0,5741.0,10205.0,13790.0,14071.0,12951,5050.0,13470.0,12995.0,3881,36524.0,26304.0,4009.0,12598.0,152221,49655,4905.0,5960.0,12489.0,18800,19242.0,12820.0,6330.0,41339.0
13810,134735.0,21608,1298,26629.0,180650.0,19745.0,33404.0,55000.0,15628.0,4600.0,359683.0,24589.0,16438,9260.0,1410.0,18272.0,12053.0,6010.0,10476.0,13518.0,14236.0,13450,5084.0,13855.0,13096.0,3975,36551.0,26913.0,4084.0,13410.0,154092,49707,5065.0,5963.0,13046.0,19673,19850.0,13165.0,6615.0,41773.0
14242,138816.0,21474,1325,27062.0,180000.0,19952.0,33250.0,54450.0,15500.0,4580.0,356835.0,24736.0,17301,9321.0,1481.0,18508.0,12800.0,6190.0,10701.0,13604.0,14227.0,13885,5229.0,13751.0,13150.0,4084,35879.0,27573.0,4164.0,13913.0,157450,50516,5205.0,6199.0,13890.0,19526,20168.0,12971.0,6988.0,41581.0
14163,139390.0,21760,1345,27600.0,180950.0,20179.0,34338.0,55186.0,16117.0,4583.0,359000.0,24915.0,17107,9275.0,1406.0,18553.0,12661.0,6133.0,10400.0,14158.0,14399.0,13657,5455.0,14171.0,13181.0,3961,37007.0,27945.0,4067.0,13891.0,164149,52887,5099.0,6385.0,12658.0,20000,20000.0,12900.0,6866.0,42917.0
14300,139776.0,21750,1392,27739.0,181413.0,19600.0,34380.0,55923.0,16470.0,4749.0,359198.0,25478.0,17281,9289.0,1464.0,19259.0,12631.0,6234.0,10485.0,13940.0,14508.0,13545,5413.0,14775.0,13196.0,3920,36354.0,28335.0,4047.0,14558.0,163770,52412,5050.0,6332.0,12803.0,19837,20322.0,12900.0,7132.0,42301.0
14323,139000.0,22919,1408,27594.0,185350.0,20700.0,34950.0,55397.0,16865.0,4690.0,366231.0,25167.0,17162,9200.0,1432.0,18886.0,12688.0,6185.0,10512.0,14379.0,14453.0,13600,5630.0,14549.0,13082.0,3928,36638.0,28417.0,4070.0,14305.0,167486,55167,5042.0,6736.0,13020.0,20175,20227.0,12895.0,7232.0,43239.0
14306,140500.0,22500,1415,28384.0,183879.0,20219.0,35669.0,54884.0,17098.0,4671.0,370984.0,25318.0,17422,9125.0,1430.0,18888.0,12738.0,6196.0,10615.0,14153.0,14493.0,13708,5449.0,14209.0,13250.0,3953,36302.0,28048.0,4098.0,14221.0,166624,53538,5030.0,6657.0,13095.0,19631,19803.0,12826.0,7070.0,42630.0
14460,140500.0,22520,1434,29025.0,186466.0,20507.0,34654.0,54700.0,17292.0,4693.0,371100.0,25532.0,17500,9119.0,1428.0,18746.0,13407.0,6265.0,10885.0,13711.0,14448.0,14127,5393.0,14444.0,13354.0,4109,37126.0,28435.0,4260.0,14532.0,166837,53316,5182.0,6484.0,13773.0,20024,20241.0,12972.0,7446.0,42653.0
14508,140100.0,23308,1407,29632.0,186648.0,21283.0,34385.0,55967.0,18036.0,4650.0,373556.0,25784.0,17630,9101.0,1428.0,18856.0,13329.0,6242.0,10890.0,14109.0,14416.0,14016,5647.0,14502.0,13200.0,4220,37667.0,28409.0,4389.0,14476.0,177296,56040,5202.0,6999.0,13928.0,20321,21159.0,12899.0,7554.0,44124.0
14717,139000.0,23005,1413,29874.0,185633.0,21109.0,34027.0,55942.0,17876.0,4627.0,369924.0,25154.0,17508,9180.0,1424.0,18514.0,13170.0,6316.0,10802.0,13520.0,14577.0,13931,5899.0,14632.0,13100.0,4177,37890.0,28773.0,4357.0,14406.0,174718,56847,5169.0,6899.0,13742.0,20964,19599.0,12844.0,7475.0,45550.0
14380,138546.0,22981,1376,29622.0,193179.0,20274.0,31445.0,53421.0,17699.0,4507.0,381196.0,25375.0,17394,9000.0,1382.0,18034.0,12886.0,6157.0,10532.0,13050.0,14424.0,13583,5988.0,14444.0,12774.0,4014,37640.0,27657.0,4171.0,14014.0,169224,57471,5114.0,6940.0,13456.0,20000,19319.0,12515.0,7128.0,46350.0
14477,136129.0,23536,1374,29796.0,191809.0,20590.0,30114.0,52696.0,17624.0,4505.0,378075.0,24902.0,17070,8832.0,1362.0,17813.0,12662.0,6115.0,10500.0,12579.0,14258.0,13484,6010.0,14249.0,12629.0,3995,36502.0,27722.0,4138.0,14056.0,173078,56823,5108.0,6880.0,13360.0,19884,19562.0,12500.0,7100.0,45965.0
14621,135607.0,24125,1370,29791.0,193776.0,21586.0,30640.0,52880.0,17845.0,4507.0,383486.0,24959.0,17469,8850.0,1386.0,17810.0,12416.0,6244.0,10560.0,12555.0,14490.0,13488,6160.0,14124.0,12990.0,3971,37195.0,28869.0,4125.0,14256.0,175239,58716,5094.0,6843.0,13238.0,20296,19595.0,12612.0,7270.0,46833.0
14309,135141.0,24697,1384,29987.0,186400.0,21970.0,30920.0,53018.0,17790.0,4649.0,374150.0,24521.0,17020,9064.0,1376.0,17800.0,12337.0,6222.0,10560.0,12930.0,14526.0,13524,6279.0,14131.0,12953.0,4028,37223.0,28794.0,4160.0,14591.0,177905,58234,5067.0,7026.0,13407.0,20139,19800.0,12607.0,7267.0,47288.0
14244,132995.0,23700,1378,29534.0,176473.0,21152.0,29890.0,53810.0,17480.0,4558.0,359519.0,24512.0,16999,9100.0,1370.0,17392.0,11893.0,6178.0,10431.0,12700.0,14180.0,13434,6117.0,13818.0,13000.0,3964,36315.0,28298.0,4104.0,14337.0,178999,57012,5000.0,6729.0,13275.0,19480,19022.0,12574.0,7223.0,46742.0
14090,132800.0,23573,1387,29084.0,176523.0,21308.0,29641.0,52927.0,17657.0,4677.0,356533.0,24512.0,17161,9055.0,1376.0,17668.0,12110.0,6200.0,10560.0,12335.0,14436.0,13627,6167.0,13995.0,12427.0,4047,36682.0,27542.0,4190.0,14591.0,178996,58113,5067.0,6753.0,13527.0,20099,19340.0,12441.0,7147.0,47250.0
14344,133170.0,25261,1372,28428.0,179954.0,22925.0,30721.0,53445.0,17598.0,4713.0,356188.0,24061.0,17100,9131.0,1360.0,17420.0,12390.0,6174.0,10500.0,12694.0,14561.0,13609,6419.0,13693.0,12396.0,4069,37390.0,28152.0,4220.0,14100.0,187801,62360,5082.0,7467.0,13308.0,20261,19086.0,12372.0,7330.0,49025.0
14245,133875.0,24607,1367,28262.0,176410.0,22190.0,30318.0,52285.0,17110.0,4613.0,351798.0,24476.0,16825,9278.0,1345.0,17442.0,12134.0,6078.0,10361.0,12578.0,14621.0,13300,6154.0,13307.0,12765.0,3963,36529.0,28335.0,4130.0,14165.0,183420,58085,5032.0,7002.0,13063.0,18843,19036.0,12458.0,7269.0,47710.0
14613,135115.0,25618,1382,28214.0,181100.0,22823.0,29961.0,52809.0,17271.0,4817.0,364899.0,24620.0,17312,9345.0,1392.0,17477.0,12346.0,6191.0,10466.0,12530.0,14606.0,13621,6211.0,13417.0,12959.0,4120,36897.0,29350.0,4290.0,14889.0,191090,60357,5156.0,7199.0,13400.0,19500,19157.0,12525.0,7527.0,48165.0
14816,135642.0,27052,1425,28027.0,183179.0,24043.0,29800.0,53291.0,17018.0,4958.0,371403.0,25273.0,17477,9561.0,1410.0,17645.0,12650.0,6206.0,10629.0,12686.0,14712.0,13761,6275.0,13297.0,12964.0,4141,37621.0,30143.0,4316.0,14568.0,197716,61510,5205.0,7355.0,13596.0,19299,19265.0,12600.0,7527.0,49309.0
14881,134520.0,26640,1425,27982.0,183282.0,23900.0,29782.0,53065.0,17049.0,5040.0,375645.0,24633.0,17656,9620.0,1406.0,17576.0,12604.0,6175.0,10700.0,12640.0,14740.0,13596,6266.0,13100.0,12950.0,4208,38133.0,31239.0,4396.0,14757.0,198274,60925,5229.0,7427.0,13669.0,19060,18801.0,12522.0,7600.0,47291.0
15023,134000.0,26778,1408,28618.0,176850.0,24421.0,30361.0,54343.0,16900.0,5069.0,360969.0,25127.0,17910,9684.0,1398.0,17657.0,12748.0,6158.0,10658.0,13039.0,14340.0,13725,6029.0,13592.0,13044.0,4295,37493.0,31527.0,4486.0,14811.0,200374,60791,5362.0,7365.0,13708.0,19652,19300.0,12600.0,7575.0,46673.0
14889,133417.0,27260,1414,28466.0,175061.0,24567.0,31633.0,55280.0,17614.0,5026.0,359563.0,24900.0,18000,9696.0,1384.0,17370.0,12961.0,6158.0,10645.0,13630.0,14298.0,13926,6162.0,13433.0,12669.0,4361,37600.0,31464.0,4561.0,14453.0,205000,62586,5484.0,7303.0,13826.0,22393,19256.0,12540.0,7602.0,47200.0
14804,134202.0,27880,1393,28561.0,170500.0,24696.0,33550.0,55681.0,17427.0,5018.0,350300.0,25100.0,18227,9700.0,1340.0,17205.0,12890.0,6201.0,10592.0,14070.0,14616.0,13950,6172.0,13590.0,12782.0,4448,37711.0,31500.0,4692.0,14338.0,208551,63440,5455.0,7309.0,14098.0,22655,19390.0,12517.0,7650.0,47501.0
14862,137396.0,28491,1410,28490.0,175700.0,25000.0,34552.0,55832.0,17558.0,5073.0,355886.0,24819.0,18391,9820.0,1330.0,17668.0,13059.0,6158.0,10750.0,15100.0,14742.0,14069,5992.0,14107.0,12926.0,4444,38558.0,31980.0,4675.0,14000.0,213873,61063,5555.0,7134.0,14449.0,22967,19388.0,12531.0,7589.0,46318.0
14978,137976.0,29138,1408,29134.0,176379.0,25447.0,33679.0,55022.0,17813.0,5070.0,356000.0,24620.0,18282,9799.0,1375.0,17855.0,13206.0,6235.0,10936.0,14042.0,14647.0,14315,6007.0,14025.0,12987.0,4553,38200.0,31725.0,4758.0,14400.0,217136,60575,5584.0,7207.0,14401.0,22946,19546.0,12589.0,7437.0,45382.0
15100,138614.0,28457,1387,28601.0,180760.0,25836.0,34234.0,54767.0,18058.0,5060.0,363250.0,24568.0,18090,9804.0,1336.0,17672.0,13300.0,6284.0,10782.0,14364.0,14484.0,14200,6001.0,13923.0,12750.0,4523,38317.0,31644.0,4735.0,14173.0,206988,61448,5565.0,7100.0,14239.0,22715,19099.0,12546.0,8347.0,45473.0
14995,138000.0,27600,1402,28552.0,169810.0,25400.0,33649.0,55250.0,18297.0,5204.0,344993.0,24316.0,17840,9809.0,1330.0,18342.0,13467.0,6405.0,10836.0,13863.0,14752.0,13935,6045.0,14348.0,12714.0,4600,38347.0,31397.0,4864.0,14793.0,201500,62920,5538.0,6777.0,14538.0,23015,18960.0,12542.0,8688.0,45358.0
14753,135284.0,27675,1400,28550.0,166655.0,24439.0,34044.0,55725.0,17820.0,5199.0,339993.0,24081.0,17916,9828.0,1353.0,19089.0,13300.0,6332.0,10770.0,14012.0,14598.0,13427,5910.0,14524.0,13000.0,4558,38061.0,30750.0,4792.0,14454.0,204000,61726,5485.0,6727.0,14236.0,22777,19132.0,13366.0,8887.0,44201.0
14808,134495.0,27890,1386,28161.0,167683.0,24871.0,33828.0,55245.0,17672.0,5016.0,342000.0,24208.0,17445,9720.0,1327.0,18910.0,12864.0,6250.0,10600.0,14254.0,14350.0,13041,5865.0,15164.0,12841.0,4513,37726.0,29830.0,4750.0,14122.0,207286,61022,5385.0,7034.0,13802.0,22514,19373.0,13603.0,9121.0,43500.0
14740,132722.0,26496,1340,28101.0,164064.0,24674.0,32606.0,56638.0,17737.0,5026.0,338352.0,24200.0,17365,9293.0,1299.0,18652.0,12698.0,6113.0,10602.0,14074.0,14420.0,12945,5850.0,15758.0,13000.0,4526,37568.0,29657.0,4742.0,13591.0,208178,58769,5298.0,6682.0,13510.0,22555,19734.0,13359.0,8938.0,43100.0
14937,133538.0,26695,1333,27478.0,163083.0,25467.0,32316.0,56791.0,18390.0,4957.0,339614.0,24195.0,17265,9167.0,1286.0,18500.0,12695.0,6058.0,10498.0,14158.0,14600.0,12809,5885.0,15758.0,12857.0,4502,37998.0,29058.0,4721.0,13483.0,212707,59355,5264.0,7100.0,13129.0,22531,19360.0,13416.0,8718.0,43139.0
14700,133842.0,26120,1324,27875.0,163500.0,24476.0,32400.0,57044.0,17514.0,4880.0,345356.0,23888.0,16775,9087.0,1244.0,18757.0,12229.0,6051.0,10450.0,14438.0,14129.0,12614,5808.0,15731.0,12588.0,4163,37636.0,28851.0,4363.0,13667.0,211542,57571,5188.0,6756.0,12740.0,21665,19553.0,13210.0,8764.0,42126.0
14114,134663.0,25562,1295,29115.0,166533.0,23625.0,30876.0,58687.0,16928.0,4805.0,349780.0,23984.0,16284,9069.0,1193.0,18206.0,12100.0,5886.0,10286.0,13875.0,14539.0,12209,5560.0,15624.0,12825.0,4112,37495.0,28330.0,4299.0,13560.0,207632,55493,5038.0,6475.0,12548.0,20861,19374.0,12846.0,8550.0,41569.0
13960,135783.0,25903,1306,28829.0,164577.0,23461.0,29773.0,56975.0,17006.0,4788.0,347143.0,23507.0,15954,9047.0,1198.0,18487.0,12221.0,5884.0,10179.0,13461.0,14384.0,12273,5636.0,15306.0,12523.0,4165,38030.0,28032.0,4339.0,13451.0,210979,56781,5025.0,6576.0,12673.0,21215,19405.0,12860.0,8508.0,41887.0
13625,134247.0,26564,1282,28609.0,162652.0,24055.0,29500.0,57070.0,17059.0,4750.0,344389.0,23983.0,15976,8946.0,1183.0,18480.0,12009.0,5779.0,10003.0,13600.0,14175.0,12211,5487.0,15329.0,12912.0,4117,37900.0,27931.0,4330.0,13415.0,213320,55507,5016.0,6538.0,12836.0,20751,19490.0,12833.0,8510.0,41183.0
13876,138762.0,27533,1305,29017.0,166914.0,25512.0,30366.0,57800.0,17509.0,4900.0,352700.0,24617.0,16135,9119.0,1257.0,19425.0,12288.0,5960.0,10146.0,13699.0,14422.0,12578,5851.0,16173.0,12915.0,4280,39371.0,28686.0,4473.0,13700.0,224087,59043,5085.0,6740.0,13249.0,21865,19483.0,13053.0,8702.0,43322.0
14167,142070.0,26980,1324,29623.0,165474.0,25575.0,32054.0,57973.0,17550.0,4985.0,354649.0,24697.0,16873,9225.0,1261.0,19811.0,12845.0,6019.0,10651.0,14081.0,14427.0,12790,5854.0,15912.0,13130.0,4298,39267.0,29374.0,4480.0,13750.0,217751,58041,5297.0,6576.0,13934.0,21724,19432.0,13113.0,8830.0,43000.0
14426,144500.0,26898,1350,30562.0,166095.0,25503.0,32123.0,56917.0,17700.0,5000.0,354050.0,24567.0,17182,9426.0,1282.0,19425.0,13194.0,6047.0,10732.0,13780.0,14682.0,12896,5859.0,16200.0,13214.0,4334,39243.0,29000.0,4527.0,13680.0,214179,58410,5250.0,6499.0,14309.0,21719,19751.0,13048.0,8817.0,43025.0
14436,141984.0,27373,1320,29181.0,164300.0,25738.0,32184.0,56159.0,17386.0,4945.0,353171.0,24040.0,17039,9322.0,1263.0,19361.0,12609.0,5953.0,10400.0,13751.0,14243.0,12543,5808.0,15712.0,12895.0,4327,37931.0,28601.0,4519.0,13258.0,215215,58075,5162.0,6500.0,14000.0,21170,18989.0,12626.0,8685.0,42753.0
15213,139000.0,27722,1315,28362.0,172952.0,25883.0,33382.0,54984.0,17547.0,4920.0,371900.0,23602.0,17170,9414.0,1243.0,19798.0,12417.0,5853.0,10400.0,14773.0,14278.0,12422,5763.0,15619.0,12702.0,4370,38318.0,28604.0,4539.0,13262.0,215254,58343,5110.0,6588.0,14123.0,22243,19042.0,12550.0,8548.0,41874.0
14933,137733.0,28425,1353,28724.0,169200.0,26845.0,33506.0,55826.0,17667.0,4927.0,366953.0,24246.0,17498,9479.0,1306.0,20232.0,12564.0,5969.0,10499.0,14980.0,14730.0,12458,5912.0,15750.0,12996.0,4405,38604.0,29198.0,4589.0,13610.0,221001,59990,5119.0,6915.0,14041.0,21982,19368.0,12706.0,8880.0,42883.0
14971,138331.0,28579,1355,28637.0,162232.0,26865.0,31990.0,55403.0,17775.0,4974.0,348500.0,24432.0,17608,9490.0,1339.0,20043.0,12501.0,5631.0,10600.0,14532.0,14635.0,12403,5865.0,15278.0,12481.0,4465,37887.0,29128.0,4646.0,13684.0,217610,59861,5064.0,6722.0,14164.0,21870,19300.0,12635.0,8685.0,43373.0
14808,136268.0,29006,1355,28523.0,164003.0,26718.0,32265.0,56501.0,17711.0,4852.0,350336.0,23756.0,17312,9390.0,1346.0,19772.0,12210.0,5582.0,10520.0,14650.0,14505.0,12185,5811.0,15098.0,12216.0,4360,37750.0,28760.0,4533.0,13550.0,216075,60900,4972.0,6708.0,13747.0,21751,19004.0,12593.0,8864.0,42864.0
14946,136682.0,28262,1348,28512.0,164167.0,26771.0,32316.0,55934.0,17420.0,4932.0,348600.0,23801.0,17415,9422.0,1342.0,19587.0,12370.0,5660.0,10702.0,14433.0,14650.0,12330,5823.0,15065.0,12305.0,4431,38392.0,29151.0,4630.0,13561.0,216258,61662,5029.0,6628.0,13775.0,21400,19172.0,12639.0,8797.0,43246.0
14799,139043.0,27500,1348,28735.0,160600.0,26211.0,31038.0,56004.0,17601.0,4945.0,341335.0,23901.0,17340,9369.0,1341.0,19411.0,12404.0,5627.0,10625.0,13860.0,14546.0,12285,5713.0,15295.0,12300.0,4455,37997.0,28601.0,4655.0,13643.0,210200,60613,5029.0,6480.0,13899.0,21110,19219.0,12720.0,8944.0,42508.0
14714,138500.0,27795,1310,28803.0,163880.0,26905.0,31198.0,55732.0,17872.0,5058.0,350442.0,23841.0,17307,9215.0,1360.0,19479.0,12470.0,5639.0,10693.0,13653.0,14748.0,12207,5743.0,15023.0,12556.0,4516,37738.0,28519.0,4708.0,13525.0,214362,60808,5067.0,6689.0,14023.0,22514,19228.0,12763.0,9360.0,42663.0
14600,137256.0,27365,1357,28650.0,162704.0,26700.0,30526.0,55047.0,18351.0,5136.0,354615.0,24001.0,17618,9400.0,1320.0,19366.0,12300.0,5656.0,10856.0,13532.0,15102.0,11985,5998.0,14929.0,12603.0,4540,37359.0,29357.0,4752.0,13630.0,208923,62378,5111.0,7045.0,14411.0,23443,19145.0,12743.0,9294.0,43715.0
14865,140000.0,27475,1350,28323.0,162670.0,26836.0,31156.0,55182.0,18004.0,5148.0,354300.0,24552.0,17563,9427.0,1320.0,19554.0,12756.0,5653.0,11106.0,13710.0,14858.0,12281,5945.0,15029.0,12711.0,4623,37902.0,29056.0,4825.0,13531.0,201200,61367,5230.0,7159.0,14725.0,23214,19010.0,12725.0,9255.0,43819.0
14779,140122.0,28597,1352,28946.0,164703.0,27585.0,32024.0,57122.0,18030.0,5308.0,355000.0,24691.0,17710,9560.0,1344.0,19748.0,12783.0,5699.0,11142.0,14304.0,15008.0,12308,5968.0,14835.0,12800.0,4749,39132.0,29654.0,4961.0,14062.0,208564,63276,5246.0,7292.0,14830.0,23351,19193.0,12731.0,9278.0,44186.0
14965,140491.0,28400,1349,28890.0,161317.0,27260.0,31321.0,57834.0,17769.0,5202.0,347741.0,24500.0,17392,9467.0,1345.0,19471.0,12599.0,5640.0,11256.0,13959.0,14847.0,12227,6024.0,14775.0,12771.0,4746,39083.0,29269.0,4960.0,13955.0,204000,63131,5268.0,7044.0,14935.0,23449,19177.0,12825.0,9297.0,44038.0
14625,139983.0,28006,1330,27610.0,158388.0,26650.0,31486.0,53400.0,17839.0,5200.0,341397.0,24500.0,16974,9378.0,1303.0,18935.0,12068.0,5534.0,11055.0,14049.0,14494.0,11888,5840.0,14526.0,12553.0,4777,38782.0,28902.0,4975.0,13758.0,203000,61504,5140.0,6962.0,14621.0,22506,18714.0,12663.0,9151.0,43357.0
14671,138805.0,29408,1376,27747.0,156564.0,27598.0,31819.0,54665.0,17659.0,5160.0,338864.0,24193.0,17027,9454.0,1309.0,19102.0,12215.0,5532.0,11106.0,14508.0,14738.0,11790,5765.0,14546.0,12630.0,4791,39002.0,29010.0,5011.0,13526.0,208834,61014,5072.0,7167.0,14619.0,23350,18911.0,12695.0,9386.0,43304.0
14753,137551.0,28500,1385,27723.0,159152.0,26650.0,31680.0,54270.0,17537.0,5126.0,339774.0,23790.0,17083,9511.0,1295.0,18819.0,12350.0,5500.0,11002.0,14459.0,14800.0,11801,5792.0,14752.0,12400.0,4823,38977.0,29568.0,5052.0,13367.0,205124,60814,5050.0,6976.0,14600.0,23434,18841.0,12575.0,9122.0,43103.0
14771,139906.0,28556,1418,27576.0,159726.0,26902.0,30886.0,53885.0,17404.0,5125.0,342217.0,23977.0,16844,9834.0,1294.0,18633.0,12350.0,5496.0,10988.0,14187.0,14781.0,11687,5884.0,14592.0,12385.0,4920,39384.0,29366.0,5181.0,13075.0,207274,61854,5050.0,6928.0,14554.0,23930,18746.0,12497.0,9179.0,43689.0
16264,144733.0,28160,1424,27667.0,158111.0,26341.0,30566.0,53510.0,17675.0,5112.0,336342.0,25402.0,17145,9768.0,1305.0,18878.0,12383.0,5516.0,11009.0,14182.0,14855.0,11819,6060.0,14863.0,12557.0,4973,39534.0,29625.0,5240.0,13165.0,205200,63261,5059.0,6875.0,14565.0,23906,18969.0,12685.0,9097.0,44554.0
16400,149039.0,28085,1488,27397.0,160500.0,26367.0,29744.0,53288.0,15705.0,5063.0,337150.0,24916.0,17219,9995.0,1295.0,18850.0,12585.0,5577.0,11238.0,13487.0,14798.0,11982,6083.0,14800.0,12650.0,5265,39280.0,29608.0,5550.0,13155.0,206100,63598,5156.0,6895.0,14930.0,25131,18776.0,12597.0,9234.0,44274.0
16324,150900.0,27787,1468,27227.0,157588.0,26225.0,29298.0,52319.0,15643.0,4977.0,332635.0,24525.0,17102,9900.0,1282.0,18840.0,12865.0,5622.0,11200.0,13328.0,14784.0,12194,5988.0,14551.0,12709.0,5440,39555.0,29353.0,5744.0,13177.0,202933,62640,5322.0,6809.0,15263.0,25107,18667.0,12621.0,9207.0,44068.0
16150,148640.0,27153,1452,27995.0,158298.0,24999.0,30020.0,53710.0,15250.0,4916.0,331041.0,24220.0,16749,9770.0,1265.0,18186.0,12245.0,5602.0,10998.0,13720.0,15012.0,11801,5955.0,14459.0,12479.0,5529,39466.0,28592.0,5829.0,13200.0,198482,61841,5104.0,6772.0,14786.0,24400,18346.0,12573.0,9162.0,44046.0
15850,149585.0,27042,1440,27050.0,156949.0,25460.0,31043.0,53890.0,15049.0,4784.0,331100.0,24209.0,16637,9600.0,1246.0,18066.0,11977.0,5535.0,10815.0,14071.0,14950.0,11514,5860.0,14411.0,12372.0,5429,38812.0,28157.0,5701.0,13218.0,197938,61743,4990.0,6880.0,14330.0,23850,18180.0,12334.0,8831.0,43748.0
15824,149600.0,26598,1417,27328.0,151167.0,25007.0,31163.0,54400.0,15202.0,4853.0,324683.0,23913.0,16503,9572.0,1233.0,18388.0,11884.0,5533.0,10669.0,14070.0,14701.0,11441,5972.0,14438.0,12152.0,5379,39275.0,27728.0,5628.0,13356.0,192447,62094,4955.0,6666.0,14145.0,23839,18267.0,12361.0,8879.0,44167.0
16117,151701.0,26500,1400,27525.0,151012.0,25242.0,30817.0,54322.0,15682.0,4927.0,324000.0,24515.0,16956,9540.0,1269.0,18841.0,12139.0,5660.0,10882.0,13907.0,14950.0,11800,6162.0,14606.0,12613.0,5545,39478.0,28337.0,5717.0,13775.0,195180,64800,5123.0,6600.0,14588.0,24470,18820.0,12519.0,9903.0,45787.0
16005,154204.0,26396,1399,27532.0,150600.0,24200.0,31770.0,55189.0,15955.0,5016.0,328840.0,24583.0,17276,9591.0,1289.0,19291.0,12297.0,5791.0,11070.0,14337.0,14825.0,12041,6117.0,14842.0,12857.0,5519,38594.0,28224.0,5699.0,14135.0,186023,64437,5244.0,6680.0,14960.0,24048,18916.0,12651.0,9767.0,45430.0
16402,155396.0,26986,1434,27819.0,153801.0,24638.0,32434.0,55936.0,16320.0,5057.0,333765.0,24708.0,17338,9716.0,1323.0,19373.0,12300.0,5890.0,11031.0,14676.0,14895.0,12124,6358.0,14914.0,12849.0,5669,38453.0,28382.0,5900.0,14442.0,193400,66600,5325.0,6710.0,14793.0,24069,19024.0,12615.0,9647.0,46071.0
16233,156238.0,26748,1470,27519.0,147730.0,24826.0,31929.0,55746.0,16436.0,5050.0,323362.0,25053.0,17256,9703.0,1308.0,19450.0,12489.0,5887.0,10905.0,15047.0,14865.0,12143,6543.0,14803.0,12940.0,5558,38626.0,28550.0,5745.0,14339.0,186446,67400,5369.0,6737.0,15010.0,24050,19032.0,12593.0,9570.0,46910.0
16289,156300.0,26133,1451,26941.0,142856.0,24130.0,31292.0,54648.0,16028.0,4988.0,317459.0,25441.0,17315,9533.0,1298.0,19569.0,12416.0,5881.0,10750.0,14698.0,14498.0,12060,6462.0,14758.0,12809.0,5403,37159.0,27884.0,5571.0,14256.0,185421,66499,5386.0,6472.0,14849.0,23700,18941.0,12542.0,9530.0,45760.0
16241,156297.0,25899,1435,26501.0,146662.0,24151.0,32437.0,55900.0,16252.0,5000.0,312388.0,25963.0,17269,9500.0,1296.0,19130.0,12382.0,5920.0,10600.0,15169.0,14452.0,12050,6666.0,14673.0,12060.0,5418,37744.0,27672.0,5596.0,14393.0,182770,67770,5385.0,6465.0,14742.0,23951,18611.0,12509.0,9803.0,46580.0
16230,155663.0,25558,1422,26377.0,143342.0,23514.0,32090.0,55766.0,15840.0,4924.0,302055.0,25700.0,17393,9463.0,1270.0,18919.0,12250.0,5846.0,10528.0,15037.0,14370.0,11995,6499.0,14574.0,12200.0,5328,37867.0,27761.0,5518.0,14109.0,178413,64961,5284.0,6280.0,14588.0,23694,18587.0,12407.0,9605.0,44955.0
16447,158000.0,25772,1444,27109.0,143557.0,23671.0,33200.0,56358.0,16177.0,5089.0,301638.0,25723.0,17500,9640.0,1277.0,19651.0,12470.0,5884.0,10849.0,15634.0,14720.0,12206,6448.0,14581.0,12463.0,5527,38476.0,28189.0,5703.0,14410.0,177000,64693,5328.0,6395.0,14500.0,23700,18765.0,12589.0,9605.0,44278.0
16513,160212.0,26242,1414,27100.0,145400.0,24006.0,34988.0,56147.0,16197.0,5197.0,306650.0,25720.0,17436,9607.0,1274.0,19801.0,12443.0,5839.0,10846.0,16484.0,14769.0,12115,6483.0,14878.0,12200.0,5498,38600.0,28300.0,5724.0,14279.0,180266,65740,5229.0,6617.0,14574.0,23450,19163.0,12696.0,9652.0,44800.0
16705,160961.0,26100,1411,27452.0,143876.0,24249.0,35701.0,55816.0,16082.0,5385.0,301426.0,25670.0,18006,9600.0,1282.0,19949.0,12630.0,5814.0,11350.0,16820.0,14829.0,12236,6475.0,15368.0,12319.0,5450,38858.0,29392.0,5678.0,14424.0,182583,65861,5238.0,6700.0,14680.0,23178,18834.0,12468.0,9555.0,44586.0
16345,163057.0,23832,1417,27030.0,142183.0,23258.0,37110.0,54996.0,15548.0,5342.0,298375.0,25323.0,18519,9632.0,1265.0,20246.0,12556.0,5732.0,11467.0,17125.0,14514.0,12081,6187.0,15394.0,12653.0,5342,37732.0,28621.0,5577.0,14543.0,175693,62087,5192.0,6437.0,14412.0,22390,18885.0,12730.0,9611.0,42379.0
16369,162981.0,24063,1425,27153.0,144819.0,23155.0,36244.0,54800.0,15562.0,5268.0,304152.0,25276.0,18202,9643.0,1274.0,19875.0,12677.0,5725.0,11534.0,17299.0,14716.0,12123,6135.0,15385.0,12375.0,5513,37865.0,28884.0,5750.0,14701.0,178148,62127,5285.0,6485.0,14601.0,22064,18805.0,12709.0,9474.0,42058.0
16176,163764.0,24138,1413,27350.0,141475.0,23270.0,35325.0,55233.0,15405.0,5222.0,301640.0,25148.0,18311,9472.0,1303.0,19738.0,12923.0,5753.0,11754.0,16918.0,15417.0,12225,6123.0,15514.0,12545.0,5470,37900.0,28571.0,5715.0,14950.0,173442,62005,5366.0,6359.0,14609.0,22014,18553.0,12585.0,9500.0,42009.0
16151,164522.0,23334,1428,27055.0,142059.0,22100.0,35150.0,55303.0,15225.0,5195.0,300750.0,25120.0,18368,9597.0,1292.0,19691.0,12878.0,5664.0,11583.0,16844.0,15781.0,12209,6112.0,15227.0,13039.0,5239,37848.0,28318.0,5500.0,14845.0,169800,61942,5336.0,6287.0,14399.0,22300,18445.0,12713.0,9604.0,41402.0
16230,165191.0,23425,1405,27820.0,144674.0,21898.0,35089.0,54400.0,15180.0,5137.0,305235.0,25272.0,18555,9466.0,1365.0,19317.0,13352.0,5700.0,11781.0,16911.0,15862.0,12521,5993.0,15430.0,13234.0,5230,37717.0,28548.0,5551.0,14916.0,171956,60650,5491.0,6136.0,14667.0,22107,18505.0,12957.0,9422.0,40554.0
16600,167552.0,23152,1447,27863.0,142851.0,21731.0,33700.0,54229.0,15000.0,5172.0,302920.0,25635.0,18614,9600.0,1355.0,19734.0,13659.0,5720.0,12002.0,16943.0,16200.0,12702,5933.0,15418.0,13466.0,5304,37538.0,28563.0,5647.0,15068.0,170499,59624,5470.0,6024.0,14665.0,22312,18426.0,12990.0,9758.0,40427.0
16310,164025.0,24149,1452,28500.0,140172.0,22557.0,33332.0,53791.0,15030.0,5264.0,298000.0,25474.0,19083,9566.0,1372.0,22047.0,14056.0,5740.0,12000.0,16961.0,16308.0,12922,6249.0,15551.0,13822.0,5761,37558.0,28517.0,6030.0,14650.0,172500,61770,5583.0,6247.0,15131.0,22500,18820.0,13132.0,9797.0,41858.0
16405,165577.0,23800,1462,28836.0,143191.0,22159.0,33000.0,53050.0,15200.0,5565.0,303577.0,25944.0,19449,9589.0,1430.0,23180.0,14282.0,5900.0,12100.0,16687.0,16771.0,13314,6298.0,15271.0,13671.0,5808,37423.0,29151.0,6061.0,14311.0,173748,61242,5647.0,6269.0,16024.0,22458,18975.0,13210.0,10138.0,41624.0
16100,166681.0,25050,1445,28557.0,143019.0,23308.0,34031.0,52689.0,15385.0,5575.0,304994.0,25750.0,19424,9617.0,1430.0,23330.0,14316.0,5950.0,11963.0,17358.0,16680.0,13568,6453.0,15461.0,13783.0,5742,37047.0,29043.0,5995.0,14059.0,181869,62080,5606.0,6511.0,16300.0,22392,19111.0,13084.0,9944.0,42065.0
16485,167241.0,24715,1467,28390.0,144778.0,22838.0,32966.0,53000.0,15700.0,5570.0,307723.0,25586.0,19607,9607.0,1460.0,23302.0,14199.0,6120.0,12327.0,16702.0,17275.0,13538,6473.0,15603.0,13864.0,5742,37646.0,29442.0,6017.0,14300.0,178434,63591,5676.0,6800.0,16251.0,23818,19207.0,13339.0,10247.0,43070.0
16318,168158.0,24790,1453,28140.0,145717.0,23050.0,32516.0,52734.0,16097.0,5544.0,309845.0,26121.0,19763,9492.0,1458.0,23700.0,14317.0,6250.0,12200.0,16443.0,17351.0,13680,6430.0,15913.0,13877.0,5715,37621.0,29550.0,5976.0,14355.0,177063,63569,5713.0,6828.0,16605.0,24193,19534.0,13446.0,10428.0,42270.0
16559,167442.0,24474,1456,27978.0,142168.0,22328.0,31314.0,52600.0,15994.0,5517.0,301971.0,26331.0,19723,9368.0,1433.0,23507.0,14210.0,6247.0,12075.0,15928.0,17003.0,13650,6252.0,16200.0,13803.0,5679,36635.0,29463.0,5910.0,14205.0,174470,61400,5654.0,6570.0,16803.0,23501,19579.0,13404.0,10216.0,41343.0
16563,165870.0,24900,1439,27795.0,142763.0,22506.0,31034.0,52200.0,15806.0,5539.0,302955.0,26302.0,19810,9498.0,1415.0,23273.0,14166.0,6250.0,12088.0,15620.0,17000.0,13378,6307.0,15926.0,13732.0,5713,36480.0,29800.0,5968.0,14179.0,174500,62160,5595.0,6571.0,16638.0,23275,19440.0,13405.0,10387.0,41413.0
16263,166377.0,24666,1454,28163.0,141186.0,22200.0,30397.0,53135.0,15852.0,5436.0,299274.0,26048.0,19490,9497.0,1408.0,22330.0,14306.0,6189.0,12121.0,15310.0,17400.0,13408,6207.0,15768.0,13750.0,5660,36625.0,29180.0,5955.0,13963.0,170591,60637,5600.0,6570.0,16841.0,23351,19264.0,13535.0,10617.0,41207.0
16231,168011.0,24500,1479,28312.0,141513.0,21756.0,29903.0,53550.0,15683.0,5454.0,297997.0,25731.0,19606,9626.0,1365.0,22419.0,14187.0,6143.0,12106.0,15030.0,17479.0,13317,6245.0,15714.0,13651.0,5611,36997.0,29207.0,5878.0,13823.0,165432,61454,5640.0,6535.0,17038.0,22908,19259.0,13360.0,10450.0,41878.0
16516,173000.0,24677,1490,28542.0,140750.0,21892.0,29713.0,53998.0,15696.0,5481.0,293950.0,25883.0,19962,9763.0,1385.0,22417.0,14803.0,6400.0,12265.0,14901.0,17673.0,13933,6129.0,15760.0,13720.0,5531,36571.0,30849.0,5800.0,14000.0,168010,59745,5762.0,6490.0,17780.0,23081,19067.0,13436.0,10600.0,41093.0
16600,172230.0,24229,1502,28467.0,140032.0,21825.0,29799.0,54399.0,15583.0,5527.0,293184.0,25983.0,20037,9795.0,1390.0,22850.0,14749.0,6433.0,12325.0,14932.0,17437.0,13771,6160.0,15684.0,13348.0,5557,36800.0,30990.0,5789.0,13904.0,167368,59747,5714.0,6430.0,17459.0,23700,18976.0,13590.0,10843.0,41005.0
16498,168127.0,24276,1500,28489.0,141299.0,21820.0,29734.0,54300.0,15730.0,5554.0,296538.0,24997.0,19823,9757.0,1399.0,21973.0,14643.0,6398.0,12173.0,15016.0,17406.0,13708,6346.0,15429.0,12700.0,5644,37151.0,30166.0,5876.0,13651.0,165212,61000,5628.0,6362.0,17225.0,23236,18702.0,13431.0,10815.0,41812.0
16488,167651.0,24215,1501,28654.0,142339.0,22137.0,29058.0,54256.0,15939.0,5681.0,299000.0,24700.0,19972,9775.0,1415.0,22155.0,14729.0,6483.0,12170.0,14426.0,17540.0,13734,6358.0,15736.0,12608.0,5695,37950.0,30263.0,5937.0,13762.0,165348,60608,5684.0,6298.0,17491.0,24000,18800.0,13471.0,10779.0,41905.0
16344,166532.0,23875,1490,28587.0,140725.0,21753.0,28622.0,55588.0,15600.0,5580.0,298413.0,24966.0,19684,9736.0,1400.0,21325.0,14290.0,6500.0,12059.0,14192.0,17723.0,13581,6193.0,15567.0,12559.0,5700,37561.0,29959.0,5947.0,13690.0,163153,58151,5623.0,6149.0,17203.0,23409,18685.0,13549.0,10727.0,41436.0
17036,162681.0,22761,1488,29112.0,144012.0,20855.0,27290.0,56000.0,15852.0,5424.0,306732.0,24566.0,19394,9735.0,1390.0,21636.0,13666.0,6307.0,11962.0,13280.0,17690.0,13109,6017.0,15427.0,12387.0,5639,37995.0,31300.0,5872.0,13200.0,156580,56408,5410.0,5771.0,17051.0,22457,18480.0,13495.0,10469.0,40650.0
16305,161099.0,22905,1489,28800.0,141257.0,21084.0,27490.0,55034.0,16085.0,5523.0,305017.0,24593.0,19117,9988.0,1329.0,21801.0,13267.0,6196.0,11624.0,13355.0,17382.0,12700,5845.0,15552.0,12113.0,5565,36330.0,30929.0,5864.0,12831.0,155225,54488,5295.0,5913.0,16715.0,21089,18531.0,13321.0,10373.0,39944.0
15948,163966.0,22998,1482,27678.0,142975.0,20924.0,27060.0,55600.0,15654.0,5435.0,304000.0,24250.0,18997,9926.0,1300.0,21245.0,13136.0,6118.0,11388.0,13235.0,17487.0,12542,5967.0,15433.0,11713.0,5488,37129.0,30708.0,5784.0,12685.0,152997,54829,5216.0,5835.0,16609.0,20800,18331.0,13266.0,10548.0,40414.0
15973,162861.0,23204,1482,28000.0,139950.0,21310.0,26367.0,55900.0,15978.0,5312.0,296000.0,24212.0,18879,9898.0,1292.0,21250.0,13044.0,6112.0,11374.0,12965.0,17672.0,12497,6156.0,15250.0,11647.0,5575,37765.0,30760.0,5883.0,12525.0,152952,55864,5194.0,5852.0,16588.0,21475,18007.0,13244.0,10421.0,41136.0
16112,164121.0,23995,1483,28136.0,139400.0,21825.0,26930.0,55282.0,16543.0,5361.0,294490.0,24104.0,18935,9865.0,1291.0,20996.0,13300.0,6105.0,11477.0,13279.0,17518.0,12592,6193.0,15228.0,11674.0,5531,37443.0,31094.0,5833.0,12484.0,160149,56339,5216.0,6070.0,16767.0,22050,17805.0,12802.0,10499.0,41590.0
16127,165382.0,24519,1455,27845.0,138599.0,22253.0,27027.0,55060.0,16768.0,5436.0,294014.0,24261.0,18987,9867.0,1370.0,21223.0,13400.0,6171.0,11482.0,13156.0,17736.0,12699,6230.0,15362.0,11691.0,5602,37472.0,31355.0,5894.0,12567.0,160717,57403,5270.0,6047.0,17020.0,22283,18050.0,12897.0,10445.0,41935.0
15900,166821.0,24228,1470,27833.0,137904.0,22077.0,26472.0,54730.0,17079.0,5439.0,291583.0,24358.0,18860,9981.0,1343.0,20932.0,13549.0,6198.0,11514.0,12866.0,17456.0,12765,6210.0,15400.0,11612.0,5626,37310.0,31693.0,5934.0,12511.0,164354,58543,5335.0,5950.0,17028.0,22648,17880.0,12794.0,10400.0,42316.0
15687,164600.0,24080,1454,27862.0,139607.0,21889.0,26517.0,55721.0,16948.0,5279.0,296661.0,24129.0,18498,9966.0,1319.0,20450.0,13165.0,6060.0,11323.0,12808.0,17451.0,12406,6130.0,15277.0,11658.0,5475,37131.0,30823.0,5822.0,12251.0,163970,57364,5150.0,5954.0,16557.0,21811,17624.0,12662.0,10102.0,42500.0
15970,167589.0,23734,1476,28299.0,142484.0,21867.0,26197.0,56217.0,16744.0,5458.0,303632.0,25000.0,18830,10017.0,1344.0,21497.0,13508.0,6189.0,11647.0,12709.0,17583.0,12732,6228.0,15547.0,11743.0,5531,37716.0,31115.0,5832.0,12635.0,163394,57286,5297.0,5952.0,17183.0,21872,17945.0,12867.0,10100.0,42701.0
16209,168648.0,23549,1490,28023.0,140484.0,21693.0,26549.0,55420.0,16842.0,5391.0,299819.0,24569.0,19046,10122.0,1350.0,21052.0,13572.0,6137.0,11460.0,12840.0,17362.0,12761,6118.0,15544.0,11734.0,5452,37600.0,30961.0,5711.0,12627.0,164941,56942,5359.0,5966.0,17087.0,21801,18089.0,12877.0,10323.0,42224.0
16287,167573.0,24417,1500,27871.0,139725.0,22563.0,27110.0,56128.0,16888.0,5403.0,296100.0,24800.0,19120,10215.0,1339.0,20934.0,13472.0,6114.0,11451.0,13150.0,17500.0,12656,6186.0,15680.0,11833.0,5464,38082.0,31209.0,5744.0,12379.0,169135,57562,5321.0,6133.0,16925.0,22466,17988.0,12850.0,10289.0,42790.0
16177,167000.0,24112,1498,28018.0,139436.0,22272.0,27074.0,55947.0,16761.0,5400.0,295958.0,24821.0,18721,10198.0,1319.0,20885.0,13279.0,6094.0,11518.0,13237.0,17326.0,12613,6234.0,15556.0,11818.0,5446,38061.0,31245.0,5732.0,12290.0,168016,58390,5304.0,5988.0,16833.0,21887,18056.0,12777.0,10449.0,42496.0
16130,167652.0,24487,1505,28144.0,131132.0,22645.0,27688.0,55850.0,16829.0,5301.0,278000.0,24809.0,18992,10399.0,1340.0,20580.0,13309.0,6121.0,11578.0,13286.0,17357.0,12730,6338.0,15511.0,11884.0,5501,38334.0,31666.0,5760.0,12350.0,171705,59200,5335.0,6088.0,17008.0,22415,18000.0,12845.0,10420.0,43268.0
16111,165647.0,24524,1548,28119.0,133011.0,22715.0,28189.0,55583.0,16608.0,5288.0,281045.0,24941.0,18815,10587.0,1317.0,20478.0,13230.0,6131.0,11515.0,13467.0,17183.0,12632,6143.0,15753.0,11835.0,5464,38294.0,32159.0,5710.0,12334.0,170322,57574,5382.0,6033.0,16752.0,21832,18179.0,12732.0,10369.0,42443.0
16564,164655.0,25316,1544,28352.0,135066.0,23729.0,28050.0,54897.0,17016.0,5386.0,286358.0,25711.0,18964,10497.0,1346.0,20588.0,13322.0,6140.0,11613.0,13331.0,17416.0,12809,6285.0,16016.0,11984.0,5403,38738.0,32133.0,5650.0,12525.0,178864,59182,5508.0,6213.0,16863.0,21764,18381.0,12819.0,10184.0,43450.0
16650,162543.0,23476,1574,27965.0,129925.0,21730.0,27732.0,54200.0,16969.0,5415.0,275000.0,25946.0,19243,10507.0,1312.0,20826.0,13520.0,6035.0,11563.0,12931.0,16945.0,12810,6034.0,16105.0,11100.0,5355,38029.0,32370.0,5569.0,12365.0,167545,56040,5517.0,5865.0,16877.0,21087,18295.0,12799.0,10311.0,42528.0
16805,163008.0,23547,1575,27793.0,129914.0,21715.0,27764.0,54556.0,17757.0,5511.0,273545.0,25735.0,19169,10500.0,1317.0,21288.0,13918.0,6025.0,11535.0,12932.0,17290.0,13321,6301.0,15787.0,11275.0,5512,38998.0,32250.0,5730.0,12472.0,167563,58800,5603.0,5964.0,17449.0,22250,18252.0,12731.0,10547.0,44602.0
17272,161016.0,23956,1571,28885.0,132950.0,22012.0,28423.0,55679.0,17895.0,5424.0,277998.0,26002.0,19194,10551.0,1325.0,21029.0,13718.0,6030.0,11670.0,13481.0,17768.0,13175,6363.0,15964.0,11828.0,5681,39524.0,33134.0,5899.0,12498.0,168690,59452,5620.0,6130.0,17367.0,22511,18276.0,13001.0,10644.0,45209.0
17169,156549.0,25028,1497,29189.0,136588.0,23095.0,29192.0,56337.0,18081.0,5213.0,281937.0,25674.0,18206,10486.0,1298.0,19790.0,13014.0,5887.0,11256.0,13738.0,17935.0,12523,6347.0,15308.0,11513.0,5651,39875.0,32100.0,5876.0,12141.0,173071,59643,5319.0,6088.0,16454.0,22385,17617.0,12918.0,10270.0,45370.0
17150,156073.0,25700,1474,29189.0,137700.0,23609.0,29172.0,56556.0,18095.0,5365.0,288547.0,25860.0,18628,10275.0,1302.0,20672.0,13205.0,5900.0,11293.0,13957.0,18212.0,12791,6480.0,15500.0,11578.0,5515,39889.0,32031.0,5735.0,12161.0,175497,60599,5342.0,6280.0,16501.0,23252,17844.0,12883.0,10432.0,45675.0
17227,156000.0,25306,1456,29286.0,138266.0,23239.0,29174.0,56498.0,18273.0,5328.0,293700.0,25975.0,18280,10296.0,1311.0,20194.0,13210.0,5906.0,11238.0,13934.0,17865.0,12431,6458.0,15570.0,11571.0,5490,39560.0,32245.0,5722.0,12100.0,176327,59856,5345.0,6182.0,16216.0,21450,17808.0,12955.0,10484.0,45332.0
17086,156200.0,24031,1463,29421.0,138350.0,22083.0,28925.0,56646.0,17551.0,5317.0,295146.0,25775.0,18004,10178.0,1291.0,19955.0,13174.0,5936.0,11150.0,13861.0,17464.0,12207,6147.0,15778.0,11600.0,5383,39057.0,31832.0,5615.0,12159.0,168283,57203,5322.0,5967.0,16205.0,20982,17856.0,12947.0,10533.0,44050.0
16818,153252.0,22908,1458,27949.0,136884.0,21100.0,28284.0,54562.0,17068.0,5289.0,291304.0,25514.0,18021,10008.0,1258.0,19967.0,12876.0,5768.0,10856.0,13541.0,16891.0,11789,5892.0,15691.0,11543.0,5210,37900.0,30758.0,5424.0,11760.0,161576,55135,5216.0,5579.0,15821.0,20489,17550.0,12837.0,10292.0,42558.0
16818,153252.0,22908,1458,27949.0,136884.0,21100.0,28284.0,54562.0,17068.0,5289.0,291304.0,25514.0,18021,10008.0,1258.0,19967.0,12876.0,5768.0,10856.0,13541.0,16891.0,11789,5892.0,15691.0,11543.0,5210,37900.0,30758.0,5424.0,11760.0,161576,55135,5216.0,5579.0,15821.0,20489,17550.0,12837.0,10292.0,42558.0
